uuid,image_url,taxon_id,common_name,image_path
4638cfa1-79cb-4f38-8898-a5932ce39a29,https://inaturalist-open-data.s3.amazonaws.com/photos/73436/medium.jpg,473,American Coot,data/new_raw/images/4638cfa1-79cb-4f38-8898-a5932ce39a29.jpg
9f914e0d-d3ed-4310-b1b3-8b5338b5aee6,https://inaturalist-open-data.s3.amazonaws.com/photos/73437/medium.jpg,6996,Red-breasted Merganser,data/new_raw/images/9f914e0d-d3ed-4310-b1b3-8b5338b5aee6.jpg
d95d10c9-0d6c-42a0-8e93-cfc6b18468ac,https://inaturalist-open-data.s3.amazonaws.com/photos/73438/medium.jpg,6996,Red-breasted Merganser,data/new_raw/images/d95d10c9-0d6c-42a0-8e93-cfc6b18468ac.jpg
cdd1349e-d74e-4d45-a869-d57ff2cce3aa,https://inaturalist-open-data.s3.amazonaws.com/photos/73440/medium.jpg,7089,Canada Goose,data/new_raw/images/cdd1349e-d74e-4d45-a869-d57ff2cce3aa.jpg
acca2776-190a-42f2-817e-264e057e5188,https://inaturalist-open-data.s3.amazonaws.com/photos/73441/medium.jpg,6996,Red-breasted Merganser,data/new_raw/images/acca2776-190a-42f2-817e-264e057e5188.jpg
15f61faf-d10c-4e28-8265-fe45eb1e8dee,https://inaturalist-open-data.s3.amazonaws.com/photos/73446/medium.jpg,1578489,American Herring Gull,data/new_raw/images/15f61faf-d10c-4e28-8265-fe45eb1e8dee.jpg
68150825-a1a0-4ad9-9aa1-274dd6e6f85b,https://inaturalist-open-data.s3.amazonaws.com/photos/73471/medium.jpg,7089,Canada Goose,data/new_raw/images/68150825-a1a0-4ad9-9aa1-274dd6e6f85b.jpg
0a795e6e-62ef-42c8-9503-3624e335fa65,https://inaturalist-open-data.s3.amazonaws.com/photos/74527/medium.jpg,122767,Feral Pigeon,data/new_raw/images/0a795e6e-62ef-42c8-9503-3624e335fa65.jpg
af349d8d-9876-42eb-8f9f-209a1adc3035,https://inaturalist-open-data.s3.amazonaws.com/photos/74531/medium.jpg,7089,Canada Goose,data/new_raw/images/af349d8d-9876-42eb-8f9f-209a1adc3035.jpg
de160a91-d202-499e-8a5c-00f3a798ce47,https://static.inaturalist.org/photos/133172/medium.jpg,14850,European Starling,data/new_raw/images/de160a91-d202-499e-8a5c-00f3a798ce47.jpg
e51fb6eb-f4a8-47ea-9832-6923096bd791,https://static.inaturalist.org/photos/133173/medium.jpg,14850,European Starling,data/new_raw/images/e51fb6eb-f4a8-47ea-9832-6923096bd791.jpg
34baa8ef-7f67-456e-ac2e-8fdfe60a390a,https://static.inaturalist.org/photos/133174/medium.jpg,14850,European Starling,data/new_raw/images/34baa8ef-7f67-456e-ac2e-8fdfe60a390a.jpg
9dbf7f01-46ff-4778-8f1d-109e9cd662b9,https://inaturalist-open-data.s3.amazonaws.com/photos/139502/medium.jpg,43111,Eastern Cottontail,data/new_raw/images/9dbf7f01-46ff-4778-8f1d-109e9cd662b9.jpg
434ee811-f734-4896-864d-4955a312c4fc,https://inaturalist-open-data.s3.amazonaws.com/photos/168062/medium.JPG,46017,Eastern Gray Squirrel,data/new_raw/images/434ee811-f734-4896-864d-4955a312c4fc.jpg
ddaa00fd-e822-4cfd-9484-bcd978ba2f9a,https://inaturalist-open-data.s3.amazonaws.com/photos/168066/medium.JPG,13858,House Sparrow,data/new_raw/images/ddaa00fd-e822-4cfd-9484-bcd978ba2f9a.jpg
e223e900-4bf2-4b9d-bb9b-6860ebe258fc,https://inaturalist-open-data.s3.amazonaws.com/photos/173835/medium.jpg,4956,Great Blue Heron,data/new_raw/images/e223e900-4bf2-4b9d-bb9b-6860ebe258fc.jpg
cb62fb64-47d3-4630-9644-76c50093e6a2,https://inaturalist-open-data.s3.amazonaws.com/photos/220349/medium.jpg,19349,Monk Parakeet,data/new_raw/images/cb62fb64-47d3-4630-9644-76c50093e6a2.jpg
d489548d-026d-4446-9ff2-e6284251c674,https://inaturalist-open-data.s3.amazonaws.com/photos/220683/medium.jpg,792988,Downy Woodpecker,data/new_raw/images/d489548d-026d-4446-9ff2-e6284251c674.jpg
febfc7af-7d39-47dc-903d-5afd2e1d090a,https://inaturalist-open-data.s3.amazonaws.com/photos/266131/medium.jpg,7089,Canada Goose,data/new_raw/images/febfc7af-7d39-47dc-903d-5afd2e1d090a.jpg
5b11882e-c322-4461-8b46-3e430973b924,https://inaturalist-open-data.s3.amazonaws.com/photos/266133/medium.jpg,43111,Eastern Cottontail,data/new_raw/images/5b11882e-c322-4461-8b46-3e430973b924.jpg
edad851f-ec66-45a3-a9e3-3885296fbcaf,https://inaturalist-open-data.s3.amazonaws.com/photos/279840/medium.jpg,3936,American Woodcock,data/new_raw/images/edad851f-ec66-45a3-a9e3-3885296fbcaf.jpg
a7b2b520-9ded-463e-a33a-c2dc01ef2911,https://inaturalist-open-data.s3.amazonaws.com/photos/303015/medium.jpg,473,American Coot,data/new_raw/images/a7b2b520-9ded-463e-a33a-c2dc01ef2911.jpg
93863fc7-4fcd-4ad2-9e9c-a3c5d995a2d6,https://inaturalist-open-data.s3.amazonaws.com/photos/314457/medium.jpg,7089,Canada Goose,data/new_raw/images/93863fc7-4fcd-4ad2-9e9c-a3c5d995a2d6.jpg
e56447cb-2c7c-4777-9c4e-9c84dff65dd8,https://inaturalist-open-data.s3.amazonaws.com/photos/350676/medium.JPG,122767,Feral Pigeon,data/new_raw/images/e56447cb-2c7c-4777-9c4e-9c84dff65dd8.jpg
9f7e48b1-3c04-426e-9bf6-6cb37ef38a1e,https://inaturalist-open-data.s3.amazonaws.com/photos/350677/medium.JPG,122767,Feral Pigeon,data/new_raw/images/9f7e48b1-3c04-426e-9bf6-6cb37ef38a1e.jpg
4fc9d7d9-d6c1-4614-ad5f-a416f9618deb,https://inaturalist-open-data.s3.amazonaws.com/photos/350678/medium.JPG,43111,Eastern Cottontail,data/new_raw/images/4fc9d7d9-d6c1-4614-ad5f-a416f9618deb.jpg
7b900711-b3af-4077-bdc3-5546c016737b,https://inaturalist-open-data.s3.amazonaws.com/photos/351792/medium.JPG,4364,Ring-billed Gull,data/new_raw/images/7b900711-b3af-4077-bdc3-5546c016737b.jpg
19d44dcb-0b17-4f89-aea8-7958f73d05ba,https://inaturalist-open-data.s3.amazonaws.com/photos/351803/medium.JPG,9083,Northern Cardinal,data/new_raw/images/19d44dcb-0b17-4f89-aea8-7958f73d05ba.jpg
6cb4c0cd-e511-4400-a0ba-29a0f70dd0a1,https://inaturalist-open-data.s3.amazonaws.com/photos/447657/medium.JPG,4793,Killdeer,data/new_raw/images/6cb4c0cd-e511-4400-a0ba-29a0f70dd0a1.jpg
808bf3ad-ce0b-4537-a6c4-b8809e0bcf7c,https://inaturalist-open-data.s3.amazonaws.com/photos/451781/medium.jpg,4981,Black-crowned Night Heron,data/new_raw/images/808bf3ad-ce0b-4537-a6c4-b8809e0bcf7c.jpg
ba09fb7b-bfa2-438e-8a59-831f9cd27afc,https://inaturalist-open-data.s3.amazonaws.com/photos/451933/medium.jpg,145310,American Goldfinch,data/new_raw/images/ba09fb7b-bfa2-438e-8a59-831f9cd27afc.jpg
6772d781-5a91-4197-9749-1d061753e156,https://inaturalist-open-data.s3.amazonaws.com/photos/489569/medium.JPG,122767,Feral Pigeon,data/new_raw/images/6772d781-5a91-4197-9749-1d061753e156.jpg
5fb3ecc5-416b-4a40-aa02-db2a78773e0c,https://inaturalist-open-data.s3.amazonaws.com/photos/491675/medium.JPG,43111,Eastern Cottontail,data/new_raw/images/5fb3ecc5-416b-4a40-aa02-db2a78773e0c.jpg
75e19764-6b7a-4c4c-b71b-3feb4d514d29,https://inaturalist-open-data.s3.amazonaws.com/photos/491677/medium.JPG,46017,Eastern Gray Squirrel,data/new_raw/images/75e19764-6b7a-4c4c-b71b-3feb4d514d29.jpg
bb20e8c6-5035-4cb8-bef1-43889a4a6220,https://inaturalist-open-data.s3.amazonaws.com/photos/491678/medium.JPG,7107,Wood Duck,data/new_raw/images/bb20e8c6-5035-4cb8-bef1-43889a4a6220.jpg
bc256c37-5aed-4789-8263-46013d6f9a57,https://inaturalist-open-data.s3.amazonaws.com/photos/491679/medium.JPG,6930,Mallard,data/new_raw/images/bc256c37-5aed-4789-8263-46013d6f9a57.jpg
56b979f7-f560-493b-a423-0d3122d5e7cb,https://inaturalist-open-data.s3.amazonaws.com/photos/495964/medium.jpg,43111,Eastern Cottontail,data/new_raw/images/56b979f7-f560-493b-a423-0d3122d5e7cb.jpg
25c68a05-1146-48f3-a2ff-e7608f0c896d,https://static.inaturalist.org/photos/496984/medium.jpg,6930,Mallard,data/new_raw/images/25c68a05-1146-48f3-a2ff-e7608f0c896d.jpg
9f28e8e9-1eb5-4a0a-9066-e6bd87dc2ff6,https://static.inaturalist.org/photos/497146/medium.jpg,3,Birds,data/new_raw/images/9f28e8e9-1eb5-4a0a-9066-e6bd87dc2ff6.jpg
dc8abea6-7ef1-43aa-b6ac-760f89a5f3cc,https://inaturalist-open-data.s3.amazonaws.com/photos/497297/medium.jpg,43698,Rodents,data/new_raw/images/dc8abea6-7ef1-43aa-b6ac-760f89a5f3cc.jpg
91eb8558-ec8a-403c-86a8-98de04fa1a80,https://inaturalist-open-data.s3.amazonaws.com/photos/497298/medium.jpg,43698,Rodents,data/new_raw/images/91eb8558-ec8a-403c-86a8-98de04fa1a80.jpg
1c6f295f-8ae5-461a-b9cc-5525581ecdce,https://inaturalist-open-data.s3.amazonaws.com/photos/497308/medium.jpg,42223,White-tailed Deer,data/new_raw/images/1c6f295f-8ae5-461a-b9cc-5525581ecdce.jpg
b11662cc-9a52-4a2b-800d-4bd947d06578,https://inaturalist-open-data.s3.amazonaws.com/photos/497309/medium.jpg,42223,White-tailed Deer,data/new_raw/images/b11662cc-9a52-4a2b-800d-4bd947d06578.jpg
2abd58ed-10e2-43ec-83e1-b8a794879028,https://inaturalist-open-data.s3.amazonaws.com/photos/497320/medium.jpg,46217,Eastern Chipmunk,data/new_raw/images/2abd58ed-10e2-43ec-83e1-b8a794879028.jpg
7bee9663-4829-4a60-b34c-7d5c1bbdc691,https://inaturalist-open-data.s3.amazonaws.com/photos/497330/medium.jpg,41663,Common Raccoon,data/new_raw/images/7bee9663-4829-4a60-b34c-7d5c1bbdc691.jpg
b7a24c3d-c662-432f-8ab6-43b210fc2878,https://inaturalist-open-data.s3.amazonaws.com/photos/498023/medium.jpg,18205,Red-bellied Woodpecker,data/new_raw/images/b7a24c3d-c662-432f-8ab6-43b210fc2878.jpg
b94c500d-7a63-420d-b4f8-e5ba598fa0c7,https://inaturalist-open-data.s3.amazonaws.com/photos/498019/medium.JPG,46217,Eastern Chipmunk,data/new_raw/images/b94c500d-7a63-420d-b4f8-e5ba598fa0c7.jpg
4d1e20c2-b915-46c7-a0d3-a8fc06beda5c,https://inaturalist-open-data.s3.amazonaws.com/photos/498015/medium.jpg,12727,American Robin,data/new_raw/images/4d1e20c2-b915-46c7-a0d3-a8fc06beda5c.jpg
2c3fd739-1aac-4b0c-86fa-5f8d1419facd,https://static.inaturalist.org/photos/498183/medium.jpg,42051,Coyote,data/new_raw/images/2c3fd739-1aac-4b0c-86fa-5f8d1419facd.jpg
2ed9870f-f4c7-4187-9213-47b7407f448b,https://static.inaturalist.org/photos/498187/medium.jpg,41663,Common Raccoon,data/new_raw/images/2ed9870f-f4c7-4187-9213-47b7407f448b.jpg
f18bb7c9-55a6-49a8-843d-30056560dc3b,https://static.inaturalist.org/photos/501383/medium.jpg,43698,Rodents,data/new_raw/images/f18bb7c9-55a6-49a8-843d-30056560dc3b.jpg
10a75bda-2e83-4d0d-9f14-63eb1ddc9c77,https://inaturalist-open-data.s3.amazonaws.com/photos/498209/medium.jpg,42223,White-tailed Deer,data/new_raw/images/10a75bda-2e83-4d0d-9f14-63eb1ddc9c77.jpg
42567a68-b198-4b44-861d-db37847a1534,https://inaturalist-open-data.s3.amazonaws.com/photos/498875/medium.JPG,42051,Coyote,data/new_raw/images/42567a68-b198-4b44-861d-db37847a1534.jpg
798804ff-0726-429d-abf9-2398ff2ebe22,https://inaturalist-open-data.s3.amazonaws.com/photos/500973/medium.jpg,40629,Silver-haired Bat,data/new_raw/images/798804ff-0726-429d-abf9-2398ff2ebe22.jpg
7c82589b-bbf3-4fed-ac01-5b87cc9c56e2,https://inaturalist-open-data.s3.amazonaws.com/photos/518669/medium.jpg,3454,Mourning Dove,data/new_raw/images/7c82589b-bbf3-4fed-ac01-5b87cc9c56e2.jpg
c93fb78d-f35f-4b22-9c58-b7e0d48611e9,https://inaturalist-open-data.s3.amazonaws.com/photos/593082/medium.jpg,46017,Eastern Gray Squirrel,data/new_raw/images/c93fb78d-f35f-4b22-9c58-b7e0d48611e9.jpg
24ba9426-9927-467a-b5f9-8fa6d64f3ef0,https://inaturalist-open-data.s3.amazonaws.com/photos/593263/medium.JPG,1579017,Cooper's Hawk,data/new_raw/images/24ba9426-9927-467a-b5f9-8fa6d64f3ef0.jpg
06dae6c0-cfae-48d1-9b16-4fb2030da2d4,https://inaturalist-open-data.s3.amazonaws.com/photos/593247/medium.jpg,122767,Feral Pigeon,data/new_raw/images/06dae6c0-cfae-48d1-9b16-4fb2030da2d4.jpg
1885a871-2b40-4e73-bf5e-9d9214a4e5f9,https://inaturalist-open-data.s3.amazonaws.com/photos/612452/medium.jpg,144594,Snowy Owl,data/new_raw/images/1885a871-2b40-4e73-bf5e-9d9214a4e5f9.jpg
8a40a413-f7ef-4c7b-8b31-d09f254c3a75,https://inaturalist-open-data.s3.amazonaws.com/photos/612453/medium.jpg,46017,Eastern Gray Squirrel,data/new_raw/images/8a40a413-f7ef-4c7b-8b31-d09f254c3a75.jpg
51aa5feb-a4cd-440d-986f-99db7cf3e5c7,https://inaturalist-open-data.s3.amazonaws.com/photos/635716/medium.jpg,46017,Eastern Gray Squirrel,data/new_raw/images/51aa5feb-a4cd-440d-986f-99db7cf3e5c7.jpg
85d60040-0046-4b2a-a186-0db19121ed07,https://inaturalist-open-data.s3.amazonaws.com/photos/635717/medium.jpg,9083,Northern Cardinal,data/new_raw/images/85d60040-0046-4b2a-a186-0db19121ed07.jpg
980ed765-0fa6-4735-8fed-24fe071db110,https://inaturalist-open-data.s3.amazonaws.com/photos/635718/medium.jpg,7089,Canada Goose,data/new_raw/images/980ed765-0fa6-4735-8fed-24fe071db110.jpg
0b2717e1-2f7a-44e1-8e71-701b553720b3,https://inaturalist-open-data.s3.amazonaws.com/photos/635719/medium.jpg,8021,American Crow,data/new_raw/images/0b2717e1-2f7a-44e1-8e71-701b553720b3.jpg
4c1cdf36-7d1c-4d1d-8fdc-6c60bb5bdf74,https://inaturalist-open-data.s3.amazonaws.com/photos/691039/medium.jpg,3,Birds,data/new_raw/images/4c1cdf36-7d1c-4d1d-8fdc-6c60bb5bdf74.jpg
9d772036-1929-4a77-ab9f-3ed5891283ec,https://inaturalist-open-data.s3.amazonaws.com/photos/706314/medium.jpg,5212,Red-tailed Hawk,data/new_raw/images/9d772036-1929-4a77-ab9f-3ed5891283ec.jpg
307366e0-955f-4c5b-a981-88b28907dbda,https://inaturalist-open-data.s3.amazonaws.com/photos/706313/medium.jpg,9083,Northern Cardinal,data/new_raw/images/307366e0-955f-4c5b-a981-88b28907dbda.jpg
f69aa311-81b8-4680-8c6e-e4d4084fd91a,https://inaturalist-open-data.s3.amazonaws.com/photos/716720/medium.jpg,46017,Eastern Gray Squirrel,data/new_raw/images/f69aa311-81b8-4680-8c6e-e4d4084fd91a.jpg
bf8da1fb-5f82-4342-aa4e-e459228d421e,https://inaturalist-open-data.s3.amazonaws.com/photos/731547/medium.jpg,4364,Ring-billed Gull,data/new_raw/images/bf8da1fb-5f82-4342-aa4e-e459228d421e.jpg
e86e5e7d-8862-4312-b941-0711db9b1c8b,https://inaturalist-open-data.s3.amazonaws.com/photos/736110/medium.jpg,1431621,Western Meadow Vole,data/new_raw/images/e86e5e7d-8862-4312-b941-0711db9b1c8b.jpg
3214969e-6ad9-4bcf-9bf2-ade702747096,https://inaturalist-open-data.s3.amazonaws.com/photos/747447/medium.jpg,473,American Coot,data/new_raw/images/3214969e-6ad9-4bcf-9bf2-ade702747096.jpg
f49912c4-0552-4fc9-acaf-40154a107ae4,https://inaturalist-open-data.s3.amazonaws.com/photos/747450/medium.jpg,6996,Red-breasted Merganser,data/new_raw/images/f49912c4-0552-4fc9-acaf-40154a107ae4.jpg
97364752-b6eb-49a5-9bb0-ae7c9557e2af,https://inaturalist-open-data.s3.amazonaws.com/photos/786028/medium.jpg,6930,Mallard,data/new_raw/images/97364752-b6eb-49a5-9bb0-ae7c9557e2af.jpg
708c88bf-17b6-4bb2-8092-46552ba86d75,https://inaturalist-open-data.s3.amazonaws.com/photos/860747/medium.jpg,42223,White-tailed Deer,data/new_raw/images/708c88bf-17b6-4bb2-8092-46552ba86d75.jpg
0762e685-0a1b-4461-902b-ea0f0cad4620,https://inaturalist-open-data.s3.amazonaws.com/photos/860748/medium.jpg,9921,Scarlet Tanager,data/new_raw/images/0762e685-0a1b-4461-902b-ea0f0cad4620.jpg
aa7a9719-0d5a-4035-9723-09fb45f2afda,https://inaturalist-open-data.s3.amazonaws.com/photos/891990/medium.JPG,42223,White-tailed Deer,data/new_raw/images/aa7a9719-0d5a-4035-9723-09fb45f2afda.jpg
7371f801-bf3b-41a5-b296-8cd9bcc3e631,https://inaturalist-open-data.s3.amazonaws.com/photos/900573/medium.jpg,4937,Little Blue Heron,data/new_raw/images/7371f801-bf3b-41a5-b296-8cd9bcc3e631.jpg
a468f9dc-6bae-4fab-844a-e33ffa6b2508,https://inaturalist-open-data.s3.amazonaws.com/photos/963797/medium.jpg,7089,Canada Goose,data/new_raw/images/a468f9dc-6bae-4fab-844a-e33ffa6b2508.jpg
8b214379-8002-4c38-8c00-df801bc047de,https://inaturalist-open-data.s3.amazonaws.com/photos/963798/medium.jpg,11901,Barn Swallow,data/new_raw/images/8b214379-8002-4c38-8c00-df801bc047de.jpg
2ebc0a69-f103-4c2e-9bc3-a95b75a922dd,https://inaturalist-open-data.s3.amazonaws.com/photos/963799/medium.jpg,4364,Ring-billed Gull,data/new_raw/images/2ebc0a69-f103-4c2e-9bc3-a95b75a922dd.jpg
17efa211-67ce-4787-8869-2e035ee81b28,https://inaturalist-open-data.s3.amazonaws.com/photos/967390/medium.JPG,7089,Canada Goose,data/new_raw/images/17efa211-67ce-4787-8869-2e035ee81b28.jpg
c928077a-71eb-4711-aee6-c25e3e9a7ec0,https://inaturalist-open-data.s3.amazonaws.com/photos/1140464/medium.jpg,19349,Monk Parakeet,data/new_raw/images/c928077a-71eb-4711-aee6-c25e3e9a7ec0.jpg
155ae4fb-83e8-49c2-960d-3a79d3484a92,https://inaturalist-open-data.s3.amazonaws.com/photos/1298480/medium.jpg,19349,Monk Parakeet,data/new_raw/images/155ae4fb-83e8-49c2-960d-3a79d3484a92.jpg
d66fe1c6-d997-40ff-bd54-4968786f11dc,https://inaturalist-open-data.s3.amazonaws.com/photos/1358493/medium.JPG,7089,Canada Goose,data/new_raw/images/d66fe1c6-d997-40ff-bd54-4968786f11dc.jpg
29ef4f37-250a-44d4-89bb-0064f7454c7f,https://inaturalist-open-data.s3.amazonaws.com/photos/1366946/medium.jpg,9156,Fox Sparrow,data/new_raw/images/29ef4f37-250a-44d4-89bb-0064f7454c7f.jpg
75024da5-32d6-4bb8-a430-3b6fd303d8cb,https://inaturalist-open-data.s3.amazonaws.com/photos/1456511/medium.JPG,6930,Mallard,data/new_raw/images/75024da5-32d6-4bb8-a430-3b6fd303d8cb.jpg
0eb5428c-bb78-44d0-83b4-6f6aeb30b6f3,https://inaturalist-open-data.s3.amazonaws.com/photos/1477059/medium.JPG,18205,Red-bellied Woodpecker,data/new_raw/images/0eb5428c-bb78-44d0-83b4-6f6aeb30b6f3.jpg
31005049-1322-4f45-8910-d17f907af652,https://inaturalist-open-data.s3.amazonaws.com/photos/1477064/medium.JPG,10094,Dark-eyed Junco,data/new_raw/images/31005049-1322-4f45-8910-d17f907af652.jpg
76163e9f-3488-4272-82de-8ac95a44fe34,https://inaturalist-open-data.s3.amazonaws.com/photos/1505662/medium.JPG,13858,House Sparrow,data/new_raw/images/76163e9f-3488-4272-82de-8ac95a44fe34.jpg
5ac7f89b-9b1a-43fd-8763-733325085d52,https://inaturalist-open-data.s3.amazonaws.com/photos/1505664/medium.JPG,122767,Feral Pigeon,data/new_raw/images/5ac7f89b-9b1a-43fd-8763-733325085d52.jpg
c18799d5-a625-41d1-b38e-fdffab2ed730,https://inaturalist-open-data.s3.amazonaws.com/photos/1506629/medium.JPG,43111,Eastern Cottontail,data/new_raw/images/c18799d5-a625-41d1-b38e-fdffab2ed730.jpg
05be6bcf-20e0-46c2-af17-a26311c578be,https://inaturalist-open-data.s3.amazonaws.com/photos/1534263/medium.JPG,14850,European Starling,data/new_raw/images/05be6bcf-20e0-46c2-af17-a26311c578be.jpg
8f591e1b-69fe-4c1c-9eb6-fc04e5ae4fba,https://inaturalist-open-data.s3.amazonaws.com/photos/1534267/medium.JPG,9083,Northern Cardinal,data/new_raw/images/8f591e1b-69fe-4c1c-9eb6-fc04e5ae4fba.jpg
c77f5331-8330-4547-a5f7-f70725a9c6f4,https://inaturalist-open-data.s3.amazonaws.com/photos/1534274/medium.JPG,47144,Domestic Dog,data/new_raw/images/c77f5331-8330-4547-a5f7-f70725a9c6f4.jpg
fcea8916-2932-48d5-b9fd-c2ac8497a8b2,https://inaturalist-open-data.s3.amazonaws.com/photos/1540493/medium.jpg,40151,Mammals,data/new_raw/images/fcea8916-2932-48d5-b9fd-c2ac8497a8b2.jpg
5818633e-2e51-440d-bc92-8df566b47859,https://inaturalist-open-data.s3.amazonaws.com/photos/1554197/medium.JPG,10094,Dark-eyed Junco,data/new_raw/images/5818633e-2e51-440d-bc92-8df566b47859.jpg
af923dd9-b9f7-4944-bdde-29926a3c28a2,https://inaturalist-open-data.s3.amazonaws.com/photos/1553440/medium.JPG,144815,Black-capped Chickadee,data/new_raw/images/af923dd9-b9f7-4944-bdde-29926a3c28a2.jpg
a19a8169-271b-48d6-a18d-3f15bf37a81c,https://inaturalist-open-data.s3.amazonaws.com/photos/1569004/medium.jpg,4647,Peregrine Falcon,data/new_raw/images/a19a8169-271b-48d6-a18d-3f15bf37a81c.jpg
dc498ce0-3655-4b35-9123-d5f3b5b23685,https://inaturalist-open-data.s3.amazonaws.com/photos/1580559/medium.JPG,8021,American Crow,data/new_raw/images/dc498ce0-3655-4b35-9123-d5f3b5b23685.jpg
7a298540-7316-4e8e-b414-8532e67a175f,https://inaturalist-open-data.s3.amazonaws.com/photos/1584957/medium.JPG,12727,American Robin,data/new_raw/images/7a298540-7316-4e8e-b414-8532e67a175f.jpg
fa75cdb9-cd9b-4530-beb3-a7b1c1078349,https://inaturalist-open-data.s3.amazonaws.com/photos/1584960/medium.JPG,792988,Downy Woodpecker,data/new_raw/images/fa75cdb9-cd9b-4530-beb3-a7b1c1078349.jpg
d97911dd-08a0-4689-aad3-74fadd9c7f0b,https://inaturalist-open-data.s3.amazonaws.com/photos/1588200/medium.JPG,1579017,Cooper's Hawk,data/new_raw/images/d97911dd-08a0-4689-aad3-74fadd9c7f0b.jpg
ecc49e29-2848-48b3-8e1c-60c67b1e8958,https://inaturalist-open-data.s3.amazonaws.com/photos/1613004/medium.JPG,7004,Common Merganser,data/new_raw/images/ecc49e29-2848-48b3-8e1c-60c67b1e8958.jpg
d1965e37-fb49-48cc-9b7a-37bb857d68de,https://inaturalist-open-data.s3.amazonaws.com/photos/1620701/medium.JPG,5212,Red-tailed Hawk,data/new_raw/images/d1965e37-fb49-48cc-9b7a-37bb857d68de.jpg
0b2e0a70-07f3-41da-a7ce-42439d345641,https://inaturalist-open-data.s3.amazonaws.com/photos/1620702/medium.JPG,46217,Eastern Chipmunk,data/new_raw/images/0b2e0a70-07f3-41da-a7ce-42439d345641.jpg
6686e805-1311-4170-bdb2-903ad0949b1a,https://inaturalist-open-data.s3.amazonaws.com/photos/1620704/medium.JPG,792988,Downy Woodpecker,data/new_raw/images/6686e805-1311-4170-bdb2-903ad0949b1a.jpg
63a50cd5-20d9-440c-85ce-12a5141c56b5,https://inaturalist-open-data.s3.amazonaws.com/photos/1620707/medium.JPG,7089,Canada Goose,data/new_raw/images/63a50cd5-20d9-440c-85ce-12a5141c56b5.jpg
20881920-d740-4658-af6b-aad7eee40ffa,https://inaturalist-open-data.s3.amazonaws.com/photos/1620715/medium.JPG,6930,Mallard,data/new_raw/images/20881920-d740-4658-af6b-aad7eee40ffa.jpg
946bfac1-011c-4bb9-b9ee-b5d42c92b43e,https://inaturalist-open-data.s3.amazonaws.com/photos/1660669/medium.jpg,4364,Ring-billed Gull,data/new_raw/images/946bfac1-011c-4bb9-b9ee-b5d42c92b43e.jpg
95e1a491-8587-4733-bd54-813e387225a6,https://inaturalist-open-data.s3.amazonaws.com/photos/1664798/medium.JPG,42223,White-tailed Deer,data/new_raw/images/95e1a491-8587-4733-bd54-813e387225a6.jpg
e7ad30ab-669d-4400-ba97-0c8bec58ac6b,https://inaturalist-open-data.s3.amazonaws.com/photos/1682234/medium.JPG,10094,Dark-eyed Junco,data/new_raw/images/e7ad30ab-669d-4400-ba97-0c8bec58ac6b.jpg
c6b35f18-5904-40e8-be7f-943d0eafb3c0,https://inaturalist-open-data.s3.amazonaws.com/photos/1682235/medium.JPG,9100,Song Sparrow,data/new_raw/images/c6b35f18-5904-40e8-be7f-943d0eafb3c0.jpg
580491c9-3486-4aed-adc7-ba2c7182fabc,https://static.inaturalist.org/photos/1720342/medium.jpg,7089,Canada Goose,data/new_raw/images/580491c9-3486-4aed-adc7-ba2c7182fabc.jpg
7fb7f0a8-4192-460a-8e22-f10b76049206,https://static.inaturalist.org/photos/1720345/medium.jpg,6930,Mallard,data/new_raw/images/7fb7f0a8-4192-460a-8e22-f10b76049206.jpg
87fb99c9-4237-4c1d-a1cb-7724facce45e,https://static.inaturalist.org/photos/1720346/medium.jpg,9744,Red-winged Blackbird,data/new_raw/images/87fb99c9-4237-4c1d-a1cb-7724facce45e.jpg
9f7925fc-5e99-4774-bcf6-6ac1d715f4f5,https://static.inaturalist.org/photos/1720349/medium.jpg,18236,Northern Flicker,data/new_raw/images/9f7925fc-5e99-4774-bcf6-6ac1d715f4f5.jpg
ba92990f-0c58-416b-b27b-a84a10c89299,https://static.inaturalist.org/photos/1720355/medium.jpg,4364,Ring-billed Gull,data/new_raw/images/ba92990f-0c58-416b-b27b-a84a10c89299.jpg
1889fa3a-9f6b-4574-8b82-610f276cbdbc,https://static.inaturalist.org/photos/1720359/medium.jpg,7089,Canada Goose,data/new_raw/images/1889fa3a-9f6b-4574-8b82-610f276cbdbc.jpg
8e0b0d8e-e319-4ae9-9a2c-a9f6089638a0,https://static.inaturalist.org/photos/1720362/medium.jpg,12727,American Robin,data/new_raw/images/8e0b0d8e-e319-4ae9-9a2c-a9f6089638a0.jpg
022c5f43-cc9d-4e63-a416-e1f3cde9f9c2,https://static.inaturalist.org/photos/1720364/medium.jpg,7458,Brown Creeper,data/new_raw/images/022c5f43-cc9d-4e63-a416-e1f3cde9f9c2.jpg
05310dd3-9117-4341-9c67-a2a53d340212,https://static.inaturalist.org/photos/1720370/medium.jpg,10094,Dark-eyed Junco,data/new_raw/images/05310dd3-9117-4341-9c67-a2a53d340212.jpg
7be84b46-8223-4f7b-8851-2ccc528e18c4,https://static.inaturalist.org/photos/1720372/medium.jpg,6996,Red-breasted Merganser,data/new_raw/images/7be84b46-8223-4f7b-8851-2ccc528e18c4.jpg
c1def53d-7eb8-4e44-8b12-9350e3c3d0fa,https://inaturalist-open-data.s3.amazonaws.com/photos/1726393/medium.JPG,18463,Yellow-bellied Sapsucker,data/new_raw/images/c1def53d-7eb8-4e44-8b12-9350e3c3d0fa.jpg
b48b9071-5521-4259-9b90-35b22a69ecd7,https://inaturalist-open-data.s3.amazonaws.com/photos/1730345/medium.png,46095,Groundhog,data/new_raw/images/b48b9071-5521-4259-9b90-35b22a69ecd7.jpg
bf4c100a-73e2-4f00-adb8-c99fc79e7316,https://static.inaturalist.org/photos/1746568/medium.jpg,42223,White-tailed Deer,data/new_raw/images/bf4c100a-73e2-4f00-adb8-c99fc79e7316.jpg
bb9f58c6-45b8-4755-9acb-5a802dd00c09,https://inaturalist-open-data.s3.amazonaws.com/photos/1737763/medium.jpg,43111,Eastern Cottontail,data/new_raw/images/bb9f58c6-45b8-4755-9acb-5a802dd00c09.jpg
2fbb5c23-3eca-4925-85ee-8274c53e7dd8,https://static.inaturalist.org/photos/1746569/medium.jpg,40151,Mammals,data/new_raw/images/2fbb5c23-3eca-4925-85ee-8274c53e7dd8.jpg
eaff2812-4b78-4695-ac04-d0242b48c10f,https://static.inaturalist.org/photos/1746571/medium.jpg,41573,Carnivorans,data/new_raw/images/eaff2812-4b78-4695-ac04-d0242b48c10f.jpg
c37c1dae-6215-460c-898d-500db030439b,https://inaturalist-open-data.s3.amazonaws.com/photos/1767333/medium.JPG,1289388,Ruby-crowned Kinglet,data/new_raw/images/c37c1dae-6215-460c-898d-500db030439b.jpg
28376c37-92cb-4fd2-8197-5ceb7749edeb,https://inaturalist-open-data.s3.amazonaws.com/photos/1779957/medium.jpg,6571,Chimney Swift,data/new_raw/images/28376c37-92cb-4fd2-8197-5ceb7749edeb.jpg
9931cf35-3c5c-429b-8c3b-600f27c788be,https://inaturalist-open-data.s3.amazonaws.com/photos/1787384/medium.JPG,17008,Eastern Phoebe,data/new_raw/images/9931cf35-3c5c-429b-8c3b-600f27c788be.jpg
61797584-2bff-4e43-b8ea-3dd7c816651f,https://inaturalist-open-data.s3.amazonaws.com/photos/1787390/medium.jpg,9135,Chipping Sparrow,data/new_raw/images/61797584-2bff-4e43-b8ea-3dd7c816651f.jpg
e2835273-a950-4d0b-8000-ddd75151c4bf,https://inaturalist-open-data.s3.amazonaws.com/photos/1789507/medium.jpg,46017,Eastern Gray Squirrel,data/new_raw/images/e2835273-a950-4d0b-8000-ddd75151c4bf.jpg
bab79484-d103-426b-99e7-8b457aefe42f,https://inaturalist-open-data.s3.amazonaws.com/photos/1806269/medium.jpg,9096,Swamp Sparrow,data/new_raw/images/bab79484-d103-426b-99e7-8b457aefe42f.jpg
fd5b0f89-cc12-4abf-859d-7983bc2895a3,https://inaturalist-open-data.s3.amazonaws.com/photos/1806268/medium.jpg,9096,Swamp Sparrow,data/new_raw/images/fd5b0f89-cc12-4abf-859d-7983bc2895a3.jpg
7e100ee3-08d1-4865-ad86-e34fe7d064e4,https://inaturalist-open-data.s3.amazonaws.com/photos/1809104/medium.JPG,199840,House Finch,data/new_raw/images/7e100ee3-08d1-4865-ad86-e34fe7d064e4.jpg
c077500e-f39c-430d-855e-6d6bd9cde5f9,https://inaturalist-open-data.s3.amazonaws.com/photos/1810021/medium.JPG,46017,Eastern Gray Squirrel,data/new_raw/images/c077500e-f39c-430d-855e-6d6bd9cde5f9.jpg
be912124-a3b1-4d57-890f-9bc1087748f0,https://inaturalist-open-data.s3.amazonaws.com/photos/1832383/medium.JPG,12727,American Robin,data/new_raw/images/be912124-a3b1-4d57-890f-9bc1087748f0.jpg
58a63975-15c0-45b7-af4c-a6255893bd7c,https://inaturalist-open-data.s3.amazonaws.com/photos/1837465/medium.jpg,7107,Wood Duck,data/new_raw/images/58a63975-15c0-45b7-af4c-a6255893bd7c.jpg
da3e7cce-9fb9-4f42-8da1-dda4b288358e,https://inaturalist-open-data.s3.amazonaws.com/photos/1837467/medium.jpg,6930,Mallard,data/new_raw/images/da3e7cce-9fb9-4f42-8da1-dda4b288358e.jpg
c55bed91-4cd4-467a-932d-2af394b1e62c,https://inaturalist-open-data.s3.amazonaws.com/photos/1859216/medium.JPG,145276,Wilson's Warbler,data/new_raw/images/c55bed91-4cd4-467a-932d-2af394b1e62c.jpg
02f11946-aa4c-4cc4-8b13-2799f5e0db92,https://inaturalist-open-data.s3.amazonaws.com/photos/1862304/medium.jpg,8229,Blue Jay,data/new_raw/images/02f11946-aa4c-4cc4-8b13-2799f5e0db92.jpg
dc9bc036-197e-46a4-a44c-4b4bf52d248e,https://inaturalist-open-data.s3.amazonaws.com/photos/1879685/medium.jpg,14850,European Starling,data/new_raw/images/dc9bc036-197e-46a4-a44c-4b4bf52d248e.jpg
083337da-a29d-4871-993e-6f099b766822,https://inaturalist-open-data.s3.amazonaws.com/photos/1902666/medium.jpg,14850,European Starling,data/new_raw/images/083337da-a29d-4871-993e-6f099b766822.jpg
ce4b2e25-a484-4618-8db6-ef1973308f23,https://static.inaturalist.org/photos/2021908/medium.JPG,4364,Ring-billed Gull,data/new_raw/images/ce4b2e25-a484-4618-8db6-ef1973308f23.jpg
4fe11e9f-98f3-4554-9042-d7a3c2a81ac6,https://inaturalist-open-data.s3.amazonaws.com/photos/2066074/medium.jpg,505478,Domestic Chicken,data/new_raw/images/4fe11e9f-98f3-4554-9042-d7a3c2a81ac6.jpg
e1fbe902-c689-4fb9-bfa1-181761085404,https://inaturalist-open-data.s3.amazonaws.com/photos/2066076/medium.jpg,42051,Coyote,data/new_raw/images/e1fbe902-c689-4fb9-bfa1-181761085404.jpg
2c71c755-aa56-4853-a01f-bf479ef16d98,https://static.inaturalist.org/photos/2116906/medium.JPG,46217,Eastern Chipmunk,data/new_raw/images/2c71c755-aa56-4853-a01f-bf479ef16d98.jpg
079c9731-2b7d-467e-a545-f574f35c8432,https://static.inaturalist.org/photos/2116961/medium.JPG,43111,Eastern Cottontail,data/new_raw/images/079c9731-2b7d-467e-a545-f574f35c8432.jpg
1d50639b-d8e4-4c26-8f66-b3e260ca90ab,https://inaturalist-open-data.s3.amazonaws.com/photos/2135342/medium.JPG,5020,Green Heron,data/new_raw/images/1d50639b-d8e4-4c26-8f66-b3e260ca90ab.jpg
d5b4a1d2-c368-4fec-8d9c-516ad418d0d8,https://inaturalist-open-data.s3.amazonaws.com/photos/2135490/medium.JPG,7107,Wood Duck,data/new_raw/images/d5b4a1d2-c368-4fec-8d9c-516ad418d0d8.jpg
5595cb8f-b057-46df-9f93-890d701a7162,https://inaturalist-open-data.s3.amazonaws.com/photos/2189337/medium.jpg,505478,Domestic Chicken,data/new_raw/images/5595cb8f-b057-46df-9f93-890d701a7162.jpg
02741599-bc87-4d94-b338-b5ded95ecbf1,https://inaturalist-open-data.s3.amazonaws.com/photos/2286161/medium.JPG,19577,Common Nighthawk,data/new_raw/images/02741599-bc87-4d94-b338-b5ded95ecbf1.jpg
ca6a266b-bfdb-4234-b018-6955eb96a139,https://inaturalist-open-data.s3.amazonaws.com/photos/2397383/medium.jpg,20307,Long-eared Owl,data/new_raw/images/ca6a266b-bfdb-4234-b018-6955eb96a139.jpg
c5a2f11d-98e6-4118-91fa-1ff854c7e977,https://inaturalist-open-data.s3.amazonaws.com/photos/2466260/medium.jpg,19349,Monk Parakeet,data/new_raw/images/c5a2f11d-98e6-4118-91fa-1ff854c7e977.jpg
9d892792-09fa-4c49-a685-856da669fb56,https://inaturalist-open-data.s3.amazonaws.com/photos/2492353/medium.jpg,13858,House Sparrow,data/new_raw/images/9d892792-09fa-4c49-a685-856da669fb56.jpg
aaa2d33f-2830-474a-b309-6d78f24d2504,https://inaturalist-open-data.s3.amazonaws.com/photos/2492385/medium.jpg,46017,Eastern Gray Squirrel,data/new_raw/images/aaa2d33f-2830-474a-b309-6d78f24d2504.jpg
ce1a357f-c2be-4b58-86bf-4309c87a3d5c,https://inaturalist-open-data.s3.amazonaws.com/photos/2492424/medium.jpg,145310,American Goldfinch,data/new_raw/images/ce1a357f-c2be-4b58-86bf-4309c87a3d5c.jpg
56f265b1-d194-4998-aece-ff39c2ad6f09,https://inaturalist-open-data.s3.amazonaws.com/photos/2492427/medium.jpg,43111,Eastern Cottontail,data/new_raw/images/56f265b1-d194-4998-aece-ff39c2ad6f09.jpg
82e63604-d99e-4343-98ff-68441398c6de,https://inaturalist-open-data.s3.amazonaws.com/photos/2496804/medium.jpg,43584,Human,data/new_raw/images/82e63604-d99e-4343-98ff-68441398c6de.jpg
a812885f-3dbf-4a7c-91a4-7600803622b6,https://inaturalist-open-data.s3.amazonaws.com/photos/2522852/medium.jpeg,40522,Eastern Red Bat,data/new_raw/images/a812885f-3dbf-4a7c-91a4-7600803622b6.jpg
ac8b374c-cbef-4042-a434-fb618fd98630,https://inaturalist-open-data.s3.amazonaws.com/photos/2522996/medium.jpg,40629,Silver-haired Bat,data/new_raw/images/ac8b374c-cbef-4042-a434-fb618fd98630.jpg
19d52e21-849d-4f2b-b491-eed509ad9aa0,https://inaturalist-open-data.s3.amazonaws.com/photos/2551932/medium.JPG,17008,Eastern Phoebe,data/new_raw/images/19d52e21-849d-4f2b-b491-eed509ad9aa0.jpg
6240c16a-a960-4feb-9c4a-6d0e45b503d4,https://inaturalist-open-data.s3.amazonaws.com/photos/2551933/medium.jpg,4956,Great Blue Heron,data/new_raw/images/6240c16a-a960-4feb-9c4a-6d0e45b503d4.jpg
16df1fe3-8062-4a3b-83a2-e48638df4282,https://inaturalist-open-data.s3.amazonaws.com/photos/2551969/medium.JPG,9156,Fox Sparrow,data/new_raw/images/16df1fe3-8062-4a3b-83a2-e48638df4282.jpg
adddd67f-f1e8-4967-84f7-a418faa21a58,https://static.inaturalist.org/photos/2573461/medium.jpg,122767,Feral Pigeon,data/new_raw/images/adddd67f-f1e8-4967-84f7-a418faa21a58.jpg
af375af1-9c6e-4032-8a9c-2738dce7872d,https://inaturalist-open-data.s3.amazonaws.com/photos/2624531/medium.jpg,122767,Feral Pigeon,data/new_raw/images/af375af1-9c6e-4032-8a9c-2738dce7872d.jpg
4b458ad0-2143-40f0-a2a6-4d5dbb274522,https://inaturalist-open-data.s3.amazonaws.com/photos/2626667/medium.jpg,508048,Sandhill Crane,data/new_raw/images/4b458ad0-2143-40f0-a2a6-4d5dbb274522.jpg
0e4fcc72-0c4e-4d29-b100-972abcab677e,https://inaturalist-open-data.s3.amazonaws.com/photos/2646298/medium.jpg,243,Virginia Rail,data/new_raw/images/0e4fcc72-0c4e-4d29-b100-972abcab677e.jpg
5496df30-6382-42d9-86fe-4f5f10052678,https://inaturalist-open-data.s3.amazonaws.com/photos/2679226/medium.jpeg,46017,Eastern Gray Squirrel,data/new_raw/images/5496df30-6382-42d9-86fe-4f5f10052678.jpg
4106e0fe-10bc-4076-8e8c-c3892cf296bc,https://inaturalist-open-data.s3.amazonaws.com/photos/2679508/medium.jpeg,14850,European Starling,data/new_raw/images/4106e0fe-10bc-4076-8e8c-c3892cf296bc.jpg
abadf37c-4f24-4fd4-a967-5cdacdfb7393,https://inaturalist-open-data.s3.amazonaws.com/photos/2704800/medium.jpg,46017,Eastern Gray Squirrel,data/new_raw/images/abadf37c-4f24-4fd4-a967-5cdacdfb7393.jpg
a2b29781-7f40-498d-bf53-de470a45f92f,https://inaturalist-open-data.s3.amazonaws.com/photos/2712350/medium.jpeg,42223,White-tailed Deer,data/new_raw/images/a2b29781-7f40-498d-bf53-de470a45f92f.jpg
9e677397-8643-482f-ab1a-f00f2be2f08f,https://inaturalist-open-data.s3.amazonaws.com/photos/2721529/medium.jpeg,46017,Eastern Gray Squirrel,data/new_raw/images/9e677397-8643-482f-ab1a-f00f2be2f08f.jpg
7a28a7f4-5e40-436d-8190-8483b50a0364,https://inaturalist-open-data.s3.amazonaws.com/photos/2728748/medium.jpeg,122767,Feral Pigeon,data/new_raw/images/7a28a7f4-5e40-436d-8190-8483b50a0364.jpg
b5863c4c-8536-40db-94d1-7815403aa596,https://inaturalist-open-data.s3.amazonaws.com/photos/2740492/medium.jpeg,46020,Eastern Fox Squirrel,data/new_raw/images/b5863c4c-8536-40db-94d1-7815403aa596.jpg
71b4dcc6-bbff-44be-8d04-ae83ce0c3e7a,https://inaturalist-open-data.s3.amazonaws.com/photos/2809767/medium.jpeg,122767,Feral Pigeon,data/new_raw/images/71b4dcc6-bbff-44be-8d04-ae83ce0c3e7a.jpg
a4cd91b1-b2f9-436e-bf88-47740c9b4128,https://inaturalist-open-data.s3.amazonaws.com/photos/2809768/medium.jpeg,13858,House Sparrow,data/new_raw/images/a4cd91b1-b2f9-436e-bf88-47740c9b4128.jpg
6f19d377-5830-4db8-ac3a-e4d46e7e8bdf,https://inaturalist-open-data.s3.amazonaws.com/photos/2834961/medium.jpg,122767,Feral Pigeon,data/new_raw/images/6f19d377-5830-4db8-ac3a-e4d46e7e8bdf.jpg
c3b9a865-ff84-4fe4-bf67-a0748efa9e26,https://inaturalist-open-data.s3.amazonaws.com/photos/2894298/medium.JPG,42223,White-tailed Deer,data/new_raw/images/c3b9a865-ff84-4fe4-bf67-a0748efa9e26.jpg
99ee7a4c-048d-4422-85e1-1882c2f76eb5,https://inaturalist-open-data.s3.amazonaws.com/photos/2894303/medium.JPG,18205,Red-bellied Woodpecker,data/new_raw/images/99ee7a4c-048d-4422-85e1-1882c2f76eb5.jpg
10078838-c410-42a6-9f17-2c3c8d53a623,https://inaturalist-open-data.s3.amazonaws.com/photos/2950042/medium.jpeg,41663,Common Raccoon,data/new_raw/images/10078838-c410-42a6-9f17-2c3c8d53a623.jpg
2a0849e5-a501-4a28-a56c-edf38d025af8,https://inaturalist-open-data.s3.amazonaws.com/photos/2972650/medium.jpeg,9083,Northern Cardinal,data/new_raw/images/2a0849e5-a501-4a28-a56c-edf38d025af8.jpg
61566576-0c4f-42f8-a0c1-c024bbfbf0d8,https://inaturalist-open-data.s3.amazonaws.com/photos/2973381/medium.jpg,7089,Canada Goose,data/new_raw/images/61566576-0c4f-42f8-a0c1-c024bbfbf0d8.jpg
6fa86319-8f84-43ea-a3b8-a751a8ae0ddc,https://inaturalist-open-data.s3.amazonaws.com/photos/2973418/medium.jpg,4364,Ring-billed Gull,data/new_raw/images/6fa86319-8f84-43ea-a3b8-a751a8ae0ddc.jpg
926daa10-e5c1-4491-ba1c-3926fff5af73,https://inaturalist-open-data.s3.amazonaws.com/photos/2973457/medium.jpg,7089,Canada Goose,data/new_raw/images/926daa10-e5c1-4491-ba1c-3926fff5af73.jpg
e54fcf4f-c4b0-40aa-8746-c0cd3c133508,https://inaturalist-open-data.s3.amazonaws.com/photos/2977040/medium.jpeg,42223,White-tailed Deer,data/new_raw/images/e54fcf4f-c4b0-40aa-8746-c0cd3c133508.jpg
472c30d0-3bec-4a5b-9cd5-02efa23dfe1a,https://inaturalist-open-data.s3.amazonaws.com/photos/3130537/medium.jpg,4364,Ring-billed Gull,data/new_raw/images/472c30d0-3bec-4a5b-9cd5-02efa23dfe1a.jpg
5c9e7a46-2195-40e4-8b3f-b9954da221a8,https://inaturalist-open-data.s3.amazonaws.com/photos/3130777/medium.jpg,9602,Common Grackle,data/new_raw/images/5c9e7a46-2195-40e4-8b3f-b9954da221a8.jpg
4ea8ffc0-c3cf-4edf-8134-c4a555cc5ba3,https://inaturalist-open-data.s3.amazonaws.com/photos/3138831/medium.jpg,7089,Canada Goose,data/new_raw/images/4ea8ffc0-c3cf-4edf-8134-c4a555cc5ba3.jpg
2ccb963f-48cc-4499-8551-ac23f87875e5,https://inaturalist-open-data.s3.amazonaws.com/photos/3147256/medium.jpg,473,American Coot,data/new_raw/images/2ccb963f-48cc-4499-8551-ac23f87875e5.jpg
fdcc092b-0bf8-445e-b424-0462f88e2b80,https://inaturalist-open-data.s3.amazonaws.com/photos/3233667/medium.jpg,40522,Eastern Red Bat,data/new_raw/images/fdcc092b-0bf8-445e-b424-0462f88e2b80.jpg
8740dfa9-55e6-400a-9a67-74f3b84cba86,https://inaturalist-open-data.s3.amazonaws.com/photos/3242330/medium.JPG,6996,Red-breasted Merganser,data/new_raw/images/8740dfa9-55e6-400a-9a67-74f3b84cba86.jpg
64f5bf24-46a8-4959-ac9b-a7b69be1f0eb,https://inaturalist-open-data.s3.amazonaws.com/photos/3242341/medium.JPG,10094,Dark-eyed Junco,data/new_raw/images/64f5bf24-46a8-4959-ac9b-a7b69be1f0eb.jpg
96426d77-99f9-41b5-bb80-981847e8502e,https://inaturalist-open-data.s3.amazonaws.com/photos/3242411/medium.JPG,13858,House Sparrow,data/new_raw/images/96426d77-99f9-41b5-bb80-981847e8502e.jpg
23fc3fa2-92e5-4f3b-b625-4a246a9ae548,https://inaturalist-open-data.s3.amazonaws.com/photos/3273816/medium.jpeg,40522,Eastern Red Bat,data/new_raw/images/23fc3fa2-92e5-4f3b-b625-4a246a9ae548.jpg
57b4f7a1-b267-4673-a53e-55cba279eb19,https://inaturalist-open-data.s3.amazonaws.com/photos/3309338/medium.JPG,3862,Semipalmated Sandpiper,data/new_raw/images/57b4f7a1-b267-4673-a53e-55cba279eb19.jpg
54eebde1-c8ee-4108-b43f-4f82830c4497,https://inaturalist-open-data.s3.amazonaws.com/photos/3309342/medium.JPG,4817,Semipalmated Plover,data/new_raw/images/54eebde1-c8ee-4108-b43f-4f82830c4497.jpg
cf1cfd67-750e-4fbc-a359-8fadf2ab4909,https://inaturalist-open-data.s3.amazonaws.com/photos/3321219/medium.JPG,4364,Ring-billed Gull,data/new_raw/images/cf1cfd67-750e-4fbc-a359-8fadf2ab4909.jpg
2743fcfd-2d9b-4d9b-b499-e1a59821929a,https://inaturalist-open-data.s3.amazonaws.com/photos/3321228/medium.JPG,3454,Mourning Dove,data/new_raw/images/2743fcfd-2d9b-4d9b-b499-e1a59821929a.jpg
e0f5d3b2-6724-46f6-b534-4964cbb334d3,https://inaturalist-open-data.s3.amazonaws.com/photos/3372815/medium.jpg,43584,Human,data/new_raw/images/e0f5d3b2-6724-46f6-b534-4964cbb334d3.jpg
c200510f-34df-431d-8c6d-c319dd917d9a,https://static.inaturalist.org/photos/3393420/medium.jpg,473,American Coot,data/new_raw/images/c200510f-34df-431d-8c6d-c319dd917d9a.jpg
8a9b1e24-a591-4c88-bbe7-9d7b17a2346b,https://static.inaturalist.org/photos/3394190/medium.jpg,4981,Black-crowned Night Heron,data/new_raw/images/8a9b1e24-a591-4c88-bbe7-9d7b17a2346b.jpg
292eb553-9586-435c-a7ef-9c6dca909a36,https://inaturalist-open-data.s3.amazonaws.com/photos/3413778/medium.JPG,144815,Black-capped Chickadee,data/new_raw/images/292eb553-9586-435c-a7ef-9c6dca909a36.jpg
dd86db3c-4664-4582-86e2-58a8c8c8182e,https://inaturalist-open-data.s3.amazonaws.com/photos/3413787/medium.JPG,117100,Golden-crowned Kinglet,data/new_raw/images/dd86db3c-4664-4582-86e2-58a8c8c8182e.jpg
fe81aec1-e151-41f3-8359-59d1e761a7e6,https://inaturalist-open-data.s3.amazonaws.com/photos/3480232/medium.JPG,9981,Savannah Sparrow,data/new_raw/images/fe81aec1-e151-41f3-8359-59d1e761a7e6.jpg
35020285-e12c-40b3-a842-71b2c90de483,https://inaturalist-open-data.s3.amazonaws.com/photos/3480233/medium.JPG,10373,Brown-headed Cowbird,data/new_raw/images/35020285-e12c-40b3-a842-71b2c90de483.jpg
5a3c3468-1f9c-4ded-85c5-37d21b565c26,https://inaturalist-open-data.s3.amazonaws.com/photos/3480243/medium.JPG,11970,Northern Rough-winged Swallow,data/new_raw/images/5a3c3468-1f9c-4ded-85c5-37d21b565c26.jpg
a5c3041f-541f-4a4f-8bcf-4bc6d892379a,https://inaturalist-open-data.s3.amazonaws.com/photos/3587612/medium.JPG,18205,Red-bellied Woodpecker,data/new_raw/images/a5c3041f-541f-4a4f-8bcf-4bc6d892379a.jpg
660c130a-cdd0-491e-8e22-ca3f9c8f9ace,https://inaturalist-open-data.s3.amazonaws.com/photos/3587642/medium.jpg,7493,Blue-gray Gnatcatcher,data/new_raw/images/660c130a-cdd0-491e-8e22-ca3f9c8f9ace.jpg
e62dfa61-4eee-417b-8f21-f31fcdd78107,https://inaturalist-open-data.s3.amazonaws.com/photos/3587711/medium.JPG,5020,Green Heron,data/new_raw/images/e62dfa61-4eee-417b-8f21-f31fcdd78107.jpg
e5ece858-e5dc-43a8-9ba0-7642df07de6d,https://inaturalist-open-data.s3.amazonaws.com/photos/3587747/medium.JPG,18236,Northern Flicker,data/new_raw/images/e5ece858-e5dc-43a8-9ba0-7642df07de6d.jpg
7272fd65-f1a7-4f7d-9393-6113315d7a30,https://inaturalist-open-data.s3.amazonaws.com/photos/3587789/medium.JPG,7562,Northern House Wren,data/new_raw/images/7272fd65-f1a7-4f7d-9393-6113315d7a30.jpg
df907591-34e7-4c63-bf81-abfe95e94b61,https://inaturalist-open-data.s3.amazonaws.com/photos/3587971/medium.JPG,9135,Chipping Sparrow,data/new_raw/images/df907591-34e7-4c63-bf81-abfe95e94b61.jpg
1e343931-a76d-4bf0-bd07-840035c63791,https://inaturalist-open-data.s3.amazonaws.com/photos/3587979/medium.JPG,46217,Eastern Chipmunk,data/new_raw/images/1e343931-a76d-4bf0-bd07-840035c63791.jpg
0f384155-15c9-4d3f-9a2e-ea4bce89446c,https://inaturalist-open-data.s3.amazonaws.com/photos/3613804/medium.JPG,558433,Blue-winged Teal,data/new_raw/images/0f384155-15c9-4d3f-9a2e-ea4bce89446c.jpg
374d86dd-d6ab-4fe3-827a-fcea9e1e5fba,https://inaturalist-open-data.s3.amazonaws.com/photos/3618220/medium.jpg,145245,Yellow-rumped Warbler,data/new_raw/images/374d86dd-d6ab-4fe3-827a-fcea9e1e5fba.jpg
ea2a53ae-efaa-4d98-9dc8-7910d039ef47,https://inaturalist-open-data.s3.amazonaws.com/photos/3618245/medium.jpg,117100,Golden-crowned Kinglet,data/new_raw/images/ea2a53ae-efaa-4d98-9dc8-7910d039ef47.jpg
bccaee50-d3c6-4e62-ab5d-1ebdc262392f,https://inaturalist-open-data.s3.amazonaws.com/photos/3618260/medium.jpg,12890,Hermit Thrush,data/new_raw/images/bccaee50-d3c6-4e62-ab5d-1ebdc262392f.jpg
775d5204-4e86-4717-a928-fc6b2e13a276,https://inaturalist-open-data.s3.amazonaws.com/photos/3618266/medium.jpg,20307,Long-eared Owl,data/new_raw/images/775d5204-4e86-4717-a928-fc6b2e13a276.jpg
50bbd3ad-c077-4200-bae2-8793ec1c7778,https://inaturalist-open-data.s3.amazonaws.com/photos/3631980/medium.JPG,7493,Blue-gray Gnatcatcher,data/new_raw/images/50bbd3ad-c077-4200-bae2-8793ec1c7778.jpg
964e5bae-1500-46a5-9c96-19a7ed5e16e3,https://inaturalist-open-data.s3.amazonaws.com/photos/3631984/medium.JPG,11970,Northern Rough-winged Swallow,data/new_raw/images/964e5bae-1500-46a5-9c96-19a7ed5e16e3.jpg
cca975c5-8c1f-4f4a-871e-52215a1805c6,https://inaturalist-open-data.s3.amazonaws.com/photos/3631990/medium.JPG,1289388,Ruby-crowned Kinglet,data/new_raw/images/cca975c5-8c1f-4f4a-871e-52215a1805c6.jpg
be4452d5-26b7-4df4-a99f-c17ae1d81e30,https://inaturalist-open-data.s3.amazonaws.com/photos/3632003/medium.JPG,9176,White-crowned Sparrow,data/new_raw/images/be4452d5-26b7-4df4-a99f-c17ae1d81e30.jpg
19a8112c-721b-4e53-b742-1a433a01dfd3,https://inaturalist-open-data.s3.amazonaws.com/photos/41413533/medium.jpg,145232,Cerulean Warbler,data/new_raw/images/19a8112c-721b-4e53-b742-1a433a01dfd3.jpg
6bb297f6-a9dd-4d76-bb0c-f0175b252c0f,https://inaturalist-open-data.s3.amazonaws.com/photos/3632016/medium.JPG,979753,Nashville Warbler,data/new_raw/images/6bb297f6-a9dd-4d76-bb0c-f0175b252c0f.jpg
a15a374e-aa79-482d-9d5d-f70b3ccad17b,https://inaturalist-open-data.s3.amazonaws.com/photos/3632028/medium.JPG,9744,Red-winged Blackbird,data/new_raw/images/a15a374e-aa79-482d-9d5d-f70b3ccad17b.jpg
4c76a4f0-5191-4787-9828-c7c06fd66450,https://inaturalist-open-data.s3.amazonaws.com/photos/3632178/medium.JPG,145245,Yellow-rumped Warbler,data/new_raw/images/4c76a4f0-5191-4787-9828-c7c06fd66450.jpg
7b0582a1-befe-4478-9a01-ef6fe0e57fe0,https://inaturalist-open-data.s3.amazonaws.com/photos/3701398/medium.jpg,9915,Summer Tanager,data/new_raw/images/7b0582a1-befe-4478-9a01-ef6fe0e57fe0.jpg
744dcedb-afae-47d1-b40d-4855c577b84b,https://inaturalist-open-data.s3.amazonaws.com/photos/3723724/medium.jpeg,10271,Rose-breasted Grosbeak,data/new_raw/images/744dcedb-afae-47d1-b40d-4855c577b84b.jpg
35d3cc1a-07ae-4ea0-9bda-19120026406e,https://inaturalist-open-data.s3.amazonaws.com/photos/3757416/medium.jpg,145310,American Goldfinch,data/new_raw/images/35d3cc1a-07ae-4ea0-9bda-19120026406e.jpg
4ae92e67-8efc-4ade-9c29-91af59f600f5,https://inaturalist-open-data.s3.amazonaws.com/photos/3757478/medium.jpg,145310,American Goldfinch,data/new_raw/images/4ae92e67-8efc-4ade-9c29-91af59f600f5.jpg
1f0eb33f-a879-49fd-a318-604b9e21baea,https://static.inaturalist.org/photos/3757846/medium.jpg,5212,Red-tailed Hawk,data/new_raw/images/1f0eb33f-a879-49fd-a318-604b9e21baea.jpg
95e9297b-ab10-4a48-ae7e-e1cb6ba62ea4,https://inaturalist-open-data.s3.amazonaws.com/photos/3758185/medium.jpg,43111,Eastern Cottontail,data/new_raw/images/95e9297b-ab10-4a48-ae7e-e1cb6ba62ea4.jpg
9cc03303-dd6e-471e-a37b-c665fc323aeb,https://static.inaturalist.org/photos/3758746/medium.jpg,7251,Perching Birds,data/new_raw/images/9cc03303-dd6e-471e-a37b-c665fc323aeb.jpg
14745db5-b554-4eb7-90dd-b26ca0b1c215,https://static.inaturalist.org/photos/3759179/medium.jpg,12727,American Robin,data/new_raw/images/14745db5-b554-4eb7-90dd-b26ca0b1c215.jpg
14f71bed-b776-45f1-90e1-39cb108d52b0,https://static.inaturalist.org/photos/3782084/medium.jpg,43584,Human,data/new_raw/images/14f71bed-b776-45f1-90e1-39cb108d52b0.jpg
e25c818f-28da-49a7-85e9-f68358332776,https://inaturalist-open-data.s3.amazonaws.com/photos/3782288/medium.jpg,6930,Mallard,data/new_raw/images/e25c818f-28da-49a7-85e9-f68358332776.jpg
afa23c5e-d849-4006-8a1f-67d4efbb33f8,https://static.inaturalist.org/photos/3782370/medium.jpg,6930,Mallard,data/new_raw/images/afa23c5e-d849-4006-8a1f-67d4efbb33f8.jpg
2774c450-d636-48ad-8ba1-8c32d1013d29,https://inaturalist-open-data.s3.amazonaws.com/photos/3782487/medium.jpg,9744,Red-winged Blackbird,data/new_raw/images/2774c450-d636-48ad-8ba1-8c32d1013d29.jpg
288adddc-a03d-4169-bd7c-60861a2ce580,https://inaturalist-open-data.s3.amazonaws.com/photos/3782760/medium.jpg,9744,Red-winged Blackbird,data/new_raw/images/288adddc-a03d-4169-bd7c-60861a2ce580.jpg
ade0c6d4-70c1-4e91-ae71-a5da3c982da3,https://inaturalist-open-data.s3.amazonaws.com/photos/3782763/medium.jpg,9744,Red-winged Blackbird,data/new_raw/images/ade0c6d4-70c1-4e91-ae71-a5da3c982da3.jpg
5f4cea6e-ad0a-4a37-8d22-c923e5deaa64,https://inaturalist-open-data.s3.amazonaws.com/photos/3815530/medium.jpg,14850,European Starling,data/new_raw/images/5f4cea6e-ad0a-4a37-8d22-c923e5deaa64.jpg
a06288cd-e8dd-4558-8e5e-1cc731e6e876,https://static.inaturalist.org/photos/3835027/medium.jpg,42223,White-tailed Deer,data/new_raw/images/a06288cd-e8dd-4558-8e5e-1cc731e6e876.jpg
76cfa632-2d0e-43dc-95be-896a9ad48e59,https://static.inaturalist.org/photos/3835043/medium.jpg,4956,Great Blue Heron,data/new_raw/images/76cfa632-2d0e-43dc-95be-896a9ad48e59.jpg
3a37c8cf-dbe8-4ce8-a4e1-c5eb66e8a7b9,https://static.inaturalist.org/photos/3835045/medium.jpg,4956,Great Blue Heron,data/new_raw/images/3a37c8cf-dbe8-4ce8-a4e1-c5eb66e8a7b9.jpg
469c9fe3-72ec-46e0-b95c-471015c643dc,https://static.inaturalist.org/photos/3835204/medium.jpg,5212,Red-tailed Hawk,data/new_raw/images/469c9fe3-72ec-46e0-b95c-471015c643dc.jpg
9e98353c-6acd-4556-acea-b83b1b4e200e,https://static.inaturalist.org/photos/3840945/medium.jpg,13858,House Sparrow,data/new_raw/images/9e98353c-6acd-4556-acea-b83b1b4e200e.jpg
9237e325-29d8-4978-8df1-a5bfebe066a5,https://inaturalist-open-data.s3.amazonaws.com/photos/3842310/medium.jpg,16100,Eastern Wood-Pewee,data/new_raw/images/9237e325-29d8-4978-8df1-a5bfebe066a5.jpg
14f21ab6-9b22-4b5e-8939-392374f91059,https://static.inaturalist.org/photos/3949642/medium.jpg,13858,House Sparrow,data/new_raw/images/14f21ab6-9b22-4b5e-8939-392374f91059.jpg
96a537ad-bbdb-4186-b34e-074a53e9f966,https://static.inaturalist.org/photos/3947294/medium.jpg,12727,American Robin,data/new_raw/images/96a537ad-bbdb-4186-b34e-074a53e9f966.jpg
3188b6ee-3b38-4798-a3d7-a0312b75c8bb,https://static.inaturalist.org/photos/3947302/medium.jpg,4364,Ring-billed Gull,data/new_raw/images/3188b6ee-3b38-4798-a3d7-a0312b75c8bb.jpg
0501317e-04b9-46ff-a8dc-b53b5fd89447,https://static.inaturalist.org/photos/3947307/medium.jpg,6571,Chimney Swift,data/new_raw/images/0501317e-04b9-46ff-a8dc-b53b5fd89447.jpg
4e4455c8-7dbb-4e7a-bbbf-04c0c4758260,https://static.inaturalist.org/photos/3958651/medium.jpeg,9744,Red-winged Blackbird,data/new_raw/images/4e4455c8-7dbb-4e7a-bbbf-04c0c4758260.jpg
40c05eff-6638-4c46-b511-35ac47032602,https://inaturalist-open-data.s3.amazonaws.com/photos/3981313/medium.JPG,6571,Chimney Swift,data/new_raw/images/40c05eff-6638-4c46-b511-35ac47032602.jpg
2eb3d922-9012-40df-9b35-320f73cc4fab,https://inaturalist-open-data.s3.amazonaws.com/photos/3981343/medium.JPG,13858,House Sparrow,data/new_raw/images/2eb3d922-9012-40df-9b35-320f73cc4fab.jpg
122b9e0b-03cd-4942-9120-c0a6f71e1fa2,https://inaturalist-open-data.s3.amazonaws.com/photos/3981439/medium.JPG,4364,Ring-billed Gull,data/new_raw/images/122b9e0b-03cd-4942-9120-c0a6f71e1fa2.jpg
4724c748-3264-4ccb-98bb-34c169a5eaa9,https://inaturalist-open-data.s3.amazonaws.com/photos/3981530/medium.JPG,12727,American Robin,data/new_raw/images/4724c748-3264-4ccb-98bb-34c169a5eaa9.jpg
ae7054fe-867c-40a1-8e8d-c8a5da1ce967,https://inaturalist-open-data.s3.amazonaws.com/photos/3983508/medium.JPG,43584,Human,data/new_raw/images/ae7054fe-867c-40a1-8e8d-c8a5da1ce967.jpg
87391260-6941-4957-9c50-63eda32d7dee,https://inaturalist-open-data.s3.amazonaws.com/photos/3985594/medium.jpg,6930,Mallard,data/new_raw/images/87391260-6941-4957-9c50-63eda32d7dee.jpg
e0e9112c-bbc7-42d5-a53a-e3de16e7b05d,https://inaturalist-open-data.s3.amazonaws.com/photos/3985598/medium.jpg,9744,Red-winged Blackbird,data/new_raw/images/e0e9112c-bbc7-42d5-a53a-e3de16e7b05d.jpg
82534dd1-e57b-4daa-a768-2521d3e92a82,https://inaturalist-open-data.s3.amazonaws.com/photos/3985582/medium.jpg,4364,Ring-billed Gull,data/new_raw/images/82534dd1-e57b-4daa-a768-2521d3e92a82.jpg
1389c6ab-bd37-44dd-a0b6-e657721738d7,https://inaturalist-open-data.s3.amazonaws.com/photos/3985658/medium.jpg,7089,Canada Goose,data/new_raw/images/1389c6ab-bd37-44dd-a0b6-e657721738d7.jpg
11247622-471f-4e76-bdda-d522edfe12ba,https://inaturalist-open-data.s3.amazonaws.com/photos/4002812/medium.jpeg,7107,Wood Duck,data/new_raw/images/11247622-471f-4e76-bdda-d522edfe12ba.jpg
93d1d730-8b7f-4335-9a87-b23d9d19056c,https://inaturalist-open-data.s3.amazonaws.com/photos/4056432/medium.JPG,42652,Virginia Opossum,data/new_raw/images/93d1d730-8b7f-4335-9a87-b23d9d19056c.jpg
e913f0c3-e5dd-4359-a36e-c04beb9f0f04,https://inaturalist-open-data.s3.amazonaws.com/photos/4067200/medium.JPG,72458,Spotted Sandpiper,data/new_raw/images/e913f0c3-e5dd-4359-a36e-c04beb9f0f04.jpg
c368371f-f6e6-467b-9785-9e873299b3f9,https://inaturalist-open-data.s3.amazonaws.com/photos/4127211/medium.jpeg,4364,Ring-billed Gull,data/new_raw/images/c368371f-f6e6-467b-9785-9e873299b3f9.jpg
6060880e-7270-461a-8f9b-0637d89fb4fc,https://inaturalist-open-data.s3.amazonaws.com/photos/4127215/medium.jpeg,7089,Canada Goose,data/new_raw/images/6060880e-7270-461a-8f9b-0637d89fb4fc.jpg
e4eed016-822f-4bcc-89a7-3feee5fbd431,https://inaturalist-open-data.s3.amazonaws.com/photos/4165604/medium.jpg,13858,House Sparrow,data/new_raw/images/e4eed016-822f-4bcc-89a7-3feee5fbd431.jpg
6a2b0799-b1e8-40fe-b3e6-1815ec4d38a7,https://inaturalist-open-data.s3.amazonaws.com/photos/4165835/medium.JPG,4981,Black-crowned Night Heron,data/new_raw/images/6a2b0799-b1e8-40fe-b3e6-1815ec4d38a7.jpg
d809d66e-119d-4150-b03b-f10f9af48528,https://inaturalist-open-data.s3.amazonaws.com/photos/4165818/medium.JPG,7089,Canada Goose,data/new_raw/images/d809d66e-119d-4150-b03b-f10f9af48528.jpg
cf69fa31-06c0-4156-a67e-6371e331105b,https://inaturalist-open-data.s3.amazonaws.com/photos/4181949/medium.jpeg,1579017,Cooper's Hawk,data/new_raw/images/cf69fa31-06c0-4156-a67e-6371e331105b.jpg
f5864466-cd4c-4124-874d-243fbb2fcafe,https://inaturalist-open-data.s3.amazonaws.com/photos/4182023/medium.jpg,12727,American Robin,data/new_raw/images/f5864466-cd4c-4124-874d-243fbb2fcafe.jpg
2a10985b-c366-40e6-a1da-5f470400749d,https://inaturalist-open-data.s3.amazonaws.com/photos/4182034/medium.jpg,9602,Common Grackle,data/new_raw/images/2a10985b-c366-40e6-a1da-5f470400749d.jpg
7a2ac5c3-daa7-4b53-9aba-641093b9471e,https://inaturalist-open-data.s3.amazonaws.com/photos/4182039/medium.jpg,13858,House Sparrow,data/new_raw/images/7a2ac5c3-daa7-4b53-9aba-641093b9471e.jpg
8539ec79-696f-4094-b245-fb943ac78923,https://inaturalist-open-data.s3.amazonaws.com/photos/4182052/medium.jpg,46017,Eastern Gray Squirrel,data/new_raw/images/8539ec79-696f-4094-b245-fb943ac78923.jpg
8b9822de-27e2-4b84-97bc-f02ce4b8e5cd,https://inaturalist-open-data.s3.amazonaws.com/photos/4182074/medium.jpg,4364,Ring-billed Gull,data/new_raw/images/8b9822de-27e2-4b84-97bc-f02ce4b8e5cd.jpg
b4811372-ecbe-420f-a4d8-3c52954072fc,https://inaturalist-open-data.s3.amazonaws.com/photos/4182085/medium.jpg,9744,Red-winged Blackbird,data/new_raw/images/b4811372-ecbe-420f-a4d8-3c52954072fc.jpg
c86d2df7-b515-4156-a102-74c4b8472925,https://inaturalist-open-data.s3.amazonaws.com/photos/4182095/medium.jpg,4981,Black-crowned Night Heron,data/new_raw/images/c86d2df7-b515-4156-a102-74c4b8472925.jpg
5ee26cdf-5190-4903-a1a6-2b9c29811f5a,https://inaturalist-open-data.s3.amazonaws.com/photos/4182104/medium.jpg,43111,Eastern Cottontail,data/new_raw/images/5ee26cdf-5190-4903-a1a6-2b9c29811f5a.jpg
50cc4318-2a2b-436a-b888-e5f274e40bab,https://inaturalist-open-data.s3.amazonaws.com/photos/4182137/medium.jpg,4364,Ring-billed Gull,data/new_raw/images/50cc4318-2a2b-436a-b888-e5f274e40bab.jpg
0187328b-3298-4192-8ded-63e9f693ea4e,https://inaturalist-open-data.s3.amazonaws.com/photos/4184664/medium.jpg,43111,Eastern Cottontail,data/new_raw/images/0187328b-3298-4192-8ded-63e9f693ea4e.jpg
30589423-c844-4c99-b1d5-0c6a36014905,https://inaturalist-open-data.s3.amazonaws.com/photos/4217088/medium.JPG,17394,Warbling Vireo,data/new_raw/images/30589423-c844-4c99-b1d5-0c6a36014905.jpg
44bbf530-6732-4cfe-8f76-d78f97fb564c,https://inaturalist-open-data.s3.amazonaws.com/photos/4222591/medium.jpg,14850,European Starling,data/new_raw/images/44bbf530-6732-4cfe-8f76-d78f97fb564c.jpg
271f6ef5-6035-4d98-aa4f-02104d015f41,https://inaturalist-open-data.s3.amazonaws.com/photos/4228749/medium.JPG,9744,Red-winged Blackbird,data/new_raw/images/271f6ef5-6035-4d98-aa4f-02104d015f41.jpg
c5fa3e2c-e321-43f0-9f5d-2af4fdc1defb,https://static.inaturalist.org/photos/4240308/medium.jpg,13858,House Sparrow,data/new_raw/images/c5fa3e2c-e321-43f0-9f5d-2af4fdc1defb.jpg
40a37368-2384-4360-a19e-887ec567df63,https://inaturalist-open-data.s3.amazonaws.com/photos/4246921/medium.JPG,12727,American Robin,data/new_raw/images/40a37368-2384-4360-a19e-887ec567df63.jpg
10552a45-a1ba-4246-8663-eac27ffd2ecd,https://inaturalist-open-data.s3.amazonaws.com/photos/4246917/medium.JPG,9602,Common Grackle,data/new_raw/images/10552a45-a1ba-4246-8663-eac27ffd2ecd.jpg
5218a897-7332-4ac1-b484-8708f7b1fe06,https://inaturalist-open-data.s3.amazonaws.com/photos/4246916/medium.JPG,9744,Red-winged Blackbird,data/new_raw/images/5218a897-7332-4ac1-b484-8708f7b1fe06.jpg
58ad29ab-9984-4643-9eb5-dd97200a2a63,https://inaturalist-open-data.s3.amazonaws.com/photos/4246908/medium.JPG,9744,Red-winged Blackbird,data/new_raw/images/58ad29ab-9984-4643-9eb5-dd97200a2a63.jpg
3af67bf9-7bef-4e51-8ac8-55d3bee2015a,https://inaturalist-open-data.s3.amazonaws.com/photos/4246922/medium.JPG,9744,Red-winged Blackbird,data/new_raw/images/3af67bf9-7bef-4e51-8ac8-55d3bee2015a.jpg
ddf6b536-4d0b-451c-aab8-db0c376683b4,https://inaturalist-open-data.s3.amazonaws.com/photos/4246924/medium.JPG,9744,Red-winged Blackbird,data/new_raw/images/ddf6b536-4d0b-451c-aab8-db0c376683b4.jpg
336262fc-ac51-450c-81e3-b92dd8140ff7,https://inaturalist-open-data.s3.amazonaws.com/photos/4246930/medium.JPG,12727,American Robin,data/new_raw/images/336262fc-ac51-450c-81e3-b92dd8140ff7.jpg
4223192c-6c45-4973-851a-62b38b77c417,https://inaturalist-open-data.s3.amazonaws.com/photos/4246926/medium.JPG,9744,Red-winged Blackbird,data/new_raw/images/4223192c-6c45-4973-851a-62b38b77c417.jpg
96078760-8783-4ade-aa1a-0cbc046ef0a0,https://inaturalist-open-data.s3.amazonaws.com/photos/4246933/medium.JPG,9744,Red-winged Blackbird,data/new_raw/images/96078760-8783-4ade-aa1a-0cbc046ef0a0.jpg
0f1014d5-f8a5-4ebb-b7c4-5cc895327f03,https://inaturalist-open-data.s3.amazonaws.com/photos/4246934/medium.JPG,9744,Red-winged Blackbird,data/new_raw/images/0f1014d5-f8a5-4ebb-b7c4-5cc895327f03.jpg
9b1bdf96-1770-4278-9be2-412c9cb2aaea,https://inaturalist-open-data.s3.amazonaws.com/photos/4246935/medium.JPG,14850,European Starling,data/new_raw/images/9b1bdf96-1770-4278-9be2-412c9cb2aaea.jpg
f8de271d-999d-43ce-963b-d02fe785fff4,https://inaturalist-open-data.s3.amazonaws.com/photos/4246936/medium.JPG,11970,Northern Rough-winged Swallow,data/new_raw/images/f8de271d-999d-43ce-963b-d02fe785fff4.jpg
ef3f6f37-f95b-4cd0-9c16-d8b36680b283,https://inaturalist-open-data.s3.amazonaws.com/photos/4246940/medium.JPG,11970,Northern Rough-winged Swallow,data/new_raw/images/ef3f6f37-f95b-4cd0-9c16-d8b36680b283.jpg
8f023ca8-68ac-477a-83cd-8a268cc1a027,https://inaturalist-open-data.s3.amazonaws.com/photos/4246944/medium.JPG,11970,Northern Rough-winged Swallow,data/new_raw/images/8f023ca8-68ac-477a-83cd-8a268cc1a027.jpg
ec923c23-ccd3-497c-815c-44be28ec591a,https://inaturalist-open-data.s3.amazonaws.com/photos/4246946/medium.JPG,11935,Tree Swallow,data/new_raw/images/ec923c23-ccd3-497c-815c-44be28ec591a.jpg
1d802fc9-2ab9-4c66-be9c-52de5f7d94a1,https://inaturalist-open-data.s3.amazonaws.com/photos/4246953/medium.JPG,72458,Spotted Sandpiper,data/new_raw/images/1d802fc9-2ab9-4c66-be9c-52de5f7d94a1.jpg
09a2c81c-58b6-4354-81f3-cce7ec2f75a2,https://inaturalist-open-data.s3.amazonaws.com/photos/4247782/medium.JPG,9744,Red-winged Blackbird,data/new_raw/images/09a2c81c-58b6-4354-81f3-cce7ec2f75a2.jpg
7080e52a-de53-4fee-b49d-5cc6754d033f,https://inaturalist-open-data.s3.amazonaws.com/photos/4247784/medium.JPG,9744,Red-winged Blackbird,data/new_raw/images/7080e52a-de53-4fee-b49d-5cc6754d033f.jpg
ce08070a-040a-4643-a4f9-b9e71b8907a5,https://inaturalist-open-data.s3.amazonaws.com/photos/4247838/medium.JPG,43111,Eastern Cottontail,data/new_raw/images/ce08070a-040a-4643-a4f9-b9e71b8907a5.jpg
e13ba3a3-94b8-485a-9659-d405f0e0125e,https://inaturalist-open-data.s3.amazonaws.com/photos/4247844/medium.JPG,6930,Mallard,data/new_raw/images/e13ba3a3-94b8-485a-9659-d405f0e0125e.jpg
d601a63a-057e-4615-9154-c6060cbd2050,https://inaturalist-open-data.s3.amazonaws.com/photos/4247879/medium.jpg,4981,Black-crowned Night Heron,data/new_raw/images/d601a63a-057e-4615-9154-c6060cbd2050.jpg
cd12af40-b56a-4353-a7ec-6861c558abf4,https://inaturalist-open-data.s3.amazonaws.com/photos/4248277/medium.jpg,46217,Eastern Chipmunk,data/new_raw/images/cd12af40-b56a-4353-a7ec-6861c558abf4.jpg
b0a5f4a8-95ee-43c7-ac87-ef21da4682eb,https://inaturalist-open-data.s3.amazonaws.com/photos/4248280/medium.JPG,120479,Domestic Greylag Goose,data/new_raw/images/b0a5f4a8-95ee-43c7-ac87-ef21da4682eb.jpg
dbd68d2c-152b-4234-a0c5-7994bfd80dac,https://inaturalist-open-data.s3.amazonaws.com/photos/4248284/medium.JPG,6930,Mallard,data/new_raw/images/dbd68d2c-152b-4234-a0c5-7994bfd80dac.jpg
7302972a-695a-4650-a34e-2fe591e80b3f,https://inaturalist-open-data.s3.amazonaws.com/photos/4248294/medium.JPG,13858,House Sparrow,data/new_raw/images/7302972a-695a-4650-a34e-2fe591e80b3f.jpg
475ab1f7-d686-491e-b80b-ba2cf27b641f,https://inaturalist-open-data.s3.amazonaws.com/photos/4251374/medium.JPG,13858,House Sparrow,data/new_raw/images/475ab1f7-d686-491e-b80b-ba2cf27b641f.jpg
2dfdc30d-203c-4e03-b2fd-3ea4f1a53812,https://inaturalist-open-data.s3.amazonaws.com/photos/4251370/medium.JPG,9744,Red-winged Blackbird,data/new_raw/images/2dfdc30d-203c-4e03-b2fd-3ea4f1a53812.jpg
a758b57a-5876-463f-99dd-3296ee54068e,https://inaturalist-open-data.s3.amazonaws.com/photos/4251364/medium.JPG,43111,Eastern Cottontail,data/new_raw/images/a758b57a-5876-463f-99dd-3296ee54068e.jpg
47afeb03-60a5-40c1-be82-55f27dd66b88,https://inaturalist-open-data.s3.amazonaws.com/photos/4251376/medium.JPG,9744,Red-winged Blackbird,data/new_raw/images/47afeb03-60a5-40c1-be82-55f27dd66b88.jpg
da9e09c6-492d-40f4-9abb-c58c19ff0b16,https://inaturalist-open-data.s3.amazonaws.com/photos/4251378/medium.JPG,9744,Red-winged Blackbird,data/new_raw/images/da9e09c6-492d-40f4-9abb-c58c19ff0b16.jpg
dd4cc842-f949-4991-811b-661589837d4f,https://inaturalist-open-data.s3.amazonaws.com/photos/4251404/medium.JPG,6930,Mallard,data/new_raw/images/dd4cc842-f949-4991-811b-661589837d4f.jpg
c0161bf1-eaee-4253-8b5e-d4fa24af0d9e,https://static.inaturalist.org/photos/4258231/medium.jpg,122767,Feral Pigeon,data/new_raw/images/c0161bf1-eaee-4253-8b5e-d4fa24af0d9e.jpg
f22c2504-5046-4fa2-9b61-a1caf5cd1baf,https://static.inaturalist.org/photos/4260332/medium.jpg,18463,Yellow-bellied Sapsucker,data/new_raw/images/f22c2504-5046-4fa2-9b61-a1caf5cd1baf.jpg
a1446466-7b5c-45fc-8e4d-f0a66aa9d829,https://inaturalist-open-data.s3.amazonaws.com/photos/4262458/medium.JPG,9083,Northern Cardinal,data/new_raw/images/a1446466-7b5c-45fc-8e4d-f0a66aa9d829.jpg
c73ef5d6-4290-4cb6-ac2d-3cfef45d15df,https://inaturalist-open-data.s3.amazonaws.com/photos/4291400/medium.jpeg,46217,Eastern Chipmunk,data/new_raw/images/c73ef5d6-4290-4cb6-ac2d-3cfef45d15df.jpg
dbba9e37-708b-4635-8c27-75a5e5dfa46d,https://inaturalist-open-data.s3.amazonaws.com/photos/4291413/medium.jpeg,145310,American Goldfinch,data/new_raw/images/dbba9e37-708b-4635-8c27-75a5e5dfa46d.jpg
df6bf668-77cd-4d6c-97e5-1061e840aac9,https://inaturalist-open-data.s3.amazonaws.com/photos/4291415/medium.jpeg,7428,Cedar Waxwing,data/new_raw/images/df6bf668-77cd-4d6c-97e5-1061e840aac9.jpg
23d768b4-1ce8-4e38-92e4-13dd5924a6b8,https://inaturalist-open-data.s3.amazonaws.com/photos/4291416/medium.jpeg,13858,House Sparrow,data/new_raw/images/23d768b4-1ce8-4e38-92e4-13dd5924a6b8.jpg
ecb7af1e-14e9-4a95-8d35-a37ea7d3e24a,https://inaturalist-open-data.s3.amazonaws.com/photos/4291418/medium.jpeg,13858,House Sparrow,data/new_raw/images/ecb7af1e-14e9-4a95-8d35-a37ea7d3e24a.jpg
2c120609-d58a-420f-b759-bb51f98ab6b5,https://inaturalist-open-data.s3.amazonaws.com/photos/4291420/medium.jpeg,9744,Red-winged Blackbird,data/new_raw/images/2c120609-d58a-420f-b759-bb51f98ab6b5.jpg
fe82bf1b-4577-4eb2-aaee-f5e9957f7373,https://inaturalist-open-data.s3.amazonaws.com/photos/4291443/medium.jpeg,43111,Eastern Cottontail,data/new_raw/images/fe82bf1b-4577-4eb2-aaee-f5e9957f7373.jpg
55a7164d-1f82-495e-927e-4ada97db6712,https://static.inaturalist.org/photos/4337715/medium.jpeg,7089,Canada Goose,data/new_raw/images/55a7164d-1f82-495e-927e-4ada97db6712.jpg
2c79418d-1e08-4a1d-a847-c04581d2866e,https://static.inaturalist.org/photos/4337721/medium.jpeg,6930,Mallard,data/new_raw/images/2c79418d-1e08-4a1d-a847-c04581d2866e.jpg
c8e8d3d5-3c22-4043-8935-3f566bf0bdf0,https://inaturalist-open-data.s3.amazonaws.com/photos/4370312/medium.jpeg,6432,Ruby-throated Hummingbird,data/new_raw/images/c8e8d3d5-3c22-4043-8935-3f566bf0bdf0.jpg
345f2905-c29a-4f03-a1d8-f46f6d2854bb,https://inaturalist-open-data.s3.amazonaws.com/photos/4378997/medium.jpeg,44395,White-footed Mouse,data/new_raw/images/345f2905-c29a-4f03-a1d8-f46f6d2854bb.jpg
80d47694-2cf5-4120-aed6-be64f96f3023,https://static.inaturalist.org/photos/4396713/medium.jpeg,1578489,American Herring Gull,data/new_raw/images/80d47694-2cf5-4120-aed6-be64f96f3023.jpg
a3f7b1b5-9541-48e9-aa02-0b3d5fc90b48,https://static.inaturalist.org/photos/4396839/medium.jpeg,4981,Black-crowned Night Heron,data/new_raw/images/a3f7b1b5-9541-48e9-aa02-0b3d5fc90b48.jpg
502f5126-1452-497f-9dbf-9e1d217ba528,https://static.inaturalist.org/photos/4403450/medium.jpg,43111,Eastern Cottontail,data/new_raw/images/502f5126-1452-497f-9dbf-9e1d217ba528.jpg
ab14335d-9dc5-476a-a511-55572b791a3f,https://inaturalist-open-data.s3.amazonaws.com/photos/4405437/medium.jpeg,41663,Common Raccoon,data/new_raw/images/ab14335d-9dc5-476a-a511-55572b791a3f.jpg
c61b4ee0-81f5-4bda-90c4-62039db041b5,https://inaturalist-open-data.s3.amazonaws.com/photos/4411531/medium.jpg,145230,Kirtland's Warbler,data/new_raw/images/c61b4ee0-81f5-4bda-90c4-62039db041b5.jpg
0071cf67-a1d8-4f28-b9f6-29a379155c6f,https://inaturalist-open-data.s3.amazonaws.com/photos/4425759/medium.jpg,40522,Eastern Red Bat,data/new_raw/images/0071cf67-a1d8-4f28-b9f6-29a379155c6f.jpg
ad92e3bd-959e-400e-a52d-c83542cc76df,https://inaturalist-open-data.s3.amazonaws.com/photos/4425768/medium.jpg,10373,Brown-headed Cowbird,data/new_raw/images/ad92e3bd-959e-400e-a52d-c83542cc76df.jpg
e7c0b322-e6c1-4a36-8c7c-50ef0705dbb2,https://inaturalist-open-data.s3.amazonaws.com/photos/4425771/medium.jpg,144883,Winter Wren,data/new_raw/images/e7c0b322-e6c1-4a36-8c7c-50ef0705dbb2.jpg
0e80d96e-8434-4f1b-a742-7fb150d98468,https://inaturalist-open-data.s3.amazonaws.com/photos/4425773/medium.jpg,117100,Golden-crowned Kinglet,data/new_raw/images/0e80d96e-8434-4f1b-a742-7fb150d98468.jpg
3fdb3565-ed4d-4924-900b-27a420ca7fdc,https://inaturalist-open-data.s3.amazonaws.com/photos/4425784/medium.jpg,18205,Red-bellied Woodpecker,data/new_raw/images/3fdb3565-ed4d-4924-900b-27a420ca7fdc.jpg
5ae887e5-34f6-4029-8402-8161763455c9,https://inaturalist-open-data.s3.amazonaws.com/photos/4425787/medium.jpg,12727,American Robin,data/new_raw/images/5ae887e5-34f6-4029-8402-8161763455c9.jpg
ffc06929-c57e-47be-a052-d7bde793af52,https://inaturalist-open-data.s3.amazonaws.com/photos/4439741/medium.jpg,6930,Mallard,data/new_raw/images/ffc06929-c57e-47be-a052-d7bde793af52.jpg
27531f88-32ec-4213-9b16-a63c2f8967ec,https://inaturalist-open-data.s3.amazonaws.com/photos/4439747/medium.jpg,4672,Merlin,data/new_raw/images/27531f88-32ec-4213-9b16-a63c2f8967ec.jpg
ed9fb2b8-9ca1-4a1b-93b1-5484e1a44ed3,https://inaturalist-open-data.s3.amazonaws.com/photos/4462942/medium.jpeg,120479,Domestic Greylag Goose,data/new_raw/images/ed9fb2b8-9ca1-4a1b-93b1-5484e1a44ed3.jpg
bfa183f5-49db-461f-909a-6c3aad40572e,https://static.inaturalist.org/photos/4470896/medium.jpeg,118552,Domestic Cat,data/new_raw/images/bfa183f5-49db-461f-909a-6c3aad40572e.jpg
2f69b2eb-2668-494b-9cc7-d49e6f90131c,https://static.inaturalist.org/photos/4473666/medium.jpg,7089,Canada Goose,data/new_raw/images/2f69b2eb-2668-494b-9cc7-d49e6f90131c.jpg
1498a4f8-92b0-4546-919a-7e05f9f1488b,https://inaturalist-open-data.s3.amazonaws.com/photos/4474670/medium.jpeg,7089,Canada Goose,data/new_raw/images/1498a4f8-92b0-4546-919a-7e05f9f1488b.jpg
72e4f3bd-9e40-4a7f-95ee-b2864915da6d,https://inaturalist-open-data.s3.amazonaws.com/photos/4474688/medium.jpeg,16782,Eastern Kingbird,data/new_raw/images/72e4f3bd-9e40-4a7f-95ee-b2864915da6d.jpg
52e3586b-ca51-4329-96b5-f7d812fce01f,https://static.inaturalist.org/photos/4480466/medium.jpg,47144,Domestic Dog,data/new_raw/images/52e3586b-ca51-4329-96b5-f7d812fce01f.jpg
03b1f5f7-08da-4f58-8312-2b7a985e7e24,https://inaturalist-open-data.s3.amazonaws.com/photos/4482810/medium.jpg,42223,White-tailed Deer,data/new_raw/images/03b1f5f7-08da-4f58-8312-2b7a985e7e24.jpg
d2fd640d-446a-46ce-9cb0-65e148fc5a49,https://inaturalist-open-data.s3.amazonaws.com/photos/4497020/medium.jpg,120479,Domestic Greylag Goose,data/new_raw/images/d2fd640d-446a-46ce-9cb0-65e148fc5a49.jpg
7ed05993-46e7-4c56-b847-ac5ca7184613,https://inaturalist-open-data.s3.amazonaws.com/photos/4507903/medium.jpeg,72458,Spotted Sandpiper,data/new_raw/images/7ed05993-46e7-4c56-b847-ac5ca7184613.jpg
40986772-505d-4210-a495-4569b26902eb,https://static.inaturalist.org/photos/4509785/medium.jpg,46017,Eastern Gray Squirrel,data/new_raw/images/40986772-505d-4210-a495-4569b26902eb.jpg
5d45f0a2-b97a-46b8-8807-b5bf95c492da,https://inaturalist-open-data.s3.amazonaws.com/photos/4510730/medium.jpeg,42223,White-tailed Deer,data/new_raw/images/5d45f0a2-b97a-46b8-8807-b5bf95c492da.jpg
e49f252a-d59c-45d1-a34c-fbb56d78588e,https://inaturalist-open-data.s3.amazonaws.com/photos/4513486/medium.jpg,7019,Greater White-fronted Goose,data/new_raw/images/e49f252a-d59c-45d1-a34c-fbb56d78588e.jpg
bd1b31a3-fdaa-4ba3-9c6a-f2bbcbcf8cd6,https://inaturalist-open-data.s3.amazonaws.com/photos/4513594/medium.jpg,59220,Cackling Goose,data/new_raw/images/bd1b31a3-fdaa-4ba3-9c6a-f2bbcbcf8cd6.jpg
e7b064a6-a0c4-4071-93a8-9eb43cba9b30,https://inaturalist-open-data.s3.amazonaws.com/photos/4513618/medium.jpg,7089,Canada Goose,data/new_raw/images/e7b064a6-a0c4-4071-93a8-9eb43cba9b30.jpg
af963535-4eef-4e47-9413-66514c4b3143,https://inaturalist-open-data.s3.amazonaws.com/photos/4513683/medium.jpg,7107,Wood Duck,data/new_raw/images/af963535-4eef-4e47-9413-66514c4b3143.jpg
8ad47aa7-9d56-4ff9-82d9-b6082ce2e153,https://inaturalist-open-data.s3.amazonaws.com/photos/4513689/medium.jpg,558439,Gadwall,data/new_raw/images/8ad47aa7-9d56-4ff9-82d9-b6082ce2e153.jpg
9f8cfef9-6a6a-40b4-b10f-be045c4d1cf3,https://inaturalist-open-data.s3.amazonaws.com/photos/4513915/medium.jpg,7044,Ring-necked Duck,data/new_raw/images/9f8cfef9-6a6a-40b4-b10f-be045c4d1cf3.jpg
d2f51264-342c-4aad-897a-77ed957cdebe,https://inaturalist-open-data.s3.amazonaws.com/photos/4513968/medium.jpg,7054,Lesser Scaup,data/new_raw/images/d2f51264-342c-4aad-897a-77ed957cdebe.jpg
1b0fbba5-f3be-4d67-ab6c-4c6aeceb322d,https://inaturalist-open-data.s3.amazonaws.com/photos/4514922/medium.jpeg,4981,Black-crowned Night Heron,data/new_raw/images/1b0fbba5-f3be-4d67-ab6c-4c6aeceb322d.jpg
3c026caa-98e3-4b86-a166-64017415ae14,https://inaturalist-open-data.s3.amazonaws.com/photos/4522982/medium.jpeg,72458,Spotted Sandpiper,data/new_raw/images/3c026caa-98e3-4b86-a166-64017415ae14.jpg
25ed9533-2e28-4569-905e-3d9a42749107,https://inaturalist-open-data.s3.amazonaws.com/photos/4523023/medium.jpeg,1579017,Cooper's Hawk,data/new_raw/images/25ed9533-2e28-4569-905e-3d9a42749107.jpg
1cebb7d8-59a6-4915-825b-d9f6d7e857ce,https://inaturalist-open-data.s3.amazonaws.com/photos/4523040/medium.jpeg,6432,Ruby-throated Hummingbird,data/new_raw/images/1cebb7d8-59a6-4915-825b-d9f6d7e857ce.jpg
16713a10-9742-432e-9454-0e9dd5c059a7,https://inaturalist-open-data.s3.amazonaws.com/photos/4523048/medium.jpeg,17394,Warbling Vireo,data/new_raw/images/16713a10-9742-432e-9454-0e9dd5c059a7.jpg
23d90dcc-2071-44f6-8857-fa0a23a7ba3d,https://inaturalist-open-data.s3.amazonaws.com/photos/4523059/medium.jpeg,5020,Green Heron,data/new_raw/images/23d90dcc-2071-44f6-8857-fa0a23a7ba3d.jpg
0dcafb81-ace1-4b0e-a748-0389a6cd1010,https://inaturalist-open-data.s3.amazonaws.com/photos/4523063/medium.jpeg,14995,Gray Catbird,data/new_raw/images/0dcafb81-ace1-4b0e-a748-0389a6cd1010.jpg
9b98197c-beca-433b-8d76-ba7fc533b93f,https://inaturalist-open-data.s3.amazonaws.com/photos/4523071/medium.jpeg,7107,Wood Duck,data/new_raw/images/9b98197c-beca-433b-8d76-ba7fc533b93f.jpg
e8d190f2-a8ec-44ec-b7ba-49f45e745676,https://inaturalist-open-data.s3.amazonaws.com/photos/4523106/medium.jpeg,3862,Semipalmated Sandpiper,data/new_raw/images/e8d190f2-a8ec-44ec-b7ba-49f45e745676.jpg
5fff7cf0-61ce-4cc3-82ad-aa81da564ba6,https://inaturalist-open-data.s3.amazonaws.com/photos/4523114/medium.jpeg,199840,House Finch,data/new_raw/images/5fff7cf0-61ce-4cc3-82ad-aa81da564ba6.jpg
ee71f99b-eaa5-4c67-a9df-006157db86de,https://inaturalist-open-data.s3.amazonaws.com/photos/4523121/medium.jpeg,10227,Indigo Bunting,data/new_raw/images/ee71f99b-eaa5-4c67-a9df-006157db86de.jpg
24528883-a9c3-47cd-a32f-08f470cea8fc,https://inaturalist-open-data.s3.amazonaws.com/photos/4523132/medium.jpeg,11867,Purple Martin,data/new_raw/images/24528883-a9c3-47cd-a32f-08f470cea8fc.jpg
08d41c9f-2b28-4cc9-9049-5fa0ca35758a,https://inaturalist-open-data.s3.amazonaws.com/photos/4528954/medium.jpeg,8021,American Crow,data/new_raw/images/08d41c9f-2b28-4cc9-9049-5fa0ca35758a.jpg
44533a49-0a88-4515-9ed8-c91430787355,https://inaturalist-open-data.s3.amazonaws.com/photos/4528975/medium.jpeg,46017,Eastern Gray Squirrel,data/new_raw/images/44533a49-0a88-4515-9ed8-c91430787355.jpg
0caa5ab4-c910-4de4-b073-d02797068a26,https://inaturalist-open-data.s3.amazonaws.com/photos/4529029/medium.jpeg,6930,Mallard,data/new_raw/images/0caa5ab4-c910-4de4-b073-d02797068a26.jpg
9b24c91a-ee46-4b5d-b9a7-e30524607b5e,https://inaturalist-open-data.s3.amazonaws.com/photos/4529054/medium.jpeg,4364,Ring-billed Gull,data/new_raw/images/9b24c91a-ee46-4b5d-b9a7-e30524607b5e.jpg
bb91f531-2e8d-4983-a642-5b0d990c330c,https://inaturalist-open-data.s3.amazonaws.com/photos/4530673/medium.jpg,144222,White-winged Scoter,data/new_raw/images/bb91f531-2e8d-4983-a642-5b0d990c330c.jpg
bb463576-87f2-4980-8387-9090cb0c1d4d,https://inaturalist-open-data.s3.amazonaws.com/photos/4530721/medium.jpg,6990,Common Goldeneye,data/new_raw/images/bb463576-87f2-4980-8387-9090cb0c1d4d.jpg
08b1004e-41c9-487a-90ce-7e3abddd006e,https://inaturalist-open-data.s3.amazonaws.com/photos/4530794/medium.jpg,6996,Red-breasted Merganser,data/new_raw/images/08b1004e-41c9-487a-90ce-7e3abddd006e.jpg
d0e05056-64f1-4443-b350-633470f42ffe,https://inaturalist-open-data.s3.amazonaws.com/photos/4531167/medium.jpg,43111,Eastern Cottontail,data/new_raw/images/d0e05056-64f1-4443-b350-633470f42ffe.jpg
f110cfaa-951e-4b10-9e28-f16edc365032,https://static.inaturalist.org/photos/4540681/medium.jpg,12727,American Robin,data/new_raw/images/f110cfaa-951e-4b10-9e28-f16edc365032.jpg
faf754be-045a-4fa2-b17a-e2b301db85c0,https://static.inaturalist.org/photos/4541497/medium.jpg,4956,Great Blue Heron,data/new_raw/images/faf754be-045a-4fa2-b17a-e2b301db85c0.jpg
19cb5be2-4ff5-4b20-8857-b49c5ec0fb44,https://inaturalist-open-data.s3.amazonaws.com/photos/4546741/medium.jpeg,5020,Green Heron,data/new_raw/images/19cb5be2-4ff5-4b20-8857-b49c5ec0fb44.jpg
3f003571-9312-4071-bfc8-0b9128e1fe83,https://inaturalist-open-data.s3.amazonaws.com/photos/4546771/medium.jpeg,4956,Great Blue Heron,data/new_raw/images/3f003571-9312-4071-bfc8-0b9128e1fe83.jpg
2422dff8-6200-498e-bf00-5b9f5872fd47,https://inaturalist-open-data.s3.amazonaws.com/photos/4546921/medium.jpeg,6930,Mallard,data/new_raw/images/2422dff8-6200-498e-bf00-5b9f5872fd47.jpg
81556fcb-df58-4314-8760-ec7a42f023c2,https://inaturalist-open-data.s3.amazonaws.com/photos/4551241/medium.jpeg,342169,American Barn Swallow,data/new_raw/images/81556fcb-df58-4314-8760-ec7a42f023c2.jpg
ceb0472c-b786-4a52-a40d-5c89ce75dca0,https://inaturalist-open-data.s3.amazonaws.com/photos/4551427/medium.jpeg,12727,American Robin,data/new_raw/images/ceb0472c-b786-4a52-a40d-5c89ce75dca0.jpg
09517c60-4518-48c8-8dda-42984dc34656,https://static.inaturalist.org/photos/4551923/medium.jpg,43584,Human,data/new_raw/images/09517c60-4518-48c8-8dda-42984dc34656.jpg
58576f6d-6e5a-408f-8b14-3fed4d49049a,https://inaturalist-open-data.s3.amazonaws.com/photos/4551768/medium.jpeg,9602,Common Grackle,data/new_raw/images/58576f6d-6e5a-408f-8b14-3fed4d49049a.jpg
4c6e16a0-6248-423c-a7d3-ff54670049a8,https://inaturalist-open-data.s3.amazonaws.com/photos/4551940/medium.jpeg,13858,House Sparrow,data/new_raw/images/4c6e16a0-6248-423c-a7d3-ff54670049a8.jpg
f06cbed1-3e28-4d92-8b95-76a1277b333f,https://static.inaturalist.org/photos/4555283/medium.jpg,14995,Gray Catbird,data/new_raw/images/f06cbed1-3e28-4d92-8b95-76a1277b333f.jpg
29cd362c-35ed-4c8e-8b76-a2a545c09ef4,https://static.inaturalist.org/photos/4572538/medium.jpeg,4981,Black-crowned Night Heron,data/new_raw/images/29cd362c-35ed-4c8e-8b76-a2a545c09ef4.jpg
d218d2a4-3ad7-41d7-8878-d09e414b060b,https://static.inaturalist.org/photos/4583224/medium.jpg,6930,Mallard,data/new_raw/images/d218d2a4-3ad7-41d7-8878-d09e414b060b.jpg
cd62937d-2f86-4af1-94b1-b8c04ab544c9,https://inaturalist-open-data.s3.amazonaws.com/photos/4592546/medium.jpg,145310,American Goldfinch,data/new_raw/images/cd62937d-2f86-4af1-94b1-b8c04ab544c9.jpg
a11de58b-a5bf-48a8-aef8-bcc52c452457,https://inaturalist-open-data.s3.amazonaws.com/photos/4614751/medium.jpg,46017,Eastern Gray Squirrel,data/new_raw/images/a11de58b-a5bf-48a8-aef8-bcc52c452457.jpg
49ccc43b-7a64-4f80-a311-88dce19ace02,https://inaturalist-open-data.s3.amazonaws.com/photos/4614753/medium.jpg,46017,Eastern Gray Squirrel,data/new_raw/images/49ccc43b-7a64-4f80-a311-88dce19ace02.jpg
41c7cbbf-b0f4-4fab-93d5-bda75c8532c8,https://inaturalist-open-data.s3.amazonaws.com/photos/4622152/medium.jpg,9744,Red-winged Blackbird,data/new_raw/images/41c7cbbf-b0f4-4fab-93d5-bda75c8532c8.jpg
3cdcfafa-84f3-4f16-88ef-cc8fe5cdc61b,https://inaturalist-open-data.s3.amazonaws.com/photos/4629039/medium.jpg,43794,American Beaver,data/new_raw/images/3cdcfafa-84f3-4f16-88ef-cc8fe5cdc61b.jpg
97b2bfe8-69f4-40a7-9e3e-1043f9486e2d,https://static.inaturalist.org/photos/4642703/medium.jpg,13858,House Sparrow,data/new_raw/images/97b2bfe8-69f4-40a7-9e3e-1043f9486e2d.jpg
fa537518-4921-44ca-86c0-9a5fd79121e0,https://inaturalist-open-data.s3.amazonaws.com/photos/4640439/medium.jpg,4364,Ring-billed Gull,data/new_raw/images/fa537518-4921-44ca-86c0-9a5fd79121e0.jpg
6ca21c39-0c0a-449e-9dd6-3ea872919755,https://inaturalist-open-data.s3.amazonaws.com/photos/4640488/medium.jpg,6930,Mallard,data/new_raw/images/6ca21c39-0c0a-449e-9dd6-3ea872919755.jpg
12b64bf4-4ef6-47f1-91ff-a3f50c0618dc,https://inaturalist-open-data.s3.amazonaws.com/photos/4640677/medium.jpeg,41663,Common Raccoon,data/new_raw/images/12b64bf4-4ef6-47f1-91ff-a3f50c0618dc.jpg
2e97eb61-b3c7-4613-8f23-a1d71497326d,https://inaturalist-open-data.s3.amazonaws.com/photos/4644377/medium.jpg,4956,Great Blue Heron,data/new_raw/images/2e97eb61-b3c7-4613-8f23-a1d71497326d.jpg
339b95a6-6eb0-4d7d-b998-68ee4fe8c6f1,https://inaturalist-open-data.s3.amazonaws.com/photos/4644398/medium.jpg,7089,Canada Goose,data/new_raw/images/339b95a6-6eb0-4d7d-b998-68ee4fe8c6f1.jpg
29a4aa94-73e8-4369-9b3d-b04311d753aa,https://inaturalist-open-data.s3.amazonaws.com/photos/4647720/medium.jpg,4364,Ring-billed Gull,data/new_raw/images/29a4aa94-73e8-4369-9b3d-b04311d753aa.jpg
69970ae4-2e62-48ff-aa18-9e9d317ebb12,https://inaturalist-open-data.s3.amazonaws.com/photos/4651709/medium.jpg,9744,Red-winged Blackbird,data/new_raw/images/69970ae4-2e62-48ff-aa18-9e9d317ebb12.jpg
7a46c2d1-5273-4a88-be95-5ddf682a5a2d,https://inaturalist-open-data.s3.amazonaws.com/photos/4651714/medium.jpg,9744,Red-winged Blackbird,data/new_raw/images/7a46c2d1-5273-4a88-be95-5ddf682a5a2d.jpg
18947889-5c07-44f7-8e09-84dc1bd10ef4,https://inaturalist-open-data.s3.amazonaws.com/photos/4651879/medium.jpg,13858,House Sparrow,data/new_raw/images/18947889-5c07-44f7-8e09-84dc1bd10ef4.jpg
34ce6d3d-bcf8-41c4-a4ad-84779ed92fa3,https://inaturalist-open-data.s3.amazonaws.com/photos/4653173/medium.jpg,9744,Red-winged Blackbird,data/new_raw/images/34ce6d3d-bcf8-41c4-a4ad-84779ed92fa3.jpg
5b3fb495-3b28-49a5-bdb2-a40159131978,https://inaturalist-open-data.s3.amazonaws.com/photos/4661607/medium.jpg,9744,Red-winged Blackbird,data/new_raw/images/5b3fb495-3b28-49a5-bdb2-a40159131978.jpg
bf313973-2c63-4655-8308-fe2ea68f9f78,https://inaturalist-open-data.s3.amazonaws.com/photos/4668364/medium.jpg,4364,Ring-billed Gull,data/new_raw/images/bf313973-2c63-4655-8308-fe2ea68f9f78.jpg
265ba950-93eb-48ef-9807-51617e1cf8c7,https://inaturalist-open-data.s3.amazonaws.com/photos/4671327/medium.jpeg,10286,Black-and-white Warbler,data/new_raw/images/265ba950-93eb-48ef-9807-51617e1cf8c7.jpg
256647e8-a724-436e-9466-18e4e18f84d0,https://inaturalist-open-data.s3.amazonaws.com/photos/4671331/medium.jpeg,16602,Least Flycatcher,data/new_raw/images/256647e8-a724-436e-9466-18e4e18f84d0.jpg
bada7247-c244-4b22-b7de-9f60d859010c,https://inaturalist-open-data.s3.amazonaws.com/photos/4671334/medium.jpeg,3864,Least Sandpiper,data/new_raw/images/bada7247-c244-4b22-b7de-9f60d859010c.jpg
4d0edabd-2b1a-445d-911c-54eee37dee4b,https://inaturalist-open-data.s3.amazonaws.com/photos/4671340/medium.jpeg,11901,Barn Swallow,data/new_raw/images/4d0edabd-2b1a-445d-911c-54eee37dee4b.jpg
76e4db3a-c8ee-4031-9f78-21da21f4ce06,https://inaturalist-open-data.s3.amazonaws.com/photos/4671341/medium.jpeg,9981,Savannah Sparrow,data/new_raw/images/76e4db3a-c8ee-4031-9f78-21da21f4ce06.jpg
f7ad97be-50ec-4add-88d2-5464dda92648,https://inaturalist-open-data.s3.amazonaws.com/photos/4671342/medium.jpeg,9346,Baltimore Oriole,data/new_raw/images/f7ad97be-50ec-4add-88d2-5464dda92648.jpg
d818939b-884e-46da-b69d-a507a95c0a13,https://inaturalist-open-data.s3.amazonaws.com/photos/4671357/medium.jpeg,199840,House Finch,data/new_raw/images/d818939b-884e-46da-b69d-a507a95c0a13.jpg
cd491fec-02f1-4fa6-870b-5a814202fc74,https://inaturalist-open-data.s3.amazonaws.com/photos/4676465/medium.jpg,122767,Feral Pigeon,data/new_raw/images/cd491fec-02f1-4fa6-870b-5a814202fc74.jpg
bce76a69-8a9f-46fe-b4c0-419d304d605b,https://inaturalist-open-data.s3.amazonaws.com/photos/4688076/medium.jpeg,9100,Song Sparrow,data/new_raw/images/bce76a69-8a9f-46fe-b4c0-419d304d605b.jpg
9d3b34e8-86d3-448e-b190-97dd8314deb7,https://inaturalist-open-data.s3.amazonaws.com/photos/4688092/medium.jpeg,4665,American Kestrel,data/new_raw/images/9d3b34e8-86d3-448e-b190-97dd8314deb7.jpg
79e6d5e5-afbd-4cf2-bfc1-f77175930576,https://inaturalist-open-data.s3.amazonaws.com/photos/4688098/medium.jpeg,9083,Northern Cardinal,data/new_raw/images/79e6d5e5-afbd-4cf2-bfc1-f77175930576.jpg
baa8ccc1-8431-423d-adf9-12f02bdf629a,https://inaturalist-open-data.s3.amazonaws.com/photos/4688102/medium.jpeg,4793,Killdeer,data/new_raw/images/baa8ccc1-8431-423d-adf9-12f02bdf629a.jpg
675dc4a3-fc83-4dc1-b296-de19f61a80b1,https://inaturalist-open-data.s3.amazonaws.com/photos/4688107/medium.jpeg,11970,Northern Rough-winged Swallow,data/new_raw/images/675dc4a3-fc83-4dc1-b296-de19f61a80b1.jpg
0b0df750-a990-4b77-b3fb-0944a9ded9ca,https://inaturalist-open-data.s3.amazonaws.com/photos/4688165/medium.jpeg,9602,Common Grackle,data/new_raw/images/0b0df750-a990-4b77-b3fb-0944a9ded9ca.jpg
65595c02-d435-43fd-9263-9976cccc2fc1,https://inaturalist-open-data.s3.amazonaws.com/photos/4688189/medium.jpeg,10286,Black-and-white Warbler,data/new_raw/images/65595c02-d435-43fd-9263-9976cccc2fc1.jpg
b72e2e69-a261-4c6f-9e8e-5b4b2f72024e,https://inaturalist-open-data.s3.amazonaws.com/photos/4688206/medium.jpeg,891704,Red-eyed Vireo,data/new_raw/images/b72e2e69-a261-4c6f-9e8e-5b4b2f72024e.jpg
f207de34-273f-4eef-ab28-ef740b8a2cad,https://inaturalist-open-data.s3.amazonaws.com/photos/4688212/medium.jpeg,3845,Red Knot,data/new_raw/images/f207de34-273f-4eef-ab28-ef740b8a2cad.jpg
cfff8026-bca7-4c4a-96ad-764d8012f317,https://inaturalist-open-data.s3.amazonaws.com/photos/4688259/medium.jpeg,3864,Least Sandpiper,data/new_raw/images/cfff8026-bca7-4c4a-96ad-764d8012f317.jpg
ffa114ee-2b17-4ea9-a557-363a4d2ff2e2,https://inaturalist-open-data.s3.amazonaws.com/photos/4688267/medium.jpeg,4817,Semipalmated Plover,data/new_raw/images/ffa114ee-2b17-4ea9-a557-363a4d2ff2e2.jpg
70fbaf4a-5a6b-48c2-aedb-2fa412d5aa6b,https://inaturalist-open-data.s3.amazonaws.com/photos/4688272/medium.jpeg,3864,Least Sandpiper,data/new_raw/images/70fbaf4a-5a6b-48c2-aedb-2fa412d5aa6b.jpg
c693896d-d2a1-46e1-b0a9-413cd54b5fdc,https://inaturalist-open-data.s3.amazonaws.com/photos/4688282/medium.jpeg,12901,Veery,data/new_raw/images/c693896d-d2a1-46e1-b0a9-413cd54b5fdc.jpg
b808a4e5-5565-474d-b81e-1cf528b4d968,https://inaturalist-open-data.s3.amazonaws.com/photos/4688296/medium.jpeg,979756,Tennessee Warbler,data/new_raw/images/b808a4e5-5565-474d-b81e-1cf528b4d968.jpg
052cafb6-bf89-4efc-862d-3b28575871e8,https://inaturalist-open-data.s3.amazonaws.com/photos/4697202/medium.jpg,46020,Eastern Fox Squirrel,data/new_raw/images/052cafb6-bf89-4efc-862d-3b28575871e8.jpg
f5a7f123-1a67-4b0e-9674-f70cc4a3577a,https://inaturalist-open-data.s3.amazonaws.com/photos/4708290/medium.jpeg,16100,Eastern Wood-Pewee,data/new_raw/images/f5a7f123-1a67-4b0e-9674-f70cc4a3577a.jpg
d9e36042-f637-4a4e-8b25-f71e09b31808,https://inaturalist-open-data.s3.amazonaws.com/photos/4708385/medium.jpeg,7107,Wood Duck,data/new_raw/images/d9e36042-f637-4a4e-8b25-f71e09b31808.jpg
a068b051-c0e1-4476-a165-df92ee0b0491,https://inaturalist-open-data.s3.amazonaws.com/photos/4708389/medium.jpeg,4981,Black-crowned Night Heron,data/new_raw/images/a068b051-c0e1-4476-a165-df92ee0b0491.jpg
01e6b5ca-0dc8-4096-bf15-1af6462d94c1,https://static.inaturalist.org/photos/4726795/medium.jpg,7089,Canada Goose,data/new_raw/images/01e6b5ca-0dc8-4096-bf15-1af6462d94c1.jpg
b530cdbc-427c-4e6b-9b50-670b2f2c2bd1,https://static.inaturalist.org/photos/4727941/medium.jpg,42223,White-tailed Deer,data/new_raw/images/b530cdbc-427c-4e6b-9b50-670b2f2c2bd1.jpg
ab00e96d-9295-4c19-b527-f214f0719b87,https://inaturalist-open-data.s3.amazonaws.com/photos/4729394/medium.jpeg,4892,Black-bellied Plover,data/new_raw/images/ab00e96d-9295-4c19-b527-f214f0719b87.jpg
42da27ea-7fbc-491d-9442-35ed26ca9dfe,https://inaturalist-open-data.s3.amazonaws.com/photos/4763801/medium.jpeg,4246,Pied-billed Grebe,data/new_raw/images/42da27ea-7fbc-491d-9442-35ed26ca9dfe.jpg
74d372b6-72b1-4587-8ea0-d984bc664761,https://inaturalist-open-data.s3.amazonaws.com/photos/4763965/medium.jpeg,14823,Red-breasted Nuthatch,data/new_raw/images/74d372b6-72b1-4587-8ea0-d984bc664761.jpg
89262841-5d9c-4544-bb33-be1220f64c1f,https://inaturalist-open-data.s3.amazonaws.com/photos/4763967/medium.jpeg,145235,Magnolia Warbler,data/new_raw/images/89262841-5d9c-4544-bb33-be1220f64c1f.jpg
604752d4-0960-4b18-8619-159c290cc730,https://inaturalist-open-data.s3.amazonaws.com/photos/4771027/medium.jpeg,5212,Red-tailed Hawk,data/new_raw/images/604752d4-0960-4b18-8619-159c290cc730.jpg
79249408-c977-4561-b565-2e9af9b25150,https://inaturalist-open-data.s3.amazonaws.com/photos/4773333/medium.jpeg,6571,Chimney Swift,data/new_raw/images/79249408-c977-4561-b565-2e9af9b25150.jpg
70d1519c-3261-4cbf-b9f7-71b5e5f7716f,https://inaturalist-open-data.s3.amazonaws.com/photos/4773338/medium.jpeg,1579017,Cooper's Hawk,data/new_raw/images/70d1519c-3261-4cbf-b9f7-71b5e5f7716f.jpg
58b6ac7e-680a-4115-aee9-af8fb2609e27,https://inaturalist-open-data.s3.amazonaws.com/photos/4773346/medium.jpeg,46217,Eastern Chipmunk,data/new_raw/images/58b6ac7e-680a-4115-aee9-af8fb2609e27.jpg
d08bbd20-8d15-409f-af91-c6d81bae73f1,https://inaturalist-open-data.s3.amazonaws.com/photos/4773351/medium.jpeg,16602,Least Flycatcher,data/new_raw/images/d08bbd20-8d15-409f-af91-c6d81bae73f1.jpg
af994912-9450-49aa-ae7a-a0c2e27130c6,https://inaturalist-open-data.s3.amazonaws.com/photos/4773360/medium.jpeg,16602,Least Flycatcher,data/new_raw/images/af994912-9450-49aa-ae7a-a0c2e27130c6.jpg
a21167b8-356f-40ec-ba8b-21de065d4003,https://inaturalist-open-data.s3.amazonaws.com/photos/4773396/medium.jpeg,145233,Northern Parula,data/new_raw/images/a21167b8-356f-40ec-ba8b-21de065d4003.jpg
8fb2d006-6cb9-475a-aca2-85a8f0834991,https://inaturalist-open-data.s3.amazonaws.com/photos/4773399/medium.jpeg,1579017,Cooper's Hawk,data/new_raw/images/8fb2d006-6cb9-475a-aca2-85a8f0834991.jpg
68077776-cd5d-4f98-858e-96f1d0276723,https://inaturalist-open-data.s3.amazonaws.com/photos/4773409/medium.jpeg,145238,Yellow Warbler,data/new_raw/images/68077776-cd5d-4f98-858e-96f1d0276723.jpg
32e9ed04-3d8d-457a-8d99-4339486a1f22,https://inaturalist-open-data.s3.amazonaws.com/photos/4773421/medium.jpeg,145240,Blackpoll Warbler,data/new_raw/images/32e9ed04-3d8d-457a-8d99-4339486a1f22.jpg
e2e07c41-e8ff-4d24-bb90-3555a379cdf5,https://inaturalist-open-data.s3.amazonaws.com/photos/4773416/medium.jpeg,145310,American Goldfinch,data/new_raw/images/e2e07c41-e8ff-4d24-bb90-3555a379cdf5.jpg
b04bbf69-ac44-4751-926c-f60f42a65f65,https://inaturalist-open-data.s3.amazonaws.com/photos/4829728/medium.jpeg,10247,American Redstart,data/new_raw/images/b04bbf69-ac44-4751-926c-f60f42a65f65.jpg
39cd1df5-17f2-47c9-8b61-ab2a69542fcc,https://inaturalist-open-data.s3.amazonaws.com/photos/4829612/medium.jpeg,16597,Empidonax Flycatchers,data/new_raw/images/39cd1df5-17f2-47c9-8b61-ab2a69542fcc.jpg
73987532-c23a-4572-b2b5-5670cc48d8b1,https://inaturalist-open-data.s3.amazonaws.com/photos/4829632/medium.jpeg,145235,Magnolia Warbler,data/new_raw/images/73987532-c23a-4572-b2b5-5670cc48d8b1.jpg
ecf0943e-3c99-4626-9772-ba403ec27f9d,https://inaturalist-open-data.s3.amazonaws.com/photos/4829653/medium.jpeg,145239,Chestnut-sided Warbler,data/new_raw/images/ecf0943e-3c99-4626-9772-ba403ec27f9d.jpg
03015c9d-983a-4309-8710-687054f4575d,https://inaturalist-open-data.s3.amazonaws.com/photos/4829661/medium.jpeg,3850,Stilt Sandpiper,data/new_raw/images/03015c9d-983a-4309-8710-687054f4575d.jpg
932057c5-4f4b-4260-a117-ea3b72741270,https://inaturalist-open-data.s3.amazonaws.com/photos/4829668/medium.jpeg,1965,Yellow-billed Cuckoo,data/new_raw/images/932057c5-4f4b-4260-a117-ea3b72741270.jpg
960baf9b-d6cd-4ae6-a527-93e0e69d3791,https://inaturalist-open-data.s3.amazonaws.com/photos/4829676/medium.jpeg,4981,Black-crowned Night Heron,data/new_raw/images/960baf9b-d6cd-4ae6-a527-93e0e69d3791.jpg
a8358c02-bdcd-40b8-9671-4ccd0d244820,https://inaturalist-open-data.s3.amazonaws.com/photos/4829695/medium.jpeg,145242,Palm Warbler,data/new_raw/images/a8358c02-bdcd-40b8-9671-4ccd0d244820.jpg
98359370-b2a6-40a9-8073-67ead046aeba,https://inaturalist-open-data.s3.amazonaws.com/photos/4829700/medium.jpeg,979753,Nashville Warbler,data/new_raw/images/98359370-b2a6-40a9-8073-67ead046aeba.jpg
5b4942bb-74bf-4e7f-822a-63eecc7a5e4e,https://inaturalist-open-data.s3.amazonaws.com/photos/4829736/medium.jpeg,979756,Tennessee Warbler,data/new_raw/images/5b4942bb-74bf-4e7f-822a-63eecc7a5e4e.jpg
0a825ac1-1ce8-448f-a2e9-3492e5f38081,https://inaturalist-open-data.s3.amazonaws.com/photos/4829742/medium.jpeg,12878,Swainson's Thrush,data/new_raw/images/0a825ac1-1ce8-448f-a2e9-3492e5f38081.jpg
c4e1ac36-c984-4a8b-b507-c38b69e71070,https://inaturalist-open-data.s3.amazonaws.com/photos/4829744/medium.jpeg,17394,Warbling Vireo,data/new_raw/images/c4e1ac36-c984-4a8b-b507-c38b69e71070.jpg
bd1df99d-8bdc-40d2-808f-8519882aedc8,https://inaturalist-open-data.s3.amazonaws.com/photos/4829767/medium.jpeg,16597,Empidonax Flycatchers,data/new_raw/images/bd1df99d-8bdc-40d2-808f-8519882aedc8.jpg
244c98a2-6524-47c8-b09c-3e5ef54f9a86,https://inaturalist-open-data.s3.amazonaws.com/photos/4829780/medium.jpeg,10247,American Redstart,data/new_raw/images/244c98a2-6524-47c8-b09c-3e5ef54f9a86.jpg
b973913e-3bdb-42ac-8912-42edc9db69a2,https://inaturalist-open-data.s3.amazonaws.com/photos/4829787/medium.jpeg,145240,Blackpoll Warbler,data/new_raw/images/b973913e-3bdb-42ac-8912-42edc9db69a2.jpg
38f3ae6b-b341-4f5a-8ec9-cfe41705ceda,https://inaturalist-open-data.s3.amazonaws.com/photos/4829794/medium.jpeg,145240,Blackpoll Warbler,data/new_raw/images/38f3ae6b-b341-4f5a-8ec9-cfe41705ceda.jpg
cb6fe871-e971-41f6-98a3-13fc795f8fa7,https://inaturalist-open-data.s3.amazonaws.com/photos/4829797/medium.jpeg,979756,Tennessee Warbler,data/new_raw/images/cb6fe871-e971-41f6-98a3-13fc795f8fa7.jpg
9aed8590-9ddf-45b6-8e11-c7f051537590,https://inaturalist-open-data.s3.amazonaws.com/photos/4829811/medium.jpeg,145239,Chestnut-sided Warbler,data/new_raw/images/9aed8590-9ddf-45b6-8e11-c7f051537590.jpg
814bbbbb-4e92-4764-9985-646dbd56c3e4,https://inaturalist-open-data.s3.amazonaws.com/photos/4829826/medium.jpeg,4647,Peregrine Falcon,data/new_raw/images/814bbbbb-4e92-4764-9985-646dbd56c3e4.jpg
ad8575d0-d9df-4ecc-8c76-c465a596d785,https://inaturalist-open-data.s3.amazonaws.com/photos/4829830/medium.jpeg,4665,American Kestrel,data/new_raw/images/ad8575d0-d9df-4ecc-8c76-c465a596d785.jpg
053900e1-22ea-4a58-ac1d-43a0b77b6616,https://inaturalist-open-data.s3.amazonaws.com/photos/4829837/medium.jpeg,145242,Palm Warbler,data/new_raw/images/053900e1-22ea-4a58-ac1d-43a0b77b6616.jpg
638ebd2a-5677-409a-a841-65d68bab9db0,https://inaturalist-open-data.s3.amazonaws.com/photos/4833993/medium.jpg,43111,Eastern Cottontail,data/new_raw/images/638ebd2a-5677-409a-a841-65d68bab9db0.jpg
cb19ca7d-91b9-438d-a612-165c7864e619,https://inaturalist-open-data.s3.amazonaws.com/photos/4836518/medium.jpg,4364,Ring-billed Gull,data/new_raw/images/cb19ca7d-91b9-438d-a612-165c7864e619.jpg
693d897b-f7e7-4c9d-a619-0d2490e8b1b2,https://static.inaturalist.org/photos/4851517/medium.jpeg,40629,Silver-haired Bat,data/new_raw/images/693d897b-f7e7-4c9d-a619-0d2490e8b1b2.jpg
a988378a-f848-439a-b1af-e1756bac5e4e,https://inaturalist-open-data.s3.amazonaws.com/photos/4862482/medium.jpeg,199916,Black-throated Blue Warbler,data/new_raw/images/a988378a-f848-439a-b1af-e1756bac5e4e.jpg
19c433c1-5d15-4bfb-91d5-cebdbd2b188d,https://inaturalist-open-data.s3.amazonaws.com/photos/4866796/medium.jpeg,7047,Greater Scaup,data/new_raw/images/19c433c1-5d15-4bfb-91d5-cebdbd2b188d.jpg
90f2fb46-4da9-45b8-b795-72a163d0eca5,https://inaturalist-open-data.s3.amazonaws.com/photos/4866802/medium.jpeg,4209,Horned Grebe,data/new_raw/images/90f2fb46-4da9-45b8-b795-72a163d0eca5.jpg
a480f28e-d531-4159-9071-b484238b80e4,https://inaturalist-open-data.s3.amazonaws.com/photos/4866795/medium.jpeg,4364,Ring-billed Gull,data/new_raw/images/a480f28e-d531-4159-9071-b484238b80e4.jpg
2f169ec7-3210-4d9c-8834-3d13bfee1e73,https://inaturalist-open-data.s3.amazonaws.com/photos/4866806/medium.jpeg,144222,White-winged Scoter,data/new_raw/images/2f169ec7-3210-4d9c-8834-3d13bfee1e73.jpg
d95b799d-d1db-46e2-8f42-b6a801ffdf59,https://inaturalist-open-data.s3.amazonaws.com/photos/4866808/medium.jpeg,4647,Peregrine Falcon,data/new_raw/images/d95b799d-d1db-46e2-8f42-b6a801ffdf59.jpg
0f175011-211c-437d-af04-160b7a6cdc76,https://inaturalist-open-data.s3.amazonaws.com/photos/4867393/medium.jpeg,10271,Rose-breasted Grosbeak,data/new_raw/images/0f175011-211c-437d-af04-160b7a6cdc76.jpg
bf73d8ca-5f6f-4fbe-ba89-91a3b08075fe,https://inaturalist-open-data.s3.amazonaws.com/photos/4867397/medium.jpeg,16602,Least Flycatcher,data/new_raw/images/bf73d8ca-5f6f-4fbe-ba89-91a3b08075fe.jpg
22a19be2-2ddf-4107-8ec5-0dced115142d,https://inaturalist-open-data.s3.amazonaws.com/photos/4873673/medium.jpeg,4956,Great Blue Heron,data/new_raw/images/22a19be2-2ddf-4107-8ec5-0dced115142d.jpg
e66bce52-2d92-4819-a712-f20757443bfe,https://inaturalist-open-data.s3.amazonaws.com/photos/4873614/medium.jpeg,7089,Canada Goose,data/new_raw/images/e66bce52-2d92-4819-a712-f20757443bfe.jpg
1ad484c8-9cd6-4e61-988c-31dd2308412a,https://inaturalist-open-data.s3.amazonaws.com/photos/4873687/medium.jpeg,1454382,Double-crested Cormorant,data/new_raw/images/1ad484c8-9cd6-4e61-988c-31dd2308412a.jpg
9b252156-ea7a-45f8-b814-63dc43b4fe99,https://inaturalist-open-data.s3.amazonaws.com/photos/4873695/medium.jpeg,17008,Eastern Phoebe,data/new_raw/images/9b252156-ea7a-45f8-b814-63dc43b4fe99.jpg
1216d8a0-2e61-4c9b-b061-80b3615b2a99,https://inaturalist-open-data.s3.amazonaws.com/photos/4873702/medium.jpeg,4364,Ring-billed Gull,data/new_raw/images/1216d8a0-2e61-4c9b-b061-80b3615b2a99.jpg
d1ac4b7e-70f8-4a45-8439-17223ac32a71,https://inaturalist-open-data.s3.amazonaws.com/photos/4873707/medium.jpeg,6930,Mallard,data/new_raw/images/d1ac4b7e-70f8-4a45-8439-17223ac32a71.jpg
47d9194e-305e-405c-9db4-8c65d061254a,https://inaturalist-open-data.s3.amazonaws.com/photos/4873708/medium.jpeg,145240,Blackpoll Warbler,data/new_raw/images/47d9194e-305e-405c-9db4-8c65d061254a.jpg
c1061c50-5cb3-4118-a6b5-6e71a68a4bf4,https://inaturalist-open-data.s3.amazonaws.com/photos/4873721/medium.jpeg,4956,Great Blue Heron,data/new_raw/images/c1061c50-5cb3-4118-a6b5-6e71a68a4bf4.jpg
09dc2e1f-b348-4dc4-a588-0c0d1130d135,https://inaturalist-open-data.s3.amazonaws.com/photos/4873731/medium.jpeg,6571,Chimney Swift,data/new_raw/images/09dc2e1f-b348-4dc4-a588-0c0d1130d135.jpg
803c97fa-d7e8-40d3-a644-7ae2a5dbbb8c,https://inaturalist-open-data.s3.amazonaws.com/photos/4873746/medium.jpeg,4956,Great Blue Heron,data/new_raw/images/803c97fa-d7e8-40d3-a644-7ae2a5dbbb8c.jpg
1acc0c4f-68db-4b4a-96de-87c502262780,https://inaturalist-open-data.s3.amazonaws.com/photos/4873814/medium.jpeg,8021,American Crow,data/new_raw/images/1acc0c4f-68db-4b4a-96de-87c502262780.jpg
f645ae8a-efb6-493f-8857-aad25a9787cb,https://inaturalist-open-data.s3.amazonaws.com/photos/4873827/medium.jpeg,1454382,Double-crested Cormorant,data/new_raw/images/f645ae8a-efb6-493f-8857-aad25a9787cb.jpg
4e4da21e-fbd3-4daa-bb86-a4d0c55dee2a,https://inaturalist-open-data.s3.amazonaws.com/photos/4873876/medium.jpeg,2548,Belted Kingfisher,data/new_raw/images/4e4da21e-fbd3-4daa-bb86-a4d0c55dee2a.jpg
65e2bd7a-039b-4975-bb98-3ca1b013504f,https://inaturalist-open-data.s3.amazonaws.com/photos/4873956/medium.jpeg,9092,Lincoln's Sparrow,data/new_raw/images/65e2bd7a-039b-4975-bb98-3ca1b013504f.jpg
1dc46005-b1a1-4b2a-846b-bb2e6ed75b6d,https://inaturalist-open-data.s3.amazonaws.com/photos/4873972/medium.jpeg,12878,Swainson's Thrush,data/new_raw/images/1dc46005-b1a1-4b2a-846b-bb2e6ed75b6d.jpg
5b8ac99f-4fbe-430f-9936-ff65172285c1,https://inaturalist-open-data.s3.amazonaws.com/photos/4874011/medium.jpeg,46017,Eastern Gray Squirrel,data/new_raw/images/5b8ac99f-4fbe-430f-9936-ff65172285c1.jpg
daeb6fb0-59a0-4e82-92e0-6450d2496691,https://inaturalist-open-data.s3.amazonaws.com/photos/4874283/medium.jpeg,17599,Woodpeckers,data/new_raw/images/daeb6fb0-59a0-4e82-92e0-6450d2496691.jpg
689704f1-ecbb-44cb-bbe3-2b3b9d5030ad,https://inaturalist-open-data.s3.amazonaws.com/photos/4883991/medium.jpeg,9092,Lincoln's Sparrow,data/new_raw/images/689704f1-ecbb-44cb-bbe3-2b3b9d5030ad.jpg
b9fa76f1-18ca-4aee-af26-2e26d55e6510,https://inaturalist-open-data.s3.amazonaws.com/photos/4884006/medium.jpeg,145236,Bay-breasted Warbler,data/new_raw/images/b9fa76f1-18ca-4aee-af26-2e26d55e6510.jpg
accf77c1-f297-4ae8-b456-9f1b9619da0e,https://inaturalist-open-data.s3.amazonaws.com/photos/4884012/medium.jpeg,145231,Cape May Warbler,data/new_raw/images/accf77c1-f297-4ae8-b456-9f1b9619da0e.jpg
fa7a7df6-5a86-45fa-862e-82e0853ee4d4,https://inaturalist-open-data.s3.amazonaws.com/photos/4884020/medium.jpeg,199916,Black-throated Blue Warbler,data/new_raw/images/fa7a7df6-5a86-45fa-862e-82e0853ee4d4.jpg
ad142971-da3f-4900-9b25-664512c920c0,https://inaturalist-open-data.s3.amazonaws.com/photos/4894693/medium.jpg,7089,Canada Goose,data/new_raw/images/ad142971-da3f-4900-9b25-664512c920c0.jpg
5da8ea41-9c2b-4969-be1a-020811daaac2,https://static.inaturalist.org/photos/4894813/medium.jpg,7089,Canada Goose,data/new_raw/images/5da8ea41-9c2b-4969-be1a-020811daaac2.jpg
0ad82680-0e0a-46e3-b385-2b8e8a2b613c,https://inaturalist-open-data.s3.amazonaws.com/photos/4894807/medium.jpg,7089,Canada Goose,data/new_raw/images/0ad82680-0e0a-46e3-b385-2b8e8a2b613c.jpg
d3368162-187c-4d05-a16c-f59bca79a48c,https://static.inaturalist.org/photos/4895177/medium.jpg,7089,Canada Goose,data/new_raw/images/d3368162-187c-4d05-a16c-f59bca79a48c.jpg
349430f8-eeab-4906-a5d4-6d9bfad5e531,https://inaturalist-open-data.s3.amazonaws.com/photos/4894845/medium.jpg,7089,Canada Goose,data/new_raw/images/349430f8-eeab-4906-a5d4-6d9bfad5e531.jpg
cd361455-9758-4804-9e4b-5ec93efa4ac9,https://inaturalist-open-data.s3.amazonaws.com/photos/4894544/medium.jpg,5034,American Bittern,data/new_raw/images/cd361455-9758-4804-9e4b-5ec93efa4ac9.jpg
b17a2558-1dd1-43f3-9a00-7aeef8e44080,https://inaturalist-open-data.s3.amazonaws.com/photos/4894560/medium.jpg,144455,Great Egret,data/new_raw/images/b17a2558-1dd1-43f3-9a00-7aeef8e44080.jpg
d791fc82-87bb-4df6-8f0b-57e38f13cd0e,https://static.inaturalist.org/photos/4894935/medium.jpg,7089,Canada Goose,data/new_raw/images/d791fc82-87bb-4df6-8f0b-57e38f13cd0e.jpg
0e186f25-ea8f-4f3f-8623-bf5409027e7e,https://static.inaturalist.org/photos/4895093/medium.jpg,7089,Canada Goose,data/new_raw/images/0e186f25-ea8f-4f3f-8623-bf5409027e7e.jpg
c9299318-a946-4caf-9baa-4d0d8e2a838f,https://static.inaturalist.org/photos/4895218/medium.jpg,7089,Canada Goose,data/new_raw/images/c9299318-a946-4caf-9baa-4d0d8e2a838f.jpg
6e170740-e00c-425a-b3b6-dc1d3e6bd441,https://inaturalist-open-data.s3.amazonaws.com/photos/4894908/medium.jpg,4981,Black-crowned Night Heron,data/new_raw/images/6e170740-e00c-425a-b3b6-dc1d3e6bd441.jpg
011c02ea-7742-4ac0-936a-de523cb069a1,https://inaturalist-open-data.s3.amazonaws.com/photos/4894909/medium.jpg,4999,Yellow-crowned Night Heron,data/new_raw/images/011c02ea-7742-4ac0-936a-de523cb069a1.jpg
53160b74-4469-4bcd-9160-f0d50b6c25a0,https://inaturalist-open-data.s3.amazonaws.com/photos/4895317/medium.jpg,5206,Red-shouldered Hawk,data/new_raw/images/53160b74-4469-4bcd-9160-f0d50b6c25a0.jpg
9be37019-3d1e-401f-bf0a-6979d45b2e8f,https://inaturalist-open-data.s3.amazonaws.com/photos/4895668/medium.jpg,7089,Canada Goose,data/new_raw/images/9be37019-3d1e-401f-bf0a-6979d45b2e8f.jpg
19f21ee2-712d-48ba-a405-faace13701c0,https://inaturalist-open-data.s3.amazonaws.com/photos/4895671/medium.jpg,7089,Canada Goose,data/new_raw/images/19f21ee2-712d-48ba-a405-faace13701c0.jpg
3b3ba991-3267-4a36-baff-4d8f67a7548b,https://inaturalist-open-data.s3.amazonaws.com/photos/4895687/medium.jpg,7089,Canada Goose,data/new_raw/images/3b3ba991-3267-4a36-baff-4d8f67a7548b.jpg
8fe7e723-91a8-4271-806a-f63ea910252b,https://inaturalist-open-data.s3.amazonaws.com/photos/4895813/medium.jpg,7089,Canada Goose,data/new_raw/images/8fe7e723-91a8-4271-806a-f63ea910252b.jpg
e363b73e-6e31-4f04-b232-e4ab2d9456b9,https://static.inaturalist.org/photos/4895739/medium.jpg,7089,Canada Goose,data/new_raw/images/e363b73e-6e31-4f04-b232-e4ab2d9456b9.jpg
fe8cb206-5dc7-43de-a638-695f755a4028,https://static.inaturalist.org/photos/4895783/medium.jpg,7089,Canada Goose,data/new_raw/images/fe8cb206-5dc7-43de-a638-695f755a4028.jpg
207484df-ca24-4cb6-bacd-b711d750d2d8,https://static.inaturalist.org/photos/4895786/medium.jpg,7089,Canada Goose,data/new_raw/images/207484df-ca24-4cb6-bacd-b711d750d2d8.jpg
0b4c13d6-1997-484f-b653-aee5d7f62348,https://static.inaturalist.org/photos/4895789/medium.jpg,7089,Canada Goose,data/new_raw/images/0b4c13d6-1997-484f-b653-aee5d7f62348.jpg
eab9991d-cd24-4661-9566-3a5ed6a309bc,https://inaturalist-open-data.s3.amazonaws.com/photos/4939600/medium.jpg,40151,Mammals,data/new_raw/images/eab9991d-cd24-4661-9566-3a5ed6a309bc.jpg
a0fdee6d-030e-4c4b-b54c-10b88adf460d,https://static.inaturalist.org/photos/4895969/medium.jpg,7089,Canada Goose,data/new_raw/images/a0fdee6d-030e-4c4b-b54c-10b88adf460d.jpg
bc7c4f22-eff6-49e3-bb4c-efbd063b0388,https://inaturalist-open-data.s3.amazonaws.com/photos/4896337/medium.jpg,7089,Canada Goose,data/new_raw/images/bc7c4f22-eff6-49e3-bb4c-efbd063b0388.jpg
6c1080ec-3913-418c-9ee8-50f887fc4f60,https://static.inaturalist.org/photos/4896378/medium.jpg,7089,Canada Goose,data/new_raw/images/6c1080ec-3913-418c-9ee8-50f887fc4f60.jpg
05c647b7-7e39-4da7-a546-592fd7122850,https://inaturalist-open-data.s3.amazonaws.com/photos/4895990/medium.jpeg,4981,Black-crowned Night Heron,data/new_raw/images/05c647b7-7e39-4da7-a546-592fd7122850.jpg
50ccdec2-ba92-417d-860e-61c09d666da7,https://inaturalist-open-data.s3.amazonaws.com/photos/4896015/medium.jpeg,10227,Indigo Bunting,data/new_raw/images/50ccdec2-ba92-417d-860e-61c09d666da7.jpg
4a863f15-92f6-403b-899d-494f043d1990,https://inaturalist-open-data.s3.amazonaws.com/photos/4896023/medium.jpeg,9721,Common Yellowthroat,data/new_raw/images/4a863f15-92f6-403b-899d-494f043d1990.jpg
a12eae36-281e-45ea-8b9e-ee54508cd386,https://inaturalist-open-data.s3.amazonaws.com/photos/4896062/medium.jpeg,18236,Northern Flicker,data/new_raw/images/a12eae36-281e-45ea-8b9e-ee54508cd386.jpg
70f61423-090d-4b35-b02b-77591511e45b,https://inaturalist-open-data.s3.amazonaws.com/photos/4896067/medium.jpeg,144815,Black-capped Chickadee,data/new_raw/images/70f61423-090d-4b35-b02b-77591511e45b.jpg
000e951b-0746-4916-824b-425fe0399803,https://inaturalist-open-data.s3.amazonaws.com/photos/4896074/medium.jpeg,145310,American Goldfinch,data/new_raw/images/000e951b-0746-4916-824b-425fe0399803.jpg
6c8f3197-0acb-4b31-b330-4d424eddfd74,https://inaturalist-open-data.s3.amazonaws.com/photos/4896096/medium.jpeg,4956,Great Blue Heron,data/new_raw/images/6c8f3197-0acb-4b31-b330-4d424eddfd74.jpg
19dfc90b-1b2d-40ad-b28a-32eabd03052f,https://inaturalist-open-data.s3.amazonaws.com/photos/4896099/medium.jpeg,7089,Canada Goose,data/new_raw/images/19dfc90b-1b2d-40ad-b28a-32eabd03052f.jpg
e48ebaf5-4c7c-4e84-bee6-e891d616f2fd,https://inaturalist-open-data.s3.amazonaws.com/photos/4896089/medium.jpeg,6571,Chimney Swift,data/new_raw/images/e48ebaf5-4c7c-4e84-bee6-e891d616f2fd.jpg
e1e62de3-5816-4e8e-bbed-539907f67f43,https://inaturalist-open-data.s3.amazonaws.com/photos/4896141/medium.jpeg,1454382,Double-crested Cormorant,data/new_raw/images/e1e62de3-5816-4e8e-bbed-539907f67f43.jpg
d786109d-67ff-48e7-bcad-e8bc41f38adb,https://inaturalist-open-data.s3.amazonaws.com/photos/4904164/medium.jpg,7089,Canada Goose,data/new_raw/images/d786109d-67ff-48e7-bcad-e8bc41f38adb.jpg
a9bcac4d-6142-4cc0-8055-04a9ac60733e,https://static.inaturalist.org/photos/4914844/medium.jpg,1454382,Double-crested Cormorant,data/new_raw/images/a9bcac4d-6142-4cc0-8055-04a9ac60733e.jpg
a6c5ed88-7d16-4197-8374-96aeeaf7f9ac,https://inaturalist-open-data.s3.amazonaws.com/photos/4934761/medium.jpeg,41663,Common Raccoon,data/new_raw/images/a6c5ed88-7d16-4197-8374-96aeeaf7f9ac.jpg
87eef5d8-c4ce-4d81-909a-303b62d98bde,https://inaturalist-open-data.s3.amazonaws.com/photos/4934752/medium.jpeg,7089,Canada Goose,data/new_raw/images/87eef5d8-c4ce-4d81-909a-303b62d98bde.jpg
5cbe6d00-a4f2-4ecf-8fe6-628d45b0f563,https://inaturalist-open-data.s3.amazonaws.com/photos/4934768/medium.jpeg,4956,Great Blue Heron,data/new_raw/images/5cbe6d00-a4f2-4ecf-8fe6-628d45b0f563.jpg
4fea7cd2-8290-4720-a4dc-8c4d064aace8,https://inaturalist-open-data.s3.amazonaws.com/photos/4934772/medium.jpeg,42223,White-tailed Deer,data/new_raw/images/4fea7cd2-8290-4720-a4dc-8c4d064aace8.jpg
d26d1c12-f841-4ea4-a2e9-a172354fede3,https://inaturalist-open-data.s3.amazonaws.com/photos/4934774/medium.jpeg,1579017,Cooper's Hawk,data/new_raw/images/d26d1c12-f841-4ea4-a2e9-a172354fede3.jpg
dc040822-e9eb-4cc2-951a-eab9e3b65b19,https://inaturalist-open-data.s3.amazonaws.com/photos/4934780/medium.jpeg,145236,Bay-breasted Warbler,data/new_raw/images/dc040822-e9eb-4cc2-951a-eab9e3b65b19.jpg
d5748364-45e8-4619-b341-f81b849647e8,https://inaturalist-open-data.s3.amazonaws.com/photos/4934787/medium.jpeg,145239,Chestnut-sided Warbler,data/new_raw/images/d5748364-45e8-4619-b341-f81b849647e8.jpg
6f5ccae0-7822-4c89-abee-0eb320a48114,https://inaturalist-open-data.s3.amazonaws.com/photos/4959535/medium.jpg,72458,Spotted Sandpiper,data/new_raw/images/6f5ccae0-7822-4c89-abee-0eb320a48114.jpg
4e6a5f2b-e66f-41eb-a9bd-f72ccdff8039,https://inaturalist-open-data.s3.amazonaws.com/photos/4959539/medium.jpg,3892,Greater Yellowlegs,data/new_raw/images/4e6a5f2b-e66f-41eb-a9bd-f72ccdff8039.jpg
e8afcc9f-3fbf-4bc4-9fbf-c1683f4bbfbd,https://inaturalist-open-data.s3.amazonaws.com/photos/4960023/medium.jpg,3851,Baird's Sandpiper,data/new_raw/images/e8afcc9f-3fbf-4bc4-9fbf-c1683f4bbfbd.jpg
dd607cdc-9351-4f0b-a535-711ee104d7c4,https://inaturalist-open-data.s3.amazonaws.com/photos/4960307/medium.jpg,1578489,American Herring Gull,data/new_raw/images/dd607cdc-9351-4f0b-a535-711ee104d7c4.jpg
cbf2ddc2-d9e4-47d9-888e-e436290b4de3,https://inaturalist-open-data.s3.amazonaws.com/photos/4960308/medium.jpg,1578489,American Herring Gull,data/new_raw/images/cbf2ddc2-d9e4-47d9-888e-e436290b4de3.jpg
6d4fb046-ab86-4b70-98b6-7a024912b5ac,https://inaturalist-open-data.s3.amazonaws.com/photos/43077006/medium.jpg,6432,Ruby-throated Hummingbird,data/new_raw/images/6d4fb046-ab86-4b70-98b6-7a024912b5ac.jpg
20124c97-b2d6-423f-bd15-8d478d17b4b6,https://inaturalist-open-data.s3.amazonaws.com/photos/4972822/medium.jpeg,145258,Black-throated Green Warbler,data/new_raw/images/20124c97-b2d6-423f-bd15-8d478d17b4b6.jpg
5706472b-b8fa-4164-ac02-9a96193e2bfb,https://inaturalist-open-data.s3.amazonaws.com/photos/4972824/medium.jpeg,979756,Tennessee Warbler,data/new_raw/images/5706472b-b8fa-4164-ac02-9a96193e2bfb.jpg
91e3358d-0920-4402-ae2a-c3057df64819,https://inaturalist-open-data.s3.amazonaws.com/photos/4972827/medium.jpeg,14898,Brown Thrasher,data/new_raw/images/91e3358d-0920-4402-ae2a-c3057df64819.jpg
dab6f9f2-42dd-4ae2-8cf9-3fb2d20eb0ba,https://inaturalist-open-data.s3.amazonaws.com/photos/4972830/medium.jpeg,979753,Nashville Warbler,data/new_raw/images/dab6f9f2-42dd-4ae2-8cf9-3fb2d20eb0ba.jpg
fdb33265-ce39-49bc-a99c-866710fe2865,https://inaturalist-open-data.s3.amazonaws.com/photos/4972837/medium.jpeg,145238,Yellow Warbler,data/new_raw/images/fdb33265-ce39-49bc-a99c-866710fe2865.jpg
a436c086-cf3a-41ab-a4c6-666001f06ec6,https://inaturalist-open-data.s3.amazonaws.com/photos/4978295/medium.jpg,43111,Eastern Cottontail,data/new_raw/images/a436c086-cf3a-41ab-a4c6-666001f06ec6.jpg
dd2f0c08-5a6c-443d-b4e8-c0d670fa7d31,https://inaturalist-open-data.s3.amazonaws.com/photos/4978299/medium.jpg,46017,Eastern Gray Squirrel,data/new_raw/images/dd2f0c08-5a6c-443d-b4e8-c0d670fa7d31.jpg
eff424ff-19e7-45a5-8956-83f6bb3d2530,https://inaturalist-open-data.s3.amazonaws.com/photos/4978316/medium.jpg,7089,Canada Goose,data/new_raw/images/eff424ff-19e7-45a5-8956-83f6bb3d2530.jpg
b4cb8045-8ae8-4ee3-a2a5-dbd7885dc622,https://inaturalist-open-data.s3.amazonaws.com/photos/4984442/medium.jpg,4956,Great Blue Heron,data/new_raw/images/b4cb8045-8ae8-4ee3-a2a5-dbd7885dc622.jpg
128cb7fb-cc60-4dd5-a079-dd4b3f1281c6,https://inaturalist-open-data.s3.amazonaws.com/photos/4984445/medium.jpg,4981,Black-crowned Night Heron,data/new_raw/images/128cb7fb-cc60-4dd5-a079-dd4b3f1281c6.jpg
1d9ca518-3bc4-414e-842d-ad50461fae06,https://inaturalist-open-data.s3.amazonaws.com/photos/5006048/medium.jpg,10271,Rose-breasted Grosbeak,data/new_raw/images/1d9ca518-3bc4-414e-842d-ad50461fae06.jpg
7069ca8d-d74f-4331-9a59-a1ab81545b43,https://inaturalist-open-data.s3.amazonaws.com/photos/5016646/medium.jpeg,9083,Northern Cardinal,data/new_raw/images/7069ca8d-d74f-4331-9a59-a1ab81545b43.jpg
8713d70b-1ecf-4f54-8d13-625ca485af78,https://inaturalist-open-data.s3.amazonaws.com/photos/5016682/medium.jpeg,14850,European Starling,data/new_raw/images/8713d70b-1ecf-4f54-8d13-625ca485af78.jpg
9ca52c8e-6b79-4435-82f8-abb510fca355,https://inaturalist-open-data.s3.amazonaws.com/photos/5016712/medium.jpeg,2548,Belted Kingfisher,data/new_raw/images/9ca52c8e-6b79-4435-82f8-abb510fca355.jpg
22bc1236-ad5a-47c9-bb74-e3741f33fe26,https://inaturalist-open-data.s3.amazonaws.com/photos/5016713/medium.jpeg,1454382,Double-crested Cormorant,data/new_raw/images/22bc1236-ad5a-47c9-bb74-e3741f33fe26.jpg
f34f5a1e-e839-4bfb-b650-5109fabfff05,https://inaturalist-open-data.s3.amazonaws.com/photos/5016719/medium.jpeg,6937,Green-winged Teal,data/new_raw/images/f34f5a1e-e839-4bfb-b650-5109fabfff05.jpg
b514a582-dc2a-40d4-af3f-07ec6642227c,https://inaturalist-open-data.s3.amazonaws.com/photos/5016721/medium.jpeg,145310,American Goldfinch,data/new_raw/images/b514a582-dc2a-40d4-af3f-07ec6642227c.jpg
9f60664c-49f0-4553-a45a-57b0f32cdf8f,https://inaturalist-open-data.s3.amazonaws.com/photos/5016745/medium.jpeg,145242,Palm Warbler,data/new_raw/images/9f60664c-49f0-4553-a45a-57b0f32cdf8f.jpg
d9ce3eeb-801f-4236-8682-c7b4e91a9333,https://inaturalist-open-data.s3.amazonaws.com/photos/5016750/medium.jpeg,9083,Northern Cardinal,data/new_raw/images/d9ce3eeb-801f-4236-8682-c7b4e91a9333.jpg
709509b8-0623-4cf0-8a97-adc6766d65a7,https://inaturalist-open-data.s3.amazonaws.com/photos/5016751/medium.jpeg,4956,Great Blue Heron,data/new_raw/images/709509b8-0623-4cf0-8a97-adc6766d65a7.jpg
6bf58f2a-72b3-4738-9ec1-4d7a030ed287,https://inaturalist-open-data.s3.amazonaws.com/photos/5016753/medium.jpeg,132704,Myrtle Warbler,data/new_raw/images/6bf58f2a-72b3-4738-9ec1-4d7a030ed287.jpg
8292a31a-200f-4878-85af-d759514c7b56,https://inaturalist-open-data.s3.amazonaws.com/photos/5016767/medium.jpeg,7251,Perching Birds,data/new_raw/images/8292a31a-200f-4878-85af-d759514c7b56.jpg
3fc64eb3-8516-4913-923e-1d67fc114cd1,https://inaturalist-open-data.s3.amazonaws.com/photos/5016768/medium.jpeg,145245,Yellow-rumped Warbler,data/new_raw/images/3fc64eb3-8516-4913-923e-1d67fc114cd1.jpg
9aff2bcd-bda3-4ed5-9150-2f10e70a9bc9,https://inaturalist-open-data.s3.amazonaws.com/photos/5016771/medium.jpeg,792988,Downy Woodpecker,data/new_raw/images/9aff2bcd-bda3-4ed5-9150-2f10e70a9bc9.jpg
768f057b-4574-4ddc-bb48-0a5a3d63628a,https://inaturalist-open-data.s3.amazonaws.com/photos/5016800/medium.jpeg,145242,Palm Warbler,data/new_raw/images/768f057b-4574-4ddc-bb48-0a5a3d63628a.jpg
d41fe435-ddc4-4a9a-b017-61d174a14a83,https://inaturalist-open-data.s3.amazonaws.com/photos/5016812/medium.jpeg,145242,Palm Warbler,data/new_raw/images/d41fe435-ddc4-4a9a-b017-61d174a14a83.jpg
e80d5b13-a271-4847-a733-bae31c23c4a4,https://inaturalist-open-data.s3.amazonaws.com/photos/5016825/medium.jpeg,7107,Wood Duck,data/new_raw/images/e80d5b13-a271-4847-a733-bae31c23c4a4.jpg
7cb94d0d-70d0-4627-a33e-550d3af0e6c0,https://inaturalist-open-data.s3.amazonaws.com/photos/5016832/medium.jpeg,8021,American Crow,data/new_raw/images/7cb94d0d-70d0-4627-a33e-550d3af0e6c0.jpg
19dd035c-958c-4cab-b1ed-e8b5e6f02fca,https://inaturalist-open-data.s3.amazonaws.com/photos/5016840/medium.jpeg,14995,Gray Catbird,data/new_raw/images/19dd035c-958c-4cab-b1ed-e8b5e6f02fca.jpg
1faa76fe-87bf-458c-abdf-4ee22c0a4f10,https://inaturalist-open-data.s3.amazonaws.com/photos/5016847/medium.jpeg,145245,Yellow-rumped Warbler,data/new_raw/images/1faa76fe-87bf-458c-abdf-4ee22c0a4f10.jpg
e07d8cde-b894-47ba-883b-7873e7631f2f,https://inaturalist-open-data.s3.amazonaws.com/photos/5016849/medium.jpeg,145242,Palm Warbler,data/new_raw/images/e07d8cde-b894-47ba-883b-7873e7631f2f.jpg
464fa5dd-942a-4017-9bc6-17df00c67898,https://inaturalist-open-data.s3.amazonaws.com/photos/5016851/medium.jpeg,7109,Hooded Merganser,data/new_raw/images/464fa5dd-942a-4017-9bc6-17df00c67898.jpg
e79454ab-5519-409c-8e1a-0de11539bc3e,https://inaturalist-open-data.s3.amazonaws.com/photos/5016856/medium.jpeg,4956,Great Blue Heron,data/new_raw/images/e79454ab-5519-409c-8e1a-0de11539bc3e.jpg
81f8c688-7d6a-4a07-83bb-9af8d3157da0,https://inaturalist-open-data.s3.amazonaws.com/photos/5016857/medium.jpeg,145242,Palm Warbler,data/new_raw/images/81f8c688-7d6a-4a07-83bb-9af8d3157da0.jpg
c69f53df-cd70-413f-bb79-8131df502bb8,https://inaturalist-open-data.s3.amazonaws.com/photos/5016867/medium.jpeg,6930,Mallard,data/new_raw/images/c69f53df-cd70-413f-bb79-8131df502bb8.jpg
fe700ed8-f0cf-4911-9d10-1cffb57bb7cb,https://inaturalist-open-data.s3.amazonaws.com/photos/5016872/medium.jpeg,145310,American Goldfinch,data/new_raw/images/fe700ed8-f0cf-4911-9d10-1cffb57bb7cb.jpg
6289c9c1-ac02-4751-bfad-c59eeba3640b,https://inaturalist-open-data.s3.amazonaws.com/photos/5016875/medium.jpeg,46017,Eastern Gray Squirrel,data/new_raw/images/6289c9c1-ac02-4751-bfad-c59eeba3640b.jpg
eec27925-96b2-493e-a648-2567225a9592,https://inaturalist-open-data.s3.amazonaws.com/photos/5016884/medium.jpeg,14850,European Starling,data/new_raw/images/eec27925-96b2-493e-a648-2567225a9592.jpg
87f181ab-946b-4155-9bd6-4aee40f8de53,https://inaturalist-open-data.s3.amazonaws.com/photos/5016892/medium.jpeg,7107,Wood Duck,data/new_raw/images/87f181ab-946b-4155-9bd6-4aee40f8de53.jpg
1b02922e-676c-4e19-8ff3-69f77924f49a,https://inaturalist-open-data.s3.amazonaws.com/photos/5027446/medium.jpg,62550,Ovenbird,data/new_raw/images/1b02922e-676c-4e19-8ff3-69f77924f49a.jpg
aec14937-3fe5-4a8c-a1c2-861dac83cd9a,https://inaturalist-open-data.s3.amazonaws.com/photos/5030175/medium.jpeg,145233,Northern Parula,data/new_raw/images/aec14937-3fe5-4a8c-a1c2-861dac83cd9a.jpg
df778f73-7d3a-491e-a0fc-e5a676d88866,https://inaturalist-open-data.s3.amazonaws.com/photos/5030204/medium.jpeg,145245,Yellow-rumped Warbler,data/new_raw/images/df778f73-7d3a-491e-a0fc-e5a676d88866.jpg
5efbae32-7423-4eb7-a8ff-ae38a47aa2f8,https://inaturalist-open-data.s3.amazonaws.com/photos/5030207/medium.jpeg,16100,Eastern Wood-Pewee,data/new_raw/images/5efbae32-7423-4eb7-a8ff-ae38a47aa2f8.jpg
25ef5076-512b-4ee8-9add-7674ac035631,https://inaturalist-open-data.s3.amazonaws.com/photos/5041151/medium.jpeg,4334,American White Pelican,data/new_raw/images/25ef5076-512b-4ee8-9add-7674ac035631.jpg
4253415e-d930-4b01-9ed1-83045ee3194e,https://inaturalist-open-data.s3.amazonaws.com/photos/5041152/medium.jpeg,5227,Broad-winged Hawk,data/new_raw/images/4253415e-d930-4b01-9ed1-83045ee3194e.jpg
2d572a15-5d82-44f4-b7dc-6c2081dbe066,https://inaturalist-open-data.s3.amazonaws.com/photos/5041153/medium.jpeg,508048,Sandhill Crane,data/new_raw/images/2d572a15-5d82-44f4-b7dc-6c2081dbe066.jpg
981d111e-f908-44ac-bd2b-dc8e78b889d1,https://inaturalist-open-data.s3.amazonaws.com/photos/5041154/medium.jpeg,5212,Red-tailed Hawk,data/new_raw/images/981d111e-f908-44ac-bd2b-dc8e78b889d1.jpg
7c4022bd-ec2b-4115-a68a-6951f04a9382,https://inaturalist-open-data.s3.amazonaws.com/photos/5047939/medium.jpg,42652,Virginia Opossum,data/new_raw/images/7c4022bd-ec2b-4115-a68a-6951f04a9382.jpg
5ad17c60-3cde-43d2-ba15-de00625680df,https://inaturalist-open-data.s3.amazonaws.com/photos/5048391/medium.jpg,45763,Muskrat,data/new_raw/images/5ad17c60-3cde-43d2-ba15-de00625680df.jpg
e1279353-8904-4695-b5ea-c7d37fb09051,https://inaturalist-open-data.s3.amazonaws.com/photos/5048509/medium.jpg,4981,Black-crowned Night Heron,data/new_raw/images/e1279353-8904-4695-b5ea-c7d37fb09051.jpg
24caaf02-1aa5-4189-b600-22c61666764c,https://inaturalist-open-data.s3.amazonaws.com/photos/5048770/medium.jpg,5020,Green Heron,data/new_raw/images/24caaf02-1aa5-4189-b600-22c61666764c.jpg
b66b82ac-2327-4a99-9975-34ea3754b045,https://inaturalist-open-data.s3.amazonaws.com/photos/5082891/medium.jpeg,199916,Black-throated Blue Warbler,data/new_raw/images/b66b82ac-2327-4a99-9975-34ea3754b045.jpg
bf5842dc-d7a6-4fcf-ab82-276d2d88fa04,https://inaturalist-open-data.s3.amazonaws.com/photos/5083249/medium.jpeg,2548,Belted Kingfisher,data/new_raw/images/bf5842dc-d7a6-4fcf-ab82-276d2d88fa04.jpg
d60f7725-ccb0-4f6b-87eb-e823bb676334,https://inaturalist-open-data.s3.amazonaws.com/photos/5083527/medium.jpeg,7601,Marsh Wren,data/new_raw/images/d60f7725-ccb0-4f6b-87eb-e823bb676334.jpg
beefaf01-a1b9-47fc-b2ff-56af1883117b,https://inaturalist-open-data.s3.amazonaws.com/photos/5088754/medium.jpeg,9721,Common Yellowthroat,data/new_raw/images/beefaf01-a1b9-47fc-b2ff-56af1883117b.jpg
66ca3117-dbd6-4175-8b1b-426390949cb2,https://inaturalist-open-data.s3.amazonaws.com/photos/5088776/medium.jpeg,1454382,Double-crested Cormorant,data/new_raw/images/66ca3117-dbd6-4175-8b1b-426390949cb2.jpg
51853fe3-b5f1-46ac-ad43-e52944d9bb0f,https://inaturalist-open-data.s3.amazonaws.com/photos/5088788/medium.jpeg,17008,Eastern Phoebe,data/new_raw/images/51853fe3-b5f1-46ac-ad43-e52944d9bb0f.jpg
e9220ec2-dea8-4e1f-8c86-0f35d780550f,https://inaturalist-open-data.s3.amazonaws.com/photos/5088791/medium.jpeg,5020,Green Heron,data/new_raw/images/e9220ec2-dea8-4e1f-8c86-0f35d780550f.jpg
a23bf149-bcd0-49c5-b89e-b84a4a694865,https://inaturalist-open-data.s3.amazonaws.com/photos/5088802/medium.jpeg,4956,Great Blue Heron,data/new_raw/images/a23bf149-bcd0-49c5-b89e-b84a4a694865.jpg
8ed46b88-a2ca-439f-8e4c-c2bc909e2229,https://inaturalist-open-data.s3.amazonaws.com/photos/5088804/medium.jpeg,145245,Yellow-rumped Warbler,data/new_raw/images/8ed46b88-a2ca-439f-8e4c-c2bc909e2229.jpg
0f8e2206-52bc-4b01-9f6d-2b0f023740f6,https://inaturalist-open-data.s3.amazonaws.com/photos/5088820/medium.jpeg,9176,White-crowned Sparrow,data/new_raw/images/0f8e2206-52bc-4b01-9f6d-2b0f023740f6.jpg
98976783-245a-4dca-9c3c-cc5a0fc67285,https://inaturalist-open-data.s3.amazonaws.com/photos/5088821/medium.jpeg,9176,White-crowned Sparrow,data/new_raw/images/98976783-245a-4dca-9c3c-cc5a0fc67285.jpg
27203ee6-32f8-43fe-b3cb-6218b83e29bc,https://inaturalist-open-data.s3.amazonaws.com/photos/5088829/medium.jpeg,9100,Song Sparrow,data/new_raw/images/27203ee6-32f8-43fe-b3cb-6218b83e29bc.jpg
e1adda0b-f63a-45e0-b1b5-229c11ef389d,https://inaturalist-open-data.s3.amazonaws.com/photos/5088838/medium.jpeg,9184,White-throated Sparrow,data/new_raw/images/e1adda0b-f63a-45e0-b1b5-229c11ef389d.jpg
8abd956d-ec5d-4de9-b81b-f43175bff100,https://inaturalist-open-data.s3.amazonaws.com/photos/5088841/medium.jpeg,145310,American Goldfinch,data/new_raw/images/8abd956d-ec5d-4de9-b81b-f43175bff100.jpg
2ea99b39-4d9a-4eb0-a0ac-a7370c63696d,https://inaturalist-open-data.s3.amazonaws.com/photos/5088852/medium.jpeg,18463,Yellow-bellied Sapsucker,data/new_raw/images/2ea99b39-4d9a-4eb0-a0ac-a7370c63696d.jpg
a44ddcf0-7fd1-4819-9352-d54f5a879f31,https://inaturalist-open-data.s3.amazonaws.com/photos/5088860/medium.jpeg,18205,Red-bellied Woodpecker,data/new_raw/images/a44ddcf0-7fd1-4819-9352-d54f5a879f31.jpg
4ceb7125-9bf0-4da2-beb5-9cb7b2a43b1b,https://inaturalist-open-data.s3.amazonaws.com/photos/5088876/medium.jpeg,9083,Northern Cardinal,data/new_raw/images/4ceb7125-9bf0-4da2-beb5-9cb7b2a43b1b.jpg
52cfdb04-e057-47ee-99d7-b4672612204f,https://inaturalist-open-data.s3.amazonaws.com/photos/5088888/medium.jpeg,18236,Northern Flicker,data/new_raw/images/52cfdb04-e057-47ee-99d7-b4672612204f.jpg
96674ee1-1225-421c-9db6-64075c8b7a94,https://inaturalist-open-data.s3.amazonaws.com/photos/5088892/medium.jpeg,145242,Palm Warbler,data/new_raw/images/96674ee1-1225-421c-9db6-64075c8b7a94.jpg
0ce21b28-cdea-4762-9c16-6394d70f648e,https://inaturalist-open-data.s3.amazonaws.com/photos/5088896/medium.jpeg,14995,Gray Catbird,data/new_raw/images/0ce21b28-cdea-4762-9c16-6394d70f648e.jpg
e9e094d1-7a0a-4496-8e7f-5ed27bd47955,https://inaturalist-open-data.s3.amazonaws.com/photos/5088900/medium.jpeg,6930,Mallard,data/new_raw/images/e9e094d1-7a0a-4496-8e7f-5ed27bd47955.jpg
f17d7c65-5f7e-4939-82dd-7435a828d8ca,https://inaturalist-open-data.s3.amazonaws.com/photos/5088903/medium.jpeg,145242,Palm Warbler,data/new_raw/images/f17d7c65-5f7e-4939-82dd-7435a828d8ca.jpg
f322269a-5e26-429d-aeb9-5f041044ab98,https://inaturalist-open-data.s3.amazonaws.com/photos/5088915/medium.jpeg,9176,White-crowned Sparrow,data/new_raw/images/f322269a-5e26-429d-aeb9-5f041044ab98.jpg
ac5c9537-cc04-48a4-8158-3d2957295ef8,https://inaturalist-open-data.s3.amazonaws.com/photos/5096457/medium.jpeg,117100,Golden-crowned Kinglet,data/new_raw/images/ac5c9537-cc04-48a4-8158-3d2957295ef8.jpg
b40490d5-ab71-4243-9726-3b3909f8d799,https://inaturalist-open-data.s3.amazonaws.com/photos/5096461/medium.jpeg,12890,Hermit Thrush,data/new_raw/images/b40490d5-ab71-4243-9726-3b3909f8d799.jpg
299d863b-4fc1-4b1b-98b0-ea703dac5bc3,https://inaturalist-open-data.s3.amazonaws.com/photos/5096462/medium.jpeg,9096,Swamp Sparrow,data/new_raw/images/299d863b-4fc1-4b1b-98b0-ea703dac5bc3.jpg
520e6881-fb12-4725-a4be-99765983e3dd,https://inaturalist-open-data.s3.amazonaws.com/photos/5096465/medium.jpeg,7107,Wood Duck,data/new_raw/images/520e6881-fb12-4725-a4be-99765983e3dd.jpg
58b02bed-3bfb-4450-9347-ae2a6e89a833,https://inaturalist-open-data.s3.amazonaws.com/photos/5096467/medium.jpeg,6930,Mallard,data/new_raw/images/58b02bed-3bfb-4450-9347-ae2a6e89a833.jpg
2e8377f2-3dca-473c-84cb-d83f32d282ab,https://inaturalist-open-data.s3.amazonaws.com/photos/5096472/medium.jpeg,62550,Ovenbird,data/new_raw/images/2e8377f2-3dca-473c-84cb-d83f32d282ab.jpg
520980dd-4909-43a5-81d9-9a32db497ab6,https://inaturalist-open-data.s3.amazonaws.com/photos/5096478/medium.jpeg,7458,Brown Creeper,data/new_raw/images/520980dd-4909-43a5-81d9-9a32db497ab6.jpg
01232ee7-b2da-4dd4-aa3e-fa397f031f87,https://inaturalist-open-data.s3.amazonaws.com/photos/5096495/medium.jpeg,7601,Marsh Wren,data/new_raw/images/01232ee7-b2da-4dd4-aa3e-fa397f031f87.jpg
d3aebbd6-b4f5-4a62-9ffe-fef316f8a1b4,https://inaturalist-open-data.s3.amazonaws.com/photos/5096496/medium.jpeg,1286843,Sedge Wren,data/new_raw/images/d3aebbd6-b4f5-4a62-9ffe-fef316f8a1b4.jpg
26dc6791-d9ca-4cdb-8ae0-61b6140e144c,https://inaturalist-open-data.s3.amazonaws.com/photos/5096499/medium.jpeg,144455,Great Egret,data/new_raw/images/26dc6791-d9ca-4cdb-8ae0-61b6140e144c.jpg
3a22f01d-8859-4df0-a2df-ba0e79339b69,https://inaturalist-open-data.s3.amazonaws.com/photos/5113362/medium.jpeg,16100,Eastern Wood-Pewee,data/new_raw/images/3a22f01d-8859-4df0-a2df-ba0e79339b69.jpg
e2e8a9a9-2636-4d2e-b9ac-d6db3131529b,https://inaturalist-open-data.s3.amazonaws.com/photos/5113365/medium.jpeg,145235,Magnolia Warbler,data/new_raw/images/e2e8a9a9-2636-4d2e-b9ac-d6db3131529b.jpg
f317a0de-6291-40cb-8f66-2992b2297743,https://inaturalist-open-data.s3.amazonaws.com/photos/5113368/medium.jpeg,10271,Rose-breasted Grosbeak,data/new_raw/images/f317a0de-6291-40cb-8f66-2992b2297743.jpg
859dd219-f960-4c2b-81bc-c50ed334f9d5,https://inaturalist-open-data.s3.amazonaws.com/photos/5113373/medium.jpeg,10247,American Redstart,data/new_raw/images/859dd219-f960-4c2b-81bc-c50ed334f9d5.jpg
f49351e0-4fda-4989-bac4-3f8030dd51c4,https://inaturalist-open-data.s3.amazonaws.com/photos/5113375/medium.jpeg,145237,Blackburnian Warbler,data/new_raw/images/f49351e0-4fda-4989-bac4-3f8030dd51c4.jpg
88a03800-dd25-4113-8b36-1469b5c78b73,https://inaturalist-open-data.s3.amazonaws.com/photos/5113378/medium.jpeg,7493,Blue-gray Gnatcatcher,data/new_raw/images/88a03800-dd25-4113-8b36-1469b5c78b73.jpg
3e7b2545-4f47-4124-b3e5-5635e648997a,https://inaturalist-open-data.s3.amazonaws.com/photos/5113385/medium.jpeg,7428,Cedar Waxwing,data/new_raw/images/3e7b2545-4f47-4124-b3e5-5635e648997a.jpg
549f5b23-7d24-488f-bfac-62d28be0a6cc,https://static.inaturalist.org/photos/5114653/medium.jpg,43111,Eastern Cottontail,data/new_raw/images/549f5b23-7d24-488f-bfac-62d28be0a6cc.jpg
f50230ba-1693-4eed-a416-a9e48492fbfe,https://inaturalist-open-data.s3.amazonaws.com/photos/5115302/medium.jpg,46017,Eastern Gray Squirrel,data/new_raw/images/f50230ba-1693-4eed-a416-a9e48492fbfe.jpg
25459c3d-4c2b-4b36-a3cd-f229db87182f,https://inaturalist-open-data.s3.amazonaws.com/photos/5115305/medium.jpg,46017,Eastern Gray Squirrel,data/new_raw/images/25459c3d-4c2b-4b36-a3cd-f229db87182f.jpg
10af0a8d-2ffc-45b1-91f2-a31cf901bb58,https://static.inaturalist.org/photos/5123089/medium.jpg,14850,European Starling,data/new_raw/images/10af0a8d-2ffc-45b1-91f2-a31cf901bb58.jpg
590a7aa4-2ef6-46dd-91e5-09f78f2e2a3c,https://inaturalist-open-data.s3.amazonaws.com/photos/5122998/medium.jpg,2969,Eurasian Collared-Dove,data/new_raw/images/590a7aa4-2ef6-46dd-91e5-09f78f2e2a3c.jpg
adabf386-e857-4403-89ef-3a26697f71f0,https://inaturalist-open-data.s3.amazonaws.com/photos/5123000/medium.jpg,3454,Mourning Dove,data/new_raw/images/adabf386-e857-4403-89ef-3a26697f71f0.jpg
e8dff10a-ac61-44ac-a8a1-0e5fe6a66544,https://inaturalist-open-data.s3.amazonaws.com/photos/5126047/medium.jpeg,9083,Northern Cardinal,data/new_raw/images/e8dff10a-ac61-44ac-a8a1-0e5fe6a66544.jpg
50493fa0-9d86-4ea8-b14b-21f5719d3da0,https://inaturalist-open-data.s3.amazonaws.com/photos/5126033/medium.jpeg,13858,House Sparrow,data/new_raw/images/50493fa0-9d86-4ea8-b14b-21f5719d3da0.jpg
a4638f35-70af-4203-b43e-27a1536c5951,https://inaturalist-open-data.s3.amazonaws.com/photos/5126048/medium.jpeg,12727,American Robin,data/new_raw/images/a4638f35-70af-4203-b43e-27a1536c5951.jpg
b0e91d7c-aee6-44ba-8a82-b2e364534911,https://inaturalist-open-data.s3.amazonaws.com/photos/5126051/medium.jpeg,12890,Hermit Thrush,data/new_raw/images/b0e91d7c-aee6-44ba-8a82-b2e364534911.jpg
9df9c9da-0465-418b-bd53-6ec3e6c2ba2c,https://inaturalist-open-data.s3.amazonaws.com/photos/5126058/medium.jpeg,9184,White-throated Sparrow,data/new_raw/images/9df9c9da-0465-418b-bd53-6ec3e6c2ba2c.jpg
1fc9666b-dc6d-4391-b7d9-56a3551923e4,https://inaturalist-open-data.s3.amazonaws.com/photos/5126066/medium.jpeg,12890,Hermit Thrush,data/new_raw/images/1fc9666b-dc6d-4391-b7d9-56a3551923e4.jpg
7499fdf2-2605-488a-a49d-609a17b32dd8,https://inaturalist-open-data.s3.amazonaws.com/photos/5126075/medium.jpeg,46017,Eastern Gray Squirrel,data/new_raw/images/7499fdf2-2605-488a-a49d-609a17b32dd8.jpg
662122fd-c019-4c7b-990f-8ba8edc97c26,https://inaturalist-open-data.s3.amazonaws.com/photos/5127444/medium.jpeg,10094,Dark-eyed Junco,data/new_raw/images/662122fd-c019-4c7b-990f-8ba8edc97c26.jpg
b13348ee-016e-459b-b70e-9bd982be995c,https://inaturalist-open-data.s3.amazonaws.com/photos/5127536/medium.jpg,7089,Canada Goose,data/new_raw/images/b13348ee-016e-459b-b70e-9bd982be995c.jpg
70b88a73-159d-4374-b6eb-8731e847a776,https://inaturalist-open-data.s3.amazonaws.com/photos/5127561/medium.jpg,18236,Northern Flicker,data/new_raw/images/70b88a73-159d-4374-b6eb-8731e847a776.jpg
f76b94c0-3396-4ab4-9865-c506fbb7589b,https://inaturalist-open-data.s3.amazonaws.com/photos/5127539/medium.jpg,6930,Mallard,data/new_raw/images/f76b94c0-3396-4ab4-9865-c506fbb7589b.jpg
642da13b-4240-4130-bc56-8c9d2c6f0da4,https://inaturalist-open-data.s3.amazonaws.com/photos/5127576/medium.jpg,145245,Yellow-rumped Warbler,data/new_raw/images/642da13b-4240-4130-bc56-8c9d2c6f0da4.jpg
bdc92dbd-b4e1-4196-886a-0b80cfc701a2,https://inaturalist-open-data.s3.amazonaws.com/photos/5127688/medium.jpg,18236,Northern Flicker,data/new_raw/images/bdc92dbd-b4e1-4196-886a-0b80cfc701a2.jpg
a16f03d1-59ed-4820-aa80-f0a5d47c2e0f,https://inaturalist-open-data.s3.amazonaws.com/photos/5127800/medium.jpg,12727,American Robin,data/new_raw/images/a16f03d1-59ed-4820-aa80-f0a5d47c2e0f.jpg
15c73c9e-dbff-4bad-9612-885328e7651a,https://inaturalist-open-data.s3.amazonaws.com/photos/5127810/medium.jpg,7458,Brown Creeper,data/new_raw/images/15c73c9e-dbff-4bad-9612-885328e7651a.jpg
de0474ec-3b9a-421f-a0a3-9fad924bd8d8,https://inaturalist-open-data.s3.amazonaws.com/photos/5127813/medium.jpg,5212,Red-tailed Hawk,data/new_raw/images/de0474ec-3b9a-421f-a0a3-9fad924bd8d8.jpg
17fa44dc-7cd5-438e-8c21-cd3338569d67,https://inaturalist-open-data.s3.amazonaws.com/photos/5131155/medium.jpeg,10322,Rusty Blackbird,data/new_raw/images/17fa44dc-7cd5-438e-8c21-cd3338569d67.jpg
e4c0915a-da36-45df-8f61-226811471395,https://inaturalist-open-data.s3.amazonaws.com/photos/5134208/medium.jpeg,12878,Swainson's Thrush,data/new_raw/images/e4c0915a-da36-45df-8f61-226811471395.jpg
70952003-3075-44bc-800d-6c94a66522d7,https://inaturalist-open-data.s3.amazonaws.com/photos/5134213/medium.jpeg,6571,Chimney Swift,data/new_raw/images/70952003-3075-44bc-800d-6c94a66522d7.jpg
d6cfb09f-0a90-453a-8ffc-7083ccae1301,https://inaturalist-open-data.s3.amazonaws.com/photos/5134214/medium.jpeg,117100,Golden-crowned Kinglet,data/new_raw/images/d6cfb09f-0a90-453a-8ffc-7083ccae1301.jpg
4d86d1c6-4a0a-449c-9e58-9c2d44c4fedf,https://inaturalist-open-data.s3.amazonaws.com/photos/5134233/medium.jpeg,7458,Brown Creeper,data/new_raw/images/4d86d1c6-4a0a-449c-9e58-9c2d44c4fedf.jpg
62bf11d6-17df-4495-bb1e-85a5e30f4ceb,https://inaturalist-open-data.s3.amazonaws.com/photos/5134237/medium.jpeg,144883,Winter Wren,data/new_raw/images/62bf11d6-17df-4495-bb1e-85a5e30f4ceb.jpg
5264eea8-0624-446e-8187-3664658e2779,https://inaturalist-open-data.s3.amazonaws.com/photos/5134240/medium.jpeg,12890,Hermit Thrush,data/new_raw/images/5264eea8-0624-446e-8187-3664658e2779.jpg
99cba036-e8bb-4548-b9a9-fecb7189bab5,https://inaturalist-open-data.s3.amazonaws.com/photos/5134261/medium.jpeg,1579017,Cooper's Hawk,data/new_raw/images/99cba036-e8bb-4548-b9a9-fecb7189bab5.jpg
f07fba02-450d-4676-a7af-5a20d0c6862a,https://inaturalist-open-data.s3.amazonaws.com/photos/5134267/medium.jpeg,12878,Swainson's Thrush,data/new_raw/images/f07fba02-450d-4676-a7af-5a20d0c6862a.jpg
557651e2-cd2f-42d5-92ad-7f4216adc434,https://inaturalist-open-data.s3.amazonaws.com/photos/5134278/medium.jpeg,9156,Fox Sparrow,data/new_raw/images/557651e2-cd2f-42d5-92ad-7f4216adc434.jpg
85d2044a-eed9-41d4-9265-a6dc8e18902d,https://inaturalist-open-data.s3.amazonaws.com/photos/5134286/medium.jpeg,14823,Red-breasted Nuthatch,data/new_raw/images/85d2044a-eed9-41d4-9265-a6dc8e18902d.jpg
ccca2b0a-c82f-4923-a647-c0d1bf4a478b,https://inaturalist-open-data.s3.amazonaws.com/photos/5134292/medium.jpeg,979757,Orange-crowned Warbler,data/new_raw/images/ccca2b0a-c82f-4923-a647-c0d1bf4a478b.jpg
18a4e99e-858e-4950-9f46-68c57d16772e,https://inaturalist-open-data.s3.amazonaws.com/photos/5134294/medium.jpeg,14850,European Starling,data/new_raw/images/18a4e99e-858e-4950-9f46-68c57d16772e.jpg
510d2788-4397-4d51-ab9c-88ea0c0d78a7,https://inaturalist-open-data.s3.amazonaws.com/photos/5134322/medium.jpeg,17008,Eastern Phoebe,data/new_raw/images/510d2788-4397-4d51-ab9c-88ea0c0d78a7.jpg
b4b613fa-aa6e-4fd1-92b2-5b69284fecac,https://inaturalist-open-data.s3.amazonaws.com/photos/5135436/medium.jpeg,979753,Nashville Warbler,data/new_raw/images/b4b613fa-aa6e-4fd1-92b2-5b69284fecac.jpg
0cbfd846-ee1e-49b3-a646-96169d7526bb,https://inaturalist-open-data.s3.amazonaws.com/photos/5135539/medium.jpg,20044,Great Horned Owl,data/new_raw/images/0cbfd846-ee1e-49b3-a646-96169d7526bb.jpg
b604fa4e-1551-4f95-8112-9dbab03fe984,https://inaturalist-open-data.s3.amazonaws.com/photos/5135541/medium.jpg,144594,Snowy Owl,data/new_raw/images/b604fa4e-1551-4f95-8112-9dbab03fe984.jpg
76a945b8-b5b7-4239-841b-fb50fdb1b8d4,https://inaturalist-open-data.s3.amazonaws.com/photos/5135554/medium.jpg,20307,Long-eared Owl,data/new_raw/images/76a945b8-b5b7-4239-841b-fb50fdb1b8d4.jpg
b098a73c-c942-4b32-b8ea-a834d7900c69,https://inaturalist-open-data.s3.amazonaws.com/photos/5136080/medium.jpg,199837,Eastern Whip-poor-will,data/new_raw/images/b098a73c-c942-4b32-b8ea-a834d7900c69.jpg
38f3e791-3333-4866-81e3-999aa3a6a567,https://inaturalist-open-data.s3.amazonaws.com/photos/5136081/medium.jpg,6571,Chimney Swift,data/new_raw/images/38f3e791-3333-4866-81e3-999aa3a6a567.jpg
2f9e6ac7-d643-49d9-83fe-1d99805474e2,https://inaturalist-open-data.s3.amazonaws.com/photos/5136102/medium.jpg,18463,Yellow-bellied Sapsucker,data/new_raw/images/2f9e6ac7-d643-49d9-83fe-1d99805474e2.jpg
fedc3df4-9330-454b-8323-797c08fbeb44,https://inaturalist-open-data.s3.amazonaws.com/photos/5136103/medium.jpg,18463,Yellow-bellied Sapsucker,data/new_raw/images/fedc3df4-9330-454b-8323-797c08fbeb44.jpg
3cbe2abc-e506-47cd-b965-f5ba030797e3,https://inaturalist-open-data.s3.amazonaws.com/photos/5136108/medium.jpg,2548,Belted Kingfisher,data/new_raw/images/3cbe2abc-e506-47cd-b965-f5ba030797e3.jpg
7dcc292c-42d6-4f29-82ee-403c434e756d,https://inaturalist-open-data.s3.amazonaws.com/photos/5136110/medium.jpg,2548,Belted Kingfisher,data/new_raw/images/7dcc292c-42d6-4f29-82ee-403c434e756d.jpg
bd0b7f99-dba5-494d-a293-9f0ffd361c5d,https://inaturalist-open-data.s3.amazonaws.com/photos/5136111/medium.jpg,792988,Downy Woodpecker,data/new_raw/images/bd0b7f99-dba5-494d-a293-9f0ffd361c5d.jpg
775f844a-785c-4fd8-bddf-06aae54416f1,https://inaturalist-open-data.s3.amazonaws.com/photos/5136112/medium.jpg,792990,Hairy Woodpecker,data/new_raw/images/775f844a-785c-4fd8-bddf-06aae54416f1.jpg
09d8d4f5-3ac8-4f86-8d85-a87c23846d40,https://inaturalist-open-data.s3.amazonaws.com/photos/5136114/medium.jpg,18236,Northern Flicker,data/new_raw/images/09d8d4f5-3ac8-4f86-8d85-a87c23846d40.jpg
9b2670c0-13be-46a7-a62c-c409e73b4f57,https://inaturalist-open-data.s3.amazonaws.com/photos/5136952/medium.jpg,4665,American Kestrel,data/new_raw/images/9b2670c0-13be-46a7-a62c-c409e73b4f57.jpg
ffcf8696-eee3-4fad-950f-ab38737e6855,https://inaturalist-open-data.s3.amazonaws.com/photos/5136954/medium.jpg,4672,Merlin,data/new_raw/images/ffcf8696-eee3-4fad-950f-ab38737e6855.jpg
37c6b8ce-9fb7-4f8c-a344-70558bb59c24,https://inaturalist-open-data.s3.amazonaws.com/photos/5136957/medium.jpg,19349,Monk Parakeet,data/new_raw/images/37c6b8ce-9fb7-4f8c-a344-70558bb59c24.jpg
4c0aec02-3f6b-4eff-89cb-0b37f962fc2f,https://inaturalist-open-data.s3.amazonaws.com/photos/5137633/medium.jpeg,42223,White-tailed Deer,data/new_raw/images/4c0aec02-3f6b-4eff-89cb-0b37f962fc2f.jpg
9d32747d-6eb1-432f-9921-1638bac5e27f,https://inaturalist-open-data.s3.amazonaws.com/photos/5137622/medium.jpeg,18204,Red-headed Woodpecker,data/new_raw/images/9d32747d-6eb1-432f-9921-1638bac5e27f.jpg
fbc7f54d-c4cb-4b86-beb7-b78a8957bb3c,https://inaturalist-open-data.s3.amazonaws.com/photos/5137635/medium.jpeg,1286843,Sedge Wren,data/new_raw/images/fbc7f54d-c4cb-4b86-beb7-b78a8957bb3c.jpg
d5394eb9-20f7-4e95-95f4-b49f6206c7c6,https://inaturalist-open-data.s3.amazonaws.com/photos/5142241/medium.jpeg,132704,Myrtle Warbler,data/new_raw/images/d5394eb9-20f7-4e95-95f4-b49f6206c7c6.jpg
d2126fa3-16ec-4fba-9417-c659b905b96c,https://inaturalist-open-data.s3.amazonaws.com/photos/5142238/medium.jpeg,9184,White-throated Sparrow,data/new_raw/images/d2126fa3-16ec-4fba-9417-c659b905b96c.jpg
8de7153b-2877-457c-a27d-b481b60a6914,https://inaturalist-open-data.s3.amazonaws.com/photos/5147629/medium.jpeg,145233,Northern Parula,data/new_raw/images/8de7153b-2877-457c-a27d-b481b60a6914.jpg
f45fe87b-d268-47dc-b628-b2c31a073aa3,https://inaturalist-open-data.s3.amazonaws.com/photos/5147636/medium.jpeg,144883,Winter Wren,data/new_raw/images/f45fe87b-d268-47dc-b628-b2c31a073aa3.jpg
4b832479-bbf9-4320-9b06-b679a4453d0f,https://inaturalist-open-data.s3.amazonaws.com/photos/5147657/medium.jpeg,9096,Swamp Sparrow,data/new_raw/images/4b832479-bbf9-4320-9b06-b679a4453d0f.jpg
a13ba30f-722d-46b6-bccc-d8db4cd78749,https://inaturalist-open-data.s3.amazonaws.com/photos/5147660/medium.jpeg,9721,Common Yellowthroat,data/new_raw/images/a13ba30f-722d-46b6-bccc-d8db4cd78749.jpg
ee0312a3-1454-4e7d-bd6f-eee937a40379,https://inaturalist-open-data.s3.amazonaws.com/photos/5147664/medium.jpeg,10487,Bobolink,data/new_raw/images/ee0312a3-1454-4e7d-bd6f-eee937a40379.jpg
4ebf7e39-4866-4dad-98ce-e957422a4c8d,https://inaturalist-open-data.s3.amazonaws.com/photos/5147683/medium.jpg,13732,American Pipit,data/new_raw/images/4ebf7e39-4866-4dad-98ce-e957422a4c8d.jpg
fb882aa6-bb10-4b02-8d53-0a6cebaaccc6,https://inaturalist-open-data.s3.amazonaws.com/photos/5147780/medium.jpg,9184,White-throated Sparrow,data/new_raw/images/fb882aa6-bb10-4b02-8d53-0a6cebaaccc6.jpg
11585674-661d-4ec6-b428-4788c619de5c,https://inaturalist-open-data.s3.amazonaws.com/photos/5182088/medium.jpg,132704,Myrtle Warbler,data/new_raw/images/11585674-661d-4ec6-b428-4788c619de5c.jpg
c995c662-5860-4b1e-93e9-9ea00330f18e,https://inaturalist-open-data.s3.amazonaws.com/photos/5182089/medium.jpg,145245,Yellow-rumped Warbler,data/new_raw/images/c995c662-5860-4b1e-93e9-9ea00330f18e.jpg
7648997b-9847-4313-9fb4-0f338d4ac66e,https://inaturalist-open-data.s3.amazonaws.com/photos/5182090/medium.jpg,7089,Canada Goose,data/new_raw/images/7648997b-9847-4313-9fb4-0f338d4ac66e.jpg
f6865c55-3a3a-41ff-bd35-05d11420eb8c,https://inaturalist-open-data.s3.amazonaws.com/photos/5182095/medium.jpg,9096,Swamp Sparrow,data/new_raw/images/f6865c55-3a3a-41ff-bd35-05d11420eb8c.jpg
a74e7831-204c-4b84-8ab5-a197262cb986,https://inaturalist-open-data.s3.amazonaws.com/photos/5182097/medium.jpg,145245,Yellow-rumped Warbler,data/new_raw/images/a74e7831-204c-4b84-8ab5-a197262cb986.jpg
caa407da-d5fc-473d-9671-a9b49dae24b1,https://inaturalist-open-data.s3.amazonaws.com/photos/5182099/medium.jpg,145245,Yellow-rumped Warbler,data/new_raw/images/caa407da-d5fc-473d-9671-a9b49dae24b1.jpg
8b6b5b5b-f2f5-4e17-9a25-b2026e1f0888,https://inaturalist-open-data.s3.amazonaws.com/photos/5182110/medium.jpg,9184,White-throated Sparrow,data/new_raw/images/8b6b5b5b-f2f5-4e17-9a25-b2026e1f0888.jpg
ef9a9a07-7387-4c47-a8ea-414fe6346fd8,https://inaturalist-open-data.s3.amazonaws.com/photos/5182111/medium.jpg,4981,Black-crowned Night Heron,data/new_raw/images/ef9a9a07-7387-4c47-a8ea-414fe6346fd8.jpg
526e08bb-bd88-478b-9ebb-7e07e110bf65,https://inaturalist-open-data.s3.amazonaws.com/photos/5182087/medium.jpg,10094,Dark-eyed Junco,data/new_raw/images/526e08bb-bd88-478b-9ebb-7e07e110bf65.jpg
0e8cd178-93e2-4324-8606-3fdd60cf8eaf,https://inaturalist-open-data.s3.amazonaws.com/photos/5182118/medium.jpg,9184,White-throated Sparrow,data/new_raw/images/0e8cd178-93e2-4324-8606-3fdd60cf8eaf.jpg
971ac20d-b8b1-4270-bbcb-c49a2297c873,https://inaturalist-open-data.s3.amazonaws.com/photos/5182120/medium.jpg,4956,Great Blue Heron,data/new_raw/images/971ac20d-b8b1-4270-bbcb-c49a2297c873.jpg
f023fbf0-3325-4a5c-9168-2bb738127f9c,https://inaturalist-open-data.s3.amazonaws.com/photos/5182121/medium.jpg,1579017,Cooper's Hawk,data/new_raw/images/f023fbf0-3325-4a5c-9168-2bb738127f9c.jpg
d6cf71f1-991d-4ed8-a266-5c2d5afd7c0f,https://inaturalist-open-data.s3.amazonaws.com/photos/5182122/medium.jpg,9176,White-crowned Sparrow,data/new_raw/images/d6cf71f1-991d-4ed8-a266-5c2d5afd7c0f.jpg
99deec2b-7e04-4d05-90dc-ec147d8ab607,https://inaturalist-open-data.s3.amazonaws.com/photos/5182127/medium.jpg,46017,Eastern Gray Squirrel,data/new_raw/images/99deec2b-7e04-4d05-90dc-ec147d8ab607.jpg
6ea15238-05d8-4502-b04a-f9cfd2eb655e,https://inaturalist-open-data.s3.amazonaws.com/photos/5182130/medium.jpg,9096,Swamp Sparrow,data/new_raw/images/6ea15238-05d8-4502-b04a-f9cfd2eb655e.jpg
3438de88-125b-4552-9346-68dbefd4fda1,https://inaturalist-open-data.s3.amazonaws.com/photos/5182138/medium.jpg,41663,Common Raccoon,data/new_raw/images/3438de88-125b-4552-9346-68dbefd4fda1.jpg
d60ef0a2-f1e0-4cfc-8b3a-63e33187d937,https://inaturalist-open-data.s3.amazonaws.com/photos/5182142/medium.jpg,7107,Wood Duck,data/new_raw/images/d60ef0a2-f1e0-4cfc-8b3a-63e33187d937.jpg
549eef73-cabf-4c34-a50b-8069b73ea7e8,https://inaturalist-open-data.s3.amazonaws.com/photos/5182144/medium.jpg,12727,American Robin,data/new_raw/images/549eef73-cabf-4c34-a50b-8069b73ea7e8.jpg
7b65656c-70e4-420a-9aba-b1edaba21cb8,https://inaturalist-open-data.s3.amazonaws.com/photos/5182145/medium.jpg,792988,Downy Woodpecker,data/new_raw/images/7b65656c-70e4-420a-9aba-b1edaba21cb8.jpg
f0c35204-32d3-49fb-b1f9-e41adaaea5e6,https://inaturalist-open-data.s3.amazonaws.com/photos/5182150/medium.jpg,10094,Dark-eyed Junco,data/new_raw/images/f0c35204-32d3-49fb-b1f9-e41adaaea5e6.jpg
4e0bd7b9-ef4e-434c-a986-5df42d4b740e,https://inaturalist-open-data.s3.amazonaws.com/photos/5182153/medium.jpg,117100,Golden-crowned Kinglet,data/new_raw/images/4e0bd7b9-ef4e-434c-a986-5df42d4b740e.jpg
14b9069b-9d87-41b7-ad7b-c38ce006e6b2,https://inaturalist-open-data.s3.amazonaws.com/photos/5182157/medium.jpg,9184,White-throated Sparrow,data/new_raw/images/14b9069b-9d87-41b7-ad7b-c38ce006e6b2.jpg
3ef9c52c-65a1-497e-a3f2-199119317b04,https://inaturalist-open-data.s3.amazonaws.com/photos/5182158/medium.jpg,144815,Black-capped Chickadee,data/new_raw/images/3ef9c52c-65a1-497e-a3f2-199119317b04.jpg
0fdbfcc9-ba26-4356-aa16-e5162c8b4385,https://inaturalist-open-data.s3.amazonaws.com/photos/5182159/medium.jpg,18236,Northern Flicker,data/new_raw/images/0fdbfcc9-ba26-4356-aa16-e5162c8b4385.jpg
2d7f7d1b-ad14-4b8d-af50-010e1ad43ca9,https://inaturalist-open-data.s3.amazonaws.com/photos/5182161/medium.jpg,1579017,Cooper's Hawk,data/new_raw/images/2d7f7d1b-ad14-4b8d-af50-010e1ad43ca9.jpg
38c762df-1949-481a-af35-046270f9af89,https://inaturalist-open-data.s3.amazonaws.com/photos/5182173/medium.jpg,9176,White-crowned Sparrow,data/new_raw/images/38c762df-1949-481a-af35-046270f9af89.jpg
b0d2dd58-786a-4d02-957e-ef690453e275,https://inaturalist-open-data.s3.amazonaws.com/photos/5182180/medium.jpg,4246,Pied-billed Grebe,data/new_raw/images/b0d2dd58-786a-4d02-957e-ef690453e275.jpg
1747656f-5323-448c-8fcb-73a864d8f896,https://inaturalist-open-data.s3.amazonaws.com/photos/5182321/medium.jpg,117100,Golden-crowned Kinglet,data/new_raw/images/1747656f-5323-448c-8fcb-73a864d8f896.jpg
b6e876b9-d4c1-402f-836f-b8dc602b49c9,https://inaturalist-open-data.s3.amazonaws.com/photos/5182325/medium.jpg,2548,Belted Kingfisher,data/new_raw/images/b6e876b9-d4c1-402f-836f-b8dc602b49c9.jpg
375211b1-e9bc-4e15-9a96-02337287da83,https://inaturalist-open-data.s3.amazonaws.com/photos/5182326/medium.jpg,4364,Ring-billed Gull,data/new_raw/images/375211b1-e9bc-4e15-9a96-02337287da83.jpg
d944fd70-2e8b-488f-b9f3-a93dd47f8e40,https://inaturalist-open-data.s3.amazonaws.com/photos/5182327/medium.jpg,14850,European Starling,data/new_raw/images/d944fd70-2e8b-488f-b9f3-a93dd47f8e40.jpg
76e91a91-f972-475f-a1f1-34c5516b9830,https://inaturalist-open-data.s3.amazonaws.com/photos/5182328/medium.jpg,4956,Great Blue Heron,data/new_raw/images/76e91a91-f972-475f-a1f1-34c5516b9830.jpg
130d6e76-f899-4999-964e-c6ce2db680fe,https://inaturalist-open-data.s3.amazonaws.com/photos/5182330/medium.jpg,9184,White-throated Sparrow,data/new_raw/images/130d6e76-f899-4999-964e-c6ce2db680fe.jpg
899e3849-8a71-4bb8-84f0-25de86f72c40,https://inaturalist-open-data.s3.amazonaws.com/photos/5182731/medium.jpeg,7089,Canada Goose,data/new_raw/images/899e3849-8a71-4bb8-84f0-25de86f72c40.jpg
44cc4c90-611d-4c0c-832e-75d3e4dd8f70,https://inaturalist-open-data.s3.amazonaws.com/photos/5183152/medium.jpeg,4756,Turkey Vulture,data/new_raw/images/44cc4c90-611d-4c0c-832e-75d3e4dd8f70.jpg
0a131f7f-ef79-4474-8599-57f98004db6b,https://inaturalist-open-data.s3.amazonaws.com/photos/5183161/medium.jpeg,144455,Great Egret,data/new_raw/images/0a131f7f-ef79-4474-8599-57f98004db6b.jpg
741a2d6c-e946-42e8-a015-1cb2c173e420,https://inaturalist-open-data.s3.amazonaws.com/photos/5189775/medium.jpg,145231,Cape May Warbler,data/new_raw/images/741a2d6c-e946-42e8-a015-1cb2c173e420.jpg
e2d7cf50-b7f6-4023-876b-62f0639043f7,https://inaturalist-open-data.s3.amazonaws.com/photos/5189786/medium.jpg,72912,Worm-eating Warbler,data/new_raw/images/e2d7cf50-b7f6-4023-876b-62f0639043f7.jpg
323ec105-3ed9-4d72-9033-23718061e8db,https://inaturalist-open-data.s3.amazonaws.com/photos/5189799/medium.jpg,10247,American Redstart,data/new_raw/images/323ec105-3ed9-4d72-9033-23718061e8db.jpg
cb28486f-3b4d-4f85-8b4a-ce8d4bbc1043,https://inaturalist-open-data.s3.amazonaws.com/photos/5189798/medium.jpg,10729,Prothonotary Warbler,data/new_raw/images/cb28486f-3b4d-4f85-8b4a-ce8d4bbc1043.jpg
824c8dfb-336a-49af-8690-383338f7b5f0,https://inaturalist-open-data.s3.amazonaws.com/photos/5189803/medium.jpg,145238,Yellow Warbler,data/new_raw/images/824c8dfb-336a-49af-8690-383338f7b5f0.jpg
a8837ca4-081e-47d0-87b5-15140f00e544,https://inaturalist-open-data.s3.amazonaws.com/photos/5189806/medium.jpg,145235,Magnolia Warbler,data/new_raw/images/a8837ca4-081e-47d0-87b5-15140f00e544.jpg
1c70068c-0a15-472e-81f3-27b10819be1e,https://inaturalist-open-data.s3.amazonaws.com/photos/5189807/medium.jpg,9721,Common Yellowthroat,data/new_raw/images/1c70068c-0a15-472e-81f3-27b10819be1e.jpg
0e74daf4-25b1-46a3-87a8-1d5fe9af5cb2,https://inaturalist-open-data.s3.amazonaws.com/photos/5196021/medium.jpeg,18463,Yellow-bellied Sapsucker,data/new_raw/images/0e74daf4-25b1-46a3-87a8-1d5fe9af5cb2.jpg
7c1ffc0e-47d2-4162-9ba3-b1d94c8b79b0,https://inaturalist-open-data.s3.amazonaws.com/photos/5196073/medium.jpeg,9092,Lincoln's Sparrow,data/new_raw/images/7c1ffc0e-47d2-4162-9ba3-b1d94c8b79b0.jpg
8dcf526f-fc55-47a7-aa62-9931e4cff371,https://inaturalist-open-data.s3.amazonaws.com/photos/5196091/medium.jpeg,9100,Song Sparrow,data/new_raw/images/8dcf526f-fc55-47a7-aa62-9931e4cff371.jpg
e4651959-75f1-4972-a3d9-8da4bfbce1e7,https://inaturalist-open-data.s3.amazonaws.com/photos/5199856/medium.jpg,145239,Chestnut-sided Warbler,data/new_raw/images/e4651959-75f1-4972-a3d9-8da4bfbce1e7.jpg
533aa900-932a-4fba-93b2-c86a357157ee,https://inaturalist-open-data.s3.amazonaws.com/photos/5199863/medium.jpg,199916,Black-throated Blue Warbler,data/new_raw/images/533aa900-932a-4fba-93b2-c86a357157ee.jpg
630f605f-157c-4d43-ad39-8da8f255dbbe,https://inaturalist-open-data.s3.amazonaws.com/photos/5199862/medium.jpg,199916,Black-throated Blue Warbler,data/new_raw/images/630f605f-157c-4d43-ad39-8da8f255dbbe.jpg
5a087cdd-b185-4b36-b18a-1fec1cf41fa9,https://inaturalist-open-data.s3.amazonaws.com/photos/5199865/medium.jpg,238505,Western Palm Warbler,data/new_raw/images/5a087cdd-b185-4b36-b18a-1fec1cf41fa9.jpg
6ec66630-ff1b-416e-bf2b-58495e20445e,https://inaturalist-open-data.s3.amazonaws.com/photos/5199866/medium.jpg,145244,Pine Warbler,data/new_raw/images/6ec66630-ff1b-416e-bf2b-58495e20445e.jpg
65a09f81-b7f0-4af4-9c0e-b1fc4cd0942f,https://inaturalist-open-data.s3.amazonaws.com/photos/5199871/medium.jpg,145258,Black-throated Green Warbler,data/new_raw/images/65a09f81-b7f0-4af4-9c0e-b1fc4cd0942f.jpg
57d3fd94-0143-4df9-bad7-f7db1e4ef7a4,https://inaturalist-open-data.s3.amazonaws.com/photos/5199868/medium.jpg,132704,Myrtle Warbler,data/new_raw/images/57d3fd94-0143-4df9-bad7-f7db1e4ef7a4.jpg
0be8f490-b82b-49e8-b1a1-58492853b040,https://inaturalist-open-data.s3.amazonaws.com/photos/5199872/medium.jpg,145276,Wilson's Warbler,data/new_raw/images/0be8f490-b82b-49e8-b1a1-58492853b040.jpg
9eb1e93a-2ac0-4bba-9567-aeb480601616,https://inaturalist-open-data.s3.amazonaws.com/photos/5199946/medium.jpg,132704,Myrtle Warbler,data/new_raw/images/9eb1e93a-2ac0-4bba-9567-aeb480601616.jpg
02d3da9a-7fe7-419f-ab50-bbd668a76b35,https://inaturalist-open-data.s3.amazonaws.com/photos/5212391/medium.jpeg,1965,Yellow-billed Cuckoo,data/new_raw/images/02d3da9a-7fe7-419f-ab50-bbd668a76b35.jpg
ce6b7e1d-b2ff-4db9-85c6-e7a321721cfa,https://inaturalist-open-data.s3.amazonaws.com/photos/5212392/medium.jpeg,3857,Dunlin,data/new_raw/images/ce6b7e1d-b2ff-4db9-85c6-e7a321721cfa.jpg
ac88c42a-1d31-4f4e-adbc-93fdcd84ca4e,https://inaturalist-open-data.s3.amazonaws.com/photos/5215993/medium.jpg,46017,Eastern Gray Squirrel,data/new_raw/images/ac88c42a-1d31-4f4e-adbc-93fdcd84ca4e.jpg
e866b06e-0b71-4c96-a2c0-d8a593b2560a,https://inaturalist-open-data.s3.amazonaws.com/photos/5216017/medium.jpg,46017,Eastern Gray Squirrel,data/new_raw/images/e866b06e-0b71-4c96-a2c0-d8a593b2560a.jpg
b43ea253-c65e-4b2c-888e-0a47e774b87a,https://inaturalist-open-data.s3.amazonaws.com/photos/5216071/medium.jpg,43111,Eastern Cottontail,data/new_raw/images/b43ea253-c65e-4b2c-888e-0a47e774b87a.jpg
4328626a-b00b-4bf4-89c3-1e7e3d5f8d6c,https://inaturalist-open-data.s3.amazonaws.com/photos/5264114/medium.jpg,40509,Big Brown Bat,data/new_raw/images/4328626a-b00b-4bf4-89c3-1e7e3d5f8d6c.jpg
1efa1447-314b-432f-8f25-2845f73f4ed5,https://inaturalist-open-data.s3.amazonaws.com/photos/5264221/medium.jpeg,199840,House Finch,data/new_raw/images/1efa1447-314b-432f-8f25-2845f73f4ed5.jpg
9603175f-c5f5-446d-8b68-c2753e540ecb,https://static.inaturalist.org/photos/5270869/medium.jpg,7458,Brown Creeper,data/new_raw/images/9603175f-c5f5-446d-8b68-c2753e540ecb.jpg
f25842e5-d999-474f-b6fd-fe9ee4bbcf4b,https://inaturalist-open-data.s3.amazonaws.com/photos/5271456/medium.jpg,40629,Silver-haired Bat,data/new_raw/images/f25842e5-d999-474f-b6fd-fe9ee4bbcf4b.jpg
d95f2657-35af-4ea2-abee-39b56d5c0dcf,https://inaturalist-open-data.s3.amazonaws.com/photos/5272154/medium.jpeg,145240,Blackpoll Warbler,data/new_raw/images/d95f2657-35af-4ea2-abee-39b56d5c0dcf.jpg
efeee497-3dd3-42e9-8eff-9d43910fea36,https://inaturalist-open-data.s3.amazonaws.com/photos/5272725/medium.jpg,6432,Ruby-throated Hummingbird,data/new_raw/images/efeee497-3dd3-42e9-8eff-9d43910fea36.jpg
cb14d0c0-6eb1-4438-b3d0-a1a9ca47d81c,https://inaturalist-open-data.s3.amazonaws.com/photos/5273207/medium.jpg,199837,Eastern Whip-poor-will,data/new_raw/images/cb14d0c0-6eb1-4438-b3d0-a1a9ca47d81c.jpg
1e1baff7-4420-4e19-b6ea-1da58bf21e22,https://inaturalist-open-data.s3.amazonaws.com/photos/5273212/medium.jpg,62550,Ovenbird,data/new_raw/images/1e1baff7-4420-4e19-b6ea-1da58bf21e22.jpg
a5d7a234-53ac-4717-938f-34e987c9e4b0,https://inaturalist-open-data.s3.amazonaws.com/photos/5273214/medium.jpg,145229,Hooded Warbler,data/new_raw/images/a5d7a234-53ac-4717-938f-34e987c9e4b0.jpg
ddac2714-a34a-44d5-ae18-92630d8ab88f,https://inaturalist-open-data.s3.amazonaws.com/photos/5273217/medium.jpg,238505,Western Palm Warbler,data/new_raw/images/ddac2714-a34a-44d5-ae18-92630d8ab88f.jpg
ffd629b5-0205-41dd-8597-b071952cb539,https://inaturalist-open-data.s3.amazonaws.com/photos/5273239/medium.jpg,73553,Blue-winged Warbler,data/new_raw/images/ffd629b5-0205-41dd-8597-b071952cb539.jpg
5b7f66f3-41a5-49c9-b004-ee196da18271,https://inaturalist-open-data.s3.amazonaws.com/photos/5273893/medium.jpeg,3875,Solitary Sandpiper,data/new_raw/images/5b7f66f3-41a5-49c9-b004-ee196da18271.jpg
0b19f5c8-3d74-48ac-84ad-aae340603f3b,https://inaturalist-open-data.s3.amazonaws.com/photos/5277635/medium.jpeg,4756,Turkey Vulture,data/new_raw/images/0b19f5c8-3d74-48ac-84ad-aae340603f3b.jpg
94695cdf-dad2-4211-9cca-ed9a87c4c73d,https://inaturalist-open-data.s3.amazonaws.com/photos/5277637/medium.jpeg,144455,Great Egret,data/new_raw/images/94695cdf-dad2-4211-9cca-ed9a87c4c73d.jpg
5a9a066b-fb45-46dd-8f77-614a9a40e729,https://inaturalist-open-data.s3.amazonaws.com/photos/5278111/medium.jpeg,5020,Green Heron,data/new_raw/images/5a9a066b-fb45-46dd-8f77-614a9a40e729.jpg
88374770-f06e-4363-bde9-534b065a26c5,https://inaturalist-open-data.s3.amazonaws.com/photos/5278112/medium.jpeg,117100,Golden-crowned Kinglet,data/new_raw/images/88374770-f06e-4363-bde9-534b065a26c5.jpg
a0183d9e-239f-4139-bc93-e5ec2c4204ca,https://inaturalist-open-data.s3.amazonaws.com/photos/5278109/medium.jpeg,144455,Great Egret,data/new_raw/images/a0183d9e-239f-4139-bc93-e5ec2c4204ca.jpg
2903cb4b-d141-4d00-a95e-4dbc5dcb51e8,https://inaturalist-open-data.s3.amazonaws.com/photos/5278118/medium.jpg,792988,Downy Woodpecker,data/new_raw/images/2903cb4b-d141-4d00-a95e-4dbc5dcb51e8.jpg
06989eb5-34b8-4a0b-b32f-df69274b0cce,https://inaturalist-open-data.s3.amazonaws.com/photos/5316146/medium.jpeg,12890,Hermit Thrush,data/new_raw/images/06989eb5-34b8-4a0b-b32f-df69274b0cce.jpg
2fc8b0ff-66e9-4274-9b40-c4cdff256e49,https://inaturalist-open-data.s3.amazonaws.com/photos/5317388/medium.jpg,16110,Olive-sided Flycatcher,data/new_raw/images/2fc8b0ff-66e9-4274-9b40-c4cdff256e49.jpg
f583b403-6606-48c9-89ad-a2d604e82442,https://inaturalist-open-data.s3.amazonaws.com/photos/5317391/medium.jpg,16100,Eastern Wood-Pewee,data/new_raw/images/f583b403-6606-48c9-89ad-a2d604e82442.jpg
92ffd83a-e470-4c9a-a1a7-e08d5bad455c,https://inaturalist-open-data.s3.amazonaws.com/photos/5317395/medium.jpg,16100,Eastern Wood-Pewee,data/new_raw/images/92ffd83a-e470-4c9a-a1a7-e08d5bad455c.jpg
630a8b71-3fb8-4b93-ba01-570be7e8b0ab,https://inaturalist-open-data.s3.amazonaws.com/photos/5317397/medium.jpg,17008,Eastern Phoebe,data/new_raw/images/630a8b71-3fb8-4b93-ba01-570be7e8b0ab.jpg
61415c75-d02c-4985-be15-a92473abf039,https://inaturalist-open-data.s3.amazonaws.com/photos/5317401/medium.jpg,16028,Great Crested Flycatcher,data/new_raw/images/61415c75-d02c-4985-be15-a92473abf039.jpg
52ac81bc-571b-4ded-8acc-f5a34555e6aa,https://inaturalist-open-data.s3.amazonaws.com/photos/5317405/medium.jpg,16782,Eastern Kingbird,data/new_raw/images/52ac81bc-571b-4ded-8acc-f5a34555e6aa.jpg
121a0c45-9d70-43d8-afaa-0618aa77cd60,https://inaturalist-open-data.s3.amazonaws.com/photos/5325937/medium.jpg,17402,Blue-headed Vireo,data/new_raw/images/121a0c45-9d70-43d8-afaa-0618aa77cd60.jpg
e6dbbfe7-359d-4264-a9f1-9c6d95199c62,https://inaturalist-open-data.s3.amazonaws.com/photos/5325938/medium.jpg,17394,Warbling Vireo,data/new_raw/images/e6dbbfe7-359d-4264-a9f1-9c6d95199c62.jpg
f8df2039-86c9-444c-84e6-1b08af9d583c,https://inaturalist-open-data.s3.amazonaws.com/photos/5325939/medium.jpg,891704,Red-eyed Vireo,data/new_raw/images/f8df2039-86c9-444c-84e6-1b08af9d583c.jpg
abf99ade-c674-41d2-b88f-193e65c859c1,https://inaturalist-open-data.s3.amazonaws.com/photos/5325948/medium.jpg,8229,Blue Jay,data/new_raw/images/abf99ade-c674-41d2-b88f-193e65c859c1.jpg
6e0b40e3-7399-4709-8f3b-24fdf636e7ac,https://inaturalist-open-data.s3.amazonaws.com/photos/5342777/medium.jpeg,343340,Eastern Red Fox Sparrow,data/new_raw/images/6e0b40e3-7399-4709-8f3b-24fdf636e7ac.jpg
fc537afc-6d66-49c8-bb24-a991227cec48,https://inaturalist-open-data.s3.amazonaws.com/photos/5344611/medium.jpg,9424,Eastern Towhee,data/new_raw/images/fc537afc-6d66-49c8-bb24-a991227cec48.jpg
334e25d0-d70b-4977-981e-a9a8c65d2e84,https://inaturalist-open-data.s3.amazonaws.com/photos/5344613/medium.jpg,474210,American Tree Sparrow,data/new_raw/images/334e25d0-d70b-4977-981e-a9a8c65d2e84.jpg
ce6794cc-4ee8-4a57-9fd0-bfd0093bf62d,https://inaturalist-open-data.s3.amazonaws.com/photos/5344614/medium.jpg,9148,Clay-colored Sparrow,data/new_raw/images/ce6794cc-4ee8-4a57-9fd0-bfd0093bf62d.jpg
06a36e2f-93a8-4398-a334-1f0468953388,https://inaturalist-open-data.s3.amazonaws.com/photos/5344626/medium.jpg,10479,Lark Sparrow,data/new_raw/images/06a36e2f-93a8-4398-a334-1f0468953388.jpg
460afe29-5783-47a3-b448-49577c53660d,https://inaturalist-open-data.s3.amazonaws.com/photos/5344627/medium.jpg,9981,Savannah Sparrow,data/new_raw/images/460afe29-5783-47a3-b448-49577c53660d.jpg
4acd0895-4185-4e37-9904-f0e543ef42d7,https://inaturalist-open-data.s3.amazonaws.com/photos/5344631/medium.jpg,793286,Nelson's Sparrow,data/new_raw/images/4acd0895-4185-4e37-9904-f0e543ef42d7.jpg
c53f87f6-747f-4364-9918-56a3895d7e9e,https://inaturalist-open-data.s3.amazonaws.com/photos/5344636/medium.jpg,9100,Song Sparrow,data/new_raw/images/c53f87f6-747f-4364-9918-56a3895d7e9e.jpg
07958334-10f5-4bde-a71c-23d2943847ee,https://inaturalist-open-data.s3.amazonaws.com/photos/5344637/medium.jpg,9100,Song Sparrow,data/new_raw/images/07958334-10f5-4bde-a71c-23d2943847ee.jpg
4679fcb8-34a0-47c4-ba70-19cb630f2f92,https://inaturalist-open-data.s3.amazonaws.com/photos/5344639/medium.jpg,9092,Lincoln's Sparrow,data/new_raw/images/4679fcb8-34a0-47c4-ba70-19cb630f2f92.jpg
1c46d2dc-e949-4ab1-bfa7-df578ae3fb97,https://inaturalist-open-data.s3.amazonaws.com/photos/5344641/medium.jpg,9184,White-throated Sparrow,data/new_raw/images/1c46d2dc-e949-4ab1-bfa7-df578ae3fb97.jpg
010b2814-2c53-48cb-9b0d-24b33136ca9e,https://inaturalist-open-data.s3.amazonaws.com/photos/5344643/medium.jpg,9182,Harris's Sparrow,data/new_raw/images/010b2814-2c53-48cb-9b0d-24b33136ca9e.jpg
0f5310fc-79f8-42a2-9e95-0bc7f45e9b90,https://inaturalist-open-data.s3.amazonaws.com/photos/5344645/medium.jpg,9096,Swamp Sparrow,data/new_raw/images/0f5310fc-79f8-42a2-9e95-0bc7f45e9b90.jpg
b2c9a50e-6160-44a6-932a-4c7aadcb8337,https://inaturalist-open-data.s3.amazonaws.com/photos/5344657/medium.jpg,10094,Dark-eyed Junco,data/new_raw/images/b2c9a50e-6160-44a6-932a-4c7aadcb8337.jpg
cc6b995b-260a-452f-9d12-53dba88bbce1,https://inaturalist-open-data.s3.amazonaws.com/photos/5345195/medium.jpg,14850,European Starling,data/new_raw/images/cc6b995b-260a-452f-9d12-53dba88bbce1.jpg
1f774b0b-92d6-4377-a0dc-5e9eba37e00b,https://inaturalist-open-data.s3.amazonaws.com/photos/5345201/medium.jpg,117059,Snow Bunting,data/new_raw/images/1f774b0b-92d6-4377-a0dc-5e9eba37e00b.jpg
6bf13432-9ee9-4e49-9e29-0c517b6939d6,https://inaturalist-open-data.s3.amazonaws.com/photos/5345421/medium.jpg,8021,American Crow,data/new_raw/images/6bf13432-9ee9-4e49-9e29-0c517b6939d6.jpg
e3f93e7b-c96c-49a3-9487-d7959e0ea439,https://inaturalist-open-data.s3.amazonaws.com/photos/5345430/medium.jpg,144815,Black-capped Chickadee,data/new_raw/images/e3f93e7b-c96c-49a3-9487-d7959e0ea439.jpg
7a925ed3-50e8-44ed-929c-74ec4fbec184,https://inaturalist-open-data.s3.amazonaws.com/photos/5345446/medium.jpg,7458,Brown Creeper,data/new_raw/images/7a925ed3-50e8-44ed-929c-74ec4fbec184.jpg
69f4a948-5735-4dc8-8b7c-785325e55136,https://inaturalist-open-data.s3.amazonaws.com/photos/5345448/medium.jpg,7562,Northern House Wren,data/new_raw/images/69f4a948-5735-4dc8-8b7c-785325e55136.jpg
156d6b49-26c0-459d-abd3-876fe3c9c2fd,https://inaturalist-open-data.s3.amazonaws.com/photos/5345450/medium.jpg,144883,Winter Wren,data/new_raw/images/156d6b49-26c0-459d-abd3-876fe3c9c2fd.jpg
af6014fc-29d1-4a01-b6fb-0829f48f8fa0,https://inaturalist-open-data.s3.amazonaws.com/photos/5345457/medium.jpg,14898,Brown Thrasher,data/new_raw/images/af6014fc-29d1-4a01-b6fb-0829f48f8fa0.jpg
e9ecfe4f-85a2-46a9-a9c0-bb789cd29c2f,https://inaturalist-open-data.s3.amazonaws.com/photos/5365519/medium.jpeg,558426,Snow Goose,data/new_raw/images/e9ecfe4f-85a2-46a9-a9c0-bb789cd29c2f.jpg
1296549e-5c7e-4087-bc9f-2a4a9f207f3f,https://inaturalist-open-data.s3.amazonaws.com/photos/5365524/medium.jpg,117059,Snow Bunting,data/new_raw/images/1296549e-5c7e-4087-bc9f-2a4a9f207f3f.jpg
73a3f575-ba58-40fe-b616-a607bd32cda8,https://inaturalist-open-data.s3.amazonaws.com/photos/5365534/medium.jpg,20044,Great Horned Owl,data/new_raw/images/73a3f575-ba58-40fe-b616-a607bd32cda8.jpg
dc12eed3-415c-48f7-9b0c-fcb749dea22e,https://inaturalist-open-data.s3.amazonaws.com/photos/5365532/medium.jpg,4209,Horned Grebe,data/new_raw/images/dc12eed3-415c-48f7-9b0c-fcb749dea22e.jpg
11252c9a-e266-402c-b350-7c103b489241,https://inaturalist-open-data.s3.amazonaws.com/photos/5408542/medium.jpeg,42223,White-tailed Deer,data/new_raw/images/11252c9a-e266-402c-b350-7c103b489241.jpg
5d6930f2-c304-423b-82c6-befc30b0d78b,https://inaturalist-open-data.s3.amazonaws.com/photos/5408543/medium.jpeg,7107,Wood Duck,data/new_raw/images/5d6930f2-c304-423b-82c6-befc30b0d78b.jpg
5e8f776c-733b-4bbe-b9ff-ccd26599f8dc,https://inaturalist-open-data.s3.amazonaws.com/photos/5410397/medium.jpg,19975,Burrowing Owl,data/new_raw/images/5e8f776c-733b-4bbe-b9ff-ccd26599f8dc.jpg
a31c5cc9-8460-48c5-a9f7-c2e0db675a18,https://inaturalist-open-data.s3.amazonaws.com/photos/5414230/medium.jpg,6893,Black-bellied Whistling-Duck,data/new_raw/images/a31c5cc9-8460-48c5-a9f7-c2e0db675a18.jpg
57a89a55-cff4-436a-8018-71ae1e2e09d4,https://inaturalist-open-data.s3.amazonaws.com/photos/5421004/medium.jpeg,474210,American Tree Sparrow,data/new_raw/images/57a89a55-cff4-436a-8018-71ae1e2e09d4.jpg
b064f443-f2a5-4dd0-901e-e3333b95b0dc,https://inaturalist-open-data.s3.amazonaws.com/photos/5421006/medium.jpeg,199840,House Finch,data/new_raw/images/b064f443-f2a5-4dd0-901e-e3333b95b0dc.jpg
f3c74b08-90b5-4540-839f-092357f4e93f,https://inaturalist-open-data.s3.amazonaws.com/photos/5454882/medium.jpeg,6930,Mallard,data/new_raw/images/f3c74b08-90b5-4540-839f-092357f4e93f.jpg
fb50774f-967f-4b59-9ac7-a658bc8113ea,https://inaturalist-open-data.s3.amazonaws.com/photos/5454869/medium.jpeg,46017,Eastern Gray Squirrel,data/new_raw/images/fb50774f-967f-4b59-9ac7-a658bc8113ea.jpg
3155f3ad-6381-4e2e-a53f-777ada1da24c,https://static.inaturalist.org/photos/5465276/medium.jpg,45763,Muskrat,data/new_raw/images/3155f3ad-6381-4e2e-a53f-777ada1da24c.jpg
c4a0e161-3b6a-4c32-82b2-c6bbe6b89f50,https://inaturalist-open-data.s3.amazonaws.com/photos/5469524/medium.jpeg,474210,American Tree Sparrow,data/new_raw/images/c4a0e161-3b6a-4c32-82b2-c6bbe6b89f50.jpg
f72b2dc1-bcc1-43ba-ad0c-6de830f8bfca,https://inaturalist-open-data.s3.amazonaws.com/photos/5469530/medium.jpeg,485176,American Wigeon,data/new_raw/images/f72b2dc1-bcc1-43ba-ad0c-6de830f8bfca.jpg
b4b72f67-8a28-4eb4-a44f-7523e0b24f58,https://inaturalist-open-data.s3.amazonaws.com/photos/5544252/medium.jpeg,1289388,Ruby-crowned Kinglet,data/new_raw/images/b4b72f67-8a28-4eb4-a44f-7523e0b24f58.jpg
fae4c2c1-a9e0-434d-9207-2515c7cf7526,https://inaturalist-open-data.s3.amazonaws.com/photos/5544899/medium.jpeg,1579017,Cooper's Hawk,data/new_raw/images/fae4c2c1-a9e0-434d-9207-2515c7cf7526.jpg
8e5a986a-033d-42f9-8db0-9cd4cac6bc49,https://inaturalist-open-data.s3.amazonaws.com/photos/5575439/medium.jpeg,8021,American Crow,data/new_raw/images/8e5a986a-033d-42f9-8db0-9cd4cac6bc49.jpg
ec015123-e8f5-4057-9403-9a971ce873a7,https://inaturalist-open-data.s3.amazonaws.com/photos/5575450/medium.jpeg,792988,Downy Woodpecker,data/new_raw/images/ec015123-e8f5-4057-9403-9a971ce873a7.jpg
6939cc47-f176-4b76-a50d-d8055d65b657,https://inaturalist-open-data.s3.amazonaws.com/photos/5575537/medium.jpeg,508048,Sandhill Crane,data/new_raw/images/6939cc47-f176-4b76-a50d-d8055d65b657.jpg
dfd7c7ba-7dec-47d5-9cdb-bedba53c2c8c,https://inaturalist-open-data.s3.amazonaws.com/photos/5575536/medium.jpeg,474210,American Tree Sparrow,data/new_raw/images/dfd7c7ba-7dec-47d5-9cdb-bedba53c2c8c.jpg
ce8d41d2-1866-4ebc-aa58-aacbc89a72f0,https://inaturalist-open-data.s3.amazonaws.com/photos/5575539/medium.jpeg,5206,Red-shouldered Hawk,data/new_raw/images/ce8d41d2-1866-4ebc-aa58-aacbc89a72f0.jpg
f5bcdcd4-cbb5-4077-baea-cc9ce4f35381,https://inaturalist-open-data.s3.amazonaws.com/photos/5579328/medium.jpeg,3454,Mourning Dove,data/new_raw/images/f5bcdcd4-cbb5-4077-baea-cc9ce4f35381.jpg
cb6e9fd6-749c-45c5-b6a1-9b2fadc33114,https://inaturalist-open-data.s3.amazonaws.com/photos/5579320/medium.jpeg,144883,Winter Wren,data/new_raw/images/cb6e9fd6-749c-45c5-b6a1-9b2fadc33114.jpg
dc343b9a-35a8-403a-92f1-bba946bfa352,https://inaturalist-open-data.s3.amazonaws.com/photos/5585581/medium.jpg,16602,Least Flycatcher,data/new_raw/images/dc343b9a-35a8-403a-92f1-bba946bfa352.jpg
cf627e3f-6773-4880-a89e-fc6bb35d283f,https://inaturalist-open-data.s3.amazonaws.com/photos/5585584/medium.jpg,1960,Black-billed Cuckoo,data/new_raw/images/cf627e3f-6773-4880-a89e-fc6bb35d283f.jpg
c1617ef9-55c3-438c-ba7a-699d9860fe0d,https://inaturalist-open-data.s3.amazonaws.com/photos/5585585/medium.jpg,20044,Great Horned Owl,data/new_raw/images/c1617ef9-55c3-438c-ba7a-699d9860fe0d.jpg
5edcc8d0-8a91-4767-a9d0-1e74cdcd5fbe,https://inaturalist-open-data.s3.amazonaws.com/photos/5585586/medium.jpg,4647,Peregrine Falcon,data/new_raw/images/5edcc8d0-8a91-4767-a9d0-1e74cdcd5fbe.jpg
0732973a-aa12-4ad2-a152-697f3e2efbfc,https://inaturalist-open-data.s3.amazonaws.com/photos/5585592/medium.jpg,9602,Common Grackle,data/new_raw/images/0732973a-aa12-4ad2-a152-697f3e2efbfc.jpg
dad74729-1048-46ff-b3ce-883c38125372,https://inaturalist-open-data.s3.amazonaws.com/photos/5585597/medium.jpg,16100,Eastern Wood-Pewee,data/new_raw/images/dad74729-1048-46ff-b3ce-883c38125372.jpg
0d87e943-a521-4c8f-b445-9bb3887f949d,https://inaturalist-open-data.s3.amazonaws.com/photos/5585598/medium.jpg,16100,Eastern Wood-Pewee,data/new_raw/images/0d87e943-a521-4c8f-b445-9bb3887f949d.jpg
4016c487-13e5-49c4-b166-31fabcc18407,https://inaturalist-open-data.s3.amazonaws.com/photos/5585599/medium.jpg,12727,American Robin,data/new_raw/images/4016c487-13e5-49c4-b166-31fabcc18407.jpg
00bb124b-e51d-4f9b-8341-ab7d1f2049a3,https://inaturalist-open-data.s3.amazonaws.com/photos/5585600/medium.jpg,16110,Olive-sided Flycatcher,data/new_raw/images/00bb124b-e51d-4f9b-8341-ab7d1f2049a3.jpg
c4a2c463-8d15-4cf7-8f53-01b8892ba769,https://inaturalist-open-data.s3.amazonaws.com/photos/5585601/medium.jpg,145224,Mourning Warbler,data/new_raw/images/c4a2c463-8d15-4cf7-8f53-01b8892ba769.jpg
2e12de75-c1e4-41c8-8393-43a6d9db9815,https://inaturalist-open-data.s3.amazonaws.com/photos/5589614/medium.jpg,17394,Warbling Vireo,data/new_raw/images/2e12de75-c1e4-41c8-8393-43a6d9db9815.jpg
f2979d77-c58d-4ec4-8e28-ff143159cc60,https://inaturalist-open-data.s3.amazonaws.com/photos/5589615/medium.jpg,16782,Eastern Kingbird,data/new_raw/images/f2979d77-c58d-4ec4-8e28-ff143159cc60.jpg
ba28867b-756d-44e0-bcc3-2ddda6def9f4,https://inaturalist-open-data.s3.amazonaws.com/photos/5589616/medium.jpg,6930,Mallard,data/new_raw/images/ba28867b-756d-44e0-bcc3-2ddda6def9f4.jpg
66989e84-8c78-4f90-87ee-036ce37fe5f1,https://inaturalist-open-data.s3.amazonaws.com/photos/5589617/medium.jpg,4981,Black-crowned Night Heron,data/new_raw/images/66989e84-8c78-4f90-87ee-036ce37fe5f1.jpg
d237ed50-609d-4c17-9fda-d9357ca216b6,https://inaturalist-open-data.s3.amazonaws.com/photos/5589618/medium.jpg,6432,Ruby-throated Hummingbird,data/new_raw/images/d237ed50-609d-4c17-9fda-d9357ca216b6.jpg
e18c115c-596b-44c7-829f-1e9c4f8c3768,https://inaturalist-open-data.s3.amazonaws.com/photos/5589619/medium.jpg,7493,Blue-gray Gnatcatcher,data/new_raw/images/e18c115c-596b-44c7-829f-1e9c4f8c3768.jpg
ee8e752e-fa2d-451f-a160-a8f6718773f1,https://inaturalist-open-data.s3.amazonaws.com/photos/5592438/medium.jpg,145249,Prairie Warbler,data/new_raw/images/ee8e752e-fa2d-451f-a160-a8f6718773f1.jpg
cdfefa84-e99d-433b-b1bc-e1b2b4c5f0b7,https://inaturalist-open-data.s3.amazonaws.com/photos/5592476/medium.jpg,199840,House Finch,data/new_raw/images/cdfefa84-e99d-433b-b1bc-e1b2b4c5f0b7.jpg
29238899-5941-46ab-8c72-263ec80d8eed,https://inaturalist-open-data.s3.amazonaws.com/photos/5592495/medium.jpg,10227,Indigo Bunting,data/new_raw/images/29238899-5941-46ab-8c72-263ec80d8eed.jpg
458d1280-efa4-40a7-b71c-85b8748cea02,https://inaturalist-open-data.s3.amazonaws.com/photos/5592589/medium.jpg,42223,White-tailed Deer,data/new_raw/images/458d1280-efa4-40a7-b71c-85b8748cea02.jpg
3345219e-bf54-433f-936e-7869c03da0f5,https://inaturalist-open-data.s3.amazonaws.com/photos/5592591/medium.jpg,12883,Gray-cheeked Thrush,data/new_raw/images/3345219e-bf54-433f-936e-7869c03da0f5.jpg
2e366eea-664d-49b2-872a-801dad8bddf3,https://inaturalist-open-data.s3.amazonaws.com/photos/5592593/medium.jpg,12878,Swainson's Thrush,data/new_raw/images/2e366eea-664d-49b2-872a-801dad8bddf3.jpg
204330f7-7574-40ff-b4a1-a315799ce2cc,https://inaturalist-open-data.s3.amazonaws.com/photos/5592594/medium.jpeg,6432,Ruby-throated Hummingbird,data/new_raw/images/204330f7-7574-40ff-b4a1-a315799ce2cc.jpg
f42e5190-1938-44f4-bdd8-ecc9fc47d831,https://inaturalist-open-data.s3.amazonaws.com/photos/5592596/medium.jpg,16602,Least Flycatcher,data/new_raw/images/f42e5190-1938-44f4-bdd8-ecc9fc47d831.jpg
3b8e8d39-58e6-4832-90fc-fa0e61c0a6ba,https://inaturalist-open-data.s3.amazonaws.com/photos/5592666/medium.jpg,145233,Northern Parula,data/new_raw/images/3b8e8d39-58e6-4832-90fc-fa0e61c0a6ba.jpg
8d735266-908f-4433-9069-93bc19b85d1d,https://inaturalist-open-data.s3.amazonaws.com/photos/5592665/medium.jpg,9807,Golden-winged Warbler,data/new_raw/images/8d735266-908f-4433-9069-93bc19b85d1d.jpg
7a33886f-f972-48a1-b281-86b6173bcec1,https://inaturalist-open-data.s3.amazonaws.com/photos/5592670/medium.jpg,41663,Common Raccoon,data/new_raw/images/7a33886f-f972-48a1-b281-86b6173bcec1.jpg
7195d04c-cf8a-431a-881a-f370a8db4b1e,https://inaturalist-open-data.s3.amazonaws.com/photos/5592672/medium.jpg,12727,American Robin,data/new_raw/images/7195d04c-cf8a-431a-881a-f370a8db4b1e.jpg
6d685e33-6c93-4c47-acf8-62a619df57d1,https://inaturalist-open-data.s3.amazonaws.com/photos/5592725/medium.jpg,979757,Orange-crowned Warbler,data/new_raw/images/6d685e33-6c93-4c47-acf8-62a619df57d1.jpg
ec5468b9-3532-42c4-8a81-60f2371dd2ee,https://inaturalist-open-data.s3.amazonaws.com/photos/5592771/medium.jpeg,199916,Black-throated Blue Warbler,data/new_raw/images/ec5468b9-3532-42c4-8a81-60f2371dd2ee.jpg
f799a396-3605-4718-b1db-a45a74d90f80,https://inaturalist-open-data.s3.amazonaws.com/photos/5592770/medium.jpg,7107,Wood Duck,data/new_raw/images/f799a396-3605-4718-b1db-a45a74d90f80.jpg
e88993f1-ce4f-406c-bf28-a72a3614ba62,https://inaturalist-open-data.s3.amazonaws.com/photos/5592773/medium.jpg,9092,Lincoln's Sparrow,data/new_raw/images/e88993f1-ce4f-406c-bf28-a72a3614ba62.jpg
9e7e5c64-c632-4b30-ba32-2fdb1e0251c3,https://inaturalist-open-data.s3.amazonaws.com/photos/5592969/medium.jpg,9721,Common Yellowthroat,data/new_raw/images/9e7e5c64-c632-4b30-ba32-2fdb1e0251c3.jpg
2fdc6e0f-ca2a-4e3f-838d-98fb7731f7e5,https://inaturalist-open-data.s3.amazonaws.com/photos/5594562/medium.jpg,5227,Broad-winged Hawk,data/new_raw/images/2fdc6e0f-ca2a-4e3f-838d-98fb7731f7e5.jpg
60fe78fa-93ce-4a86-a931-e2f27c8226a9,https://inaturalist-open-data.s3.amazonaws.com/photos/5594573/medium.jpg,116999,Osprey,data/new_raw/images/60fe78fa-93ce-4a86-a931-e2f27c8226a9.jpg
db9b44fb-374a-4642-9dc9-17643f32dfcb,https://inaturalist-open-data.s3.amazonaws.com/photos/5598370/medium.jpg,12942,Eastern Bluebird,data/new_raw/images/db9b44fb-374a-4642-9dc9-17643f32dfcb.jpg
42be45fd-bc4b-4108-ba6e-fcad1999ea00,https://inaturalist-open-data.s3.amazonaws.com/photos/5598345/medium.jpg,485176,American Wigeon,data/new_raw/images/42be45fd-bc4b-4108-ba6e-fcad1999ea00.jpg
3ac4a0c4-47ff-4b15-a7a2-930a9f5d9c68,https://inaturalist-open-data.s3.amazonaws.com/photos/5598424/medium.jpg,9152,Field Sparrow,data/new_raw/images/3ac4a0c4-47ff-4b15-a7a2-930a9f5d9c68.jpg
28b98467-3c75-4e21-8aaf-4c472f372ce4,https://inaturalist-open-data.s3.amazonaws.com/photos/5598372/medium.jpg,10168,Vesper Sparrow,data/new_raw/images/28b98467-3c75-4e21-8aaf-4c472f372ce4.jpg
7674be39-8726-4d74-be0a-e3b7296bd71d,https://inaturalist-open-data.s3.amazonaws.com/photos/5598432/medium.jpg,6993,Bufflehead,data/new_raw/images/7674be39-8726-4d74-be0a-e3b7296bd71d.jpg
197f4b76-07ef-4448-be42-6d25ae6266b1,https://inaturalist-open-data.s3.amazonaws.com/photos/5598446/medium.jpg,10373,Brown-headed Cowbird,data/new_raw/images/197f4b76-07ef-4448-be42-6d25ae6266b1.jpg
354fb25e-35e4-4ef2-8378-1577af0ebe33,https://inaturalist-open-data.s3.amazonaws.com/photos/5598452/medium.jpg,558433,Blue-winged Teal,data/new_raw/images/354fb25e-35e4-4ef2-8378-1577af0ebe33.jpg
cedfd480-951c-46a5-8612-79b1b8222673,https://inaturalist-open-data.s3.amazonaws.com/photos/5598466/medium.jpg,10322,Rusty Blackbird,data/new_raw/images/cedfd480-951c-46a5-8612-79b1b8222673.jpg
d2d1871d-9811-474d-bbd1-b94d7bc35fc8,https://inaturalist-open-data.s3.amazonaws.com/photos/5598471/medium.jpg,9981,Savannah Sparrow,data/new_raw/images/d2d1871d-9811-474d-bbd1-b94d7bc35fc8.jpg
0f94f187-2b07-49bd-ad2c-6fd7bd18579c,https://inaturalist-open-data.s3.amazonaws.com/photos/5598486/medium.jpg,18463,Yellow-bellied Sapsucker,data/new_raw/images/0f94f187-2b07-49bd-ad2c-6fd7bd18579c.jpg
69ba68ad-97d1-4a2d-a177-2a990f14371b,https://inaturalist-open-data.s3.amazonaws.com/photos/5598688/medium.jpg,485176,American Wigeon,data/new_raw/images/69ba68ad-97d1-4a2d-a177-2a990f14371b.jpg
164252cb-a444-4584-817f-74b1315f394a,https://inaturalist-open-data.s3.amazonaws.com/photos/5601118/medium.jpg,9148,Clay-colored Sparrow,data/new_raw/images/164252cb-a444-4584-817f-74b1315f394a.jpg
3b14f709-5cd0-479c-b719-24a41ac2c86e,https://inaturalist-open-data.s3.amazonaws.com/photos/5601115/medium.jpg,9915,Summer Tanager,data/new_raw/images/3b14f709-5cd0-479c-b719-24a41ac2c86e.jpg
f4463957-4215-42d6-ab2a-d9d9b6b9bde0,https://inaturalist-open-data.s3.amazonaws.com/photos/5601032/medium.jpg,5034,American Bittern,data/new_raw/images/f4463957-4215-42d6-ab2a-d9d9b6b9bde0.jpg
64a26ebe-75d0-4689-8d04-974288b6e1ee,https://inaturalist-open-data.s3.amazonaws.com/photos/5601002/medium.jpg,5034,American Bittern,data/new_raw/images/64a26ebe-75d0-4689-8d04-974288b6e1ee.jpg
e7f8606e-a624-4064-b4fe-3df39cf8790a,https://inaturalist-open-data.s3.amazonaws.com/photos/5601590/medium.jpg,6933,Northern Pintail,data/new_raw/images/e7f8606e-a624-4064-b4fe-3df39cf8790a.jpg
d82b10ac-cceb-4a5e-bae9-e725386958ae,https://inaturalist-open-data.s3.amazonaws.com/photos/5606092/medium.jpg,13858,House Sparrow,data/new_raw/images/d82b10ac-cceb-4a5e-bae9-e725386958ae.jpg
d9dc9ba2-127f-41f0-9b00-fa7c31d67329,https://inaturalist-open-data.s3.amazonaws.com/photos/5606091/medium.jpg,4665,American Kestrel,data/new_raw/images/d9dc9ba2-127f-41f0-9b00-fa7c31d67329.jpg
c80beb09-c1d2-40d7-aee5-09b26fc9a082,https://inaturalist-open-data.s3.amazonaws.com/photos/5606095/medium.jpg,42652,Virginia Opossum,data/new_raw/images/c80beb09-c1d2-40d7-aee5-09b26fc9a082.jpg
75e5a7b6-268e-4839-ac82-fd0e50b6a222,https://inaturalist-open-data.s3.amazonaws.com/photos/5606096/medium.jpg,494355,Eastern Red-tailed Hawk,data/new_raw/images/75e5a7b6-268e-4839-ac82-fd0e50b6a222.jpg
94a8fa3c-a932-4f97-94ea-8ecb221f7fe1,https://inaturalist-open-data.s3.amazonaws.com/photos/5606098/medium.jpg,4793,Killdeer,data/new_raw/images/94a8fa3c-a932-4f97-94ea-8ecb221f7fe1.jpg
5ef43d32-6a22-43df-be63-0c41463b861c,https://inaturalist-open-data.s3.amazonaws.com/photos/5606257/medium.jpg,7089,Canada Goose,data/new_raw/images/5ef43d32-6a22-43df-be63-0c41463b861c.jpg
7cf938a2-e99f-4445-a256-c112f2bba1a9,https://inaturalist-open-data.s3.amazonaws.com/photos/5606255/medium.jpg,199840,House Finch,data/new_raw/images/7cf938a2-e99f-4445-a256-c112f2bba1a9.jpg
9cc46e7a-54a8-4ae4-ae42-13274be1a283,https://inaturalist-open-data.s3.amazonaws.com/photos/5606258/medium.jpg,474210,American Tree Sparrow,data/new_raw/images/9cc46e7a-54a8-4ae4-ae42-13274be1a283.jpg
4a7e7af5-4b4b-467c-b29e-a7361aaa3f29,https://inaturalist-open-data.s3.amazonaws.com/photos/5606260/medium.jpg,1264432,American Mink,data/new_raw/images/4a7e7af5-4b4b-467c-b29e-a7361aaa3f29.jpg
802732bb-c0a1-45b9-b177-9f751f96c8ce,https://inaturalist-open-data.s3.amazonaws.com/photos/5606262/medium.jpg,9744,Red-winged Blackbird,data/new_raw/images/802732bb-c0a1-45b9-b177-9f751f96c8ce.jpg
cdaee70b-b575-498e-ba55-0d9566e477f4,https://inaturalist-open-data.s3.amazonaws.com/photos/5606264/medium.jpg,9100,Song Sparrow,data/new_raw/images/cdaee70b-b575-498e-ba55-0d9566e477f4.jpg
5f4b9504-b83d-487b-9fc1-3566ddb0ff24,https://inaturalist-open-data.s3.amazonaws.com/photos/5606270/medium.jpg,2548,Belted Kingfisher,data/new_raw/images/5f4b9504-b83d-487b-9fc1-3566ddb0ff24.jpg
ae7c50a0-66f5-405b-acd0-52f5fdc395aa,https://inaturalist-open-data.s3.amazonaws.com/photos/5606273/medium.jpg,123676,American Green-winged Teal,data/new_raw/images/ae7c50a0-66f5-405b-acd0-52f5fdc395aa.jpg
e84c5430-5281-4926-b2f0-011783166889,https://inaturalist-open-data.s3.amazonaws.com/photos/5606317/medium.jpg,343340,Eastern Red Fox Sparrow,data/new_raw/images/e84c5430-5281-4926-b2f0-011783166889.jpg
1f8e760f-ba8e-4418-98fb-5eb65c84eb7f,https://inaturalist-open-data.s3.amazonaws.com/photos/5606469/medium.jpg,20044,Great Horned Owl,data/new_raw/images/1f8e760f-ba8e-4418-98fb-5eb65c84eb7f.jpg
41e35a7c-7556-4c6a-8a7d-a4d762864680,https://inaturalist-open-data.s3.amazonaws.com/photos/5606471/medium.jpeg,9424,Eastern Towhee,data/new_raw/images/41e35a7c-7556-4c6a-8a7d-a4d762864680.jpg
2787aaaa-ab3d-49d7-9c7b-ad248b3f54d4,https://inaturalist-open-data.s3.amazonaws.com/photos/5606472/medium.jpg,7044,Ring-necked Duck,data/new_raw/images/2787aaaa-ab3d-49d7-9c7b-ad248b3f54d4.jpg
49e713ed-999c-4e31-bd66-c229e0595a0d,https://inaturalist-open-data.s3.amazonaws.com/photos/5606633/medium.jpg,73148,Louisiana Waterthrush,data/new_raw/images/49e713ed-999c-4e31-bd66-c229e0595a0d.jpg
d9dcffa8-062d-4b46-87b2-a098e39fd0dd,https://inaturalist-open-data.s3.amazonaws.com/photos/5606729/medium.jpg,7109,Hooded Merganser,data/new_raw/images/d9dcffa8-062d-4b46-87b2-a098e39fd0dd.jpg
f6757aa0-ad28-4f67-b2f1-b54d50bb1f05,https://inaturalist-open-data.s3.amazonaws.com/photos/5606743/medium.jpg,10729,Prothonotary Warbler,data/new_raw/images/f6757aa0-ad28-4f67-b2f1-b54d50bb1f05.jpg
3a84b30e-0f05-413a-b13e-00196528a173,https://inaturalist-open-data.s3.amazonaws.com/photos/5606831/medium.jpg,13270,Wood Thrush,data/new_raw/images/3a84b30e-0f05-413a-b13e-00196528a173.jpg
13f5e44c-db34-4246-b656-e3e2f3420940,https://inaturalist-open-data.s3.amazonaws.com/photos/5606832/medium.jpg,145258,Black-throated Green Warbler,data/new_raw/images/13f5e44c-db34-4246-b656-e3e2f3420940.jpg
ce774cc8-c997-4474-9bec-03092f02975d,https://inaturalist-open-data.s3.amazonaws.com/photos/5615065/medium.jpg,6990,Common Goldeneye,data/new_raw/images/ce774cc8-c997-4474-9bec-03092f02975d.jpg
93ac042e-f53a-4b8a-acf1-a6389cb28cec,https://inaturalist-open-data.s3.amazonaws.com/photos/5615097/medium.jpg,3454,Mourning Dove,data/new_raw/images/93ac042e-f53a-4b8a-acf1-a6389cb28cec.jpg
61d65b8b-a40c-420c-abde-cafc4628ccb5,https://inaturalist-open-data.s3.amazonaws.com/photos/5615103/medium.jpg,42223,White-tailed Deer,data/new_raw/images/61d65b8b-a40c-420c-abde-cafc4628ccb5.jpg
45d38f16-d3b5-462e-a18f-6d724433d997,https://inaturalist-open-data.s3.amazonaws.com/photos/5615109/medium.jpg,12890,Hermit Thrush,data/new_raw/images/45d38f16-d3b5-462e-a18f-6d724433d997.jpg
b7f300ed-b5c1-4aed-85b3-b652441c0c7d,https://inaturalist-open-data.s3.amazonaws.com/photos/5615111/medium.jpg,494355,Eastern Red-tailed Hawk,data/new_raw/images/b7f300ed-b5c1-4aed-85b3-b652441c0c7d.jpg
1b810e36-8802-4d59-998a-832e19fc26f4,https://inaturalist-open-data.s3.amazonaws.com/photos/5615112/medium.jpg,44395,White-footed Mouse,data/new_raw/images/1b810e36-8802-4d59-998a-832e19fc26f4.jpg
085d70c3-eaef-415c-8635-f9bc26cc86af,https://inaturalist-open-data.s3.amazonaws.com/photos/5615117/medium.jpg,12727,American Robin,data/new_raw/images/085d70c3-eaef-415c-8635-f9bc26cc86af.jpg
b9ec6649-9116-46cf-ad44-5837c443ee79,https://inaturalist-open-data.s3.amazonaws.com/photos/5615119/medium.jpg,132764,Slate-colored Junco,data/new_raw/images/b9ec6649-9116-46cf-ad44-5837c443ee79.jpg
49ead0c3-f014-4298-bd38-050c88c17442,https://inaturalist-open-data.s3.amazonaws.com/photos/5615186/medium.jpg,8229,Blue Jay,data/new_raw/images/49ead0c3-f014-4298-bd38-050c88c17442.jpg
c533d9a6-9676-46fc-b5d3-00fb9392a886,https://inaturalist-open-data.s3.amazonaws.com/photos/5615517/medium.jpg,9083,Northern Cardinal,data/new_raw/images/c533d9a6-9676-46fc-b5d3-00fb9392a886.jpg
7b06180c-a934-423c-92b0-3bb2c732ed5f,https://inaturalist-open-data.s3.amazonaws.com/photos/5615518/medium.jpg,4665,American Kestrel,data/new_raw/images/7b06180c-a934-423c-92b0-3bb2c732ed5f.jpg
372f4498-b39b-4abf-91ec-b1b51cbdfae0,https://inaturalist-open-data.s3.amazonaws.com/photos/5615477/medium.jpg,1579017,Cooper's Hawk,data/new_raw/images/372f4498-b39b-4abf-91ec-b1b51cbdfae0.jpg
c2fc1e77-7566-4711-bd75-15e6fad75fee,https://inaturalist-open-data.s3.amazonaws.com/photos/5615519/medium.jpg,17008,Eastern Phoebe,data/new_raw/images/c2fc1e77-7566-4711-bd75-15e6fad75fee.jpg
eecb4299-2ea0-4bdc-beb0-c4e724df73c2,https://inaturalist-open-data.s3.amazonaws.com/photos/5615527/medium.jpg,12942,Eastern Bluebird,data/new_raw/images/eecb4299-2ea0-4bdc-beb0-c4e724df73c2.jpg
9227673f-3480-494e-81fc-d85e980e1892,https://inaturalist-open-data.s3.amazonaws.com/photos/5615551/medium.jpeg,10322,Rusty Blackbird,data/new_raw/images/9227673f-3480-494e-81fc-d85e980e1892.jpg
56bc3697-e41a-4594-b49b-9b374acc8cc8,https://inaturalist-open-data.s3.amazonaws.com/photos/5617740/medium.jpg,4364,Ring-billed Gull,data/new_raw/images/56bc3697-e41a-4594-b49b-9b374acc8cc8.jpg
2caec89a-9c40-4314-a229-25a2bc0c743e,https://inaturalist-open-data.s3.amazonaws.com/photos/5617801/medium.jpg,9346,Baltimore Oriole,data/new_raw/images/2caec89a-9c40-4314-a229-25a2bc0c743e.jpg
16a807a9-75e2-4c26-bf5a-c3fa55dff2ef,https://inaturalist-open-data.s3.amazonaws.com/photos/5617796/medium.jpg,43111,Eastern Cottontail,data/new_raw/images/16a807a9-75e2-4c26-bf5a-c3fa55dff2ef.jpg
0e0ef9aa-9c0f-4c6d-a992-dcf1e9eea630,https://inaturalist-open-data.s3.amazonaws.com/photos/5618418/medium.jpg,792990,Hairy Woodpecker,data/new_raw/images/0e0ef9aa-9c0f-4c6d-a992-dcf1e9eea630.jpg
5fb28e89-cf59-47f6-a916-49a4f0b5a77e,https://inaturalist-open-data.s3.amazonaws.com/photos/5618420/medium.jpg,1578489,American Herring Gull,data/new_raw/images/5fb28e89-cf59-47f6-a916-49a4f0b5a77e.jpg
618b4429-3dcb-4c46-8303-56b0d8e4472a,https://inaturalist-open-data.s3.amazonaws.com/photos/5618698/medium.jpg,18236,Northern Flicker,data/new_raw/images/618b4429-3dcb-4c46-8303-56b0d8e4472a.jpg
7578780a-7142-4db3-ac71-5b42e7b80c86,https://inaturalist-open-data.s3.amazonaws.com/photos/5621269/medium.jpg,145310,American Goldfinch,data/new_raw/images/7578780a-7142-4db3-ac71-5b42e7b80c86.jpg
521146c4-40a2-4918-872a-7f0d9247d62e,https://inaturalist-open-data.s3.amazonaws.com/photos/5621325/medium.jpg,145237,Blackburnian Warbler,data/new_raw/images/521146c4-40a2-4918-872a-7f0d9247d62e.jpg
f3a6b820-e148-4634-9ab9-1fca4633067a,https://inaturalist-open-data.s3.amazonaws.com/photos/5621330/medium.jpg,9921,Scarlet Tanager,data/new_raw/images/f3a6b820-e148-4634-9ab9-1fca4633067a.jpg
7ca193f7-8515-4d28-9a04-69d976b536d4,https://inaturalist-open-data.s3.amazonaws.com/photos/5621924/medium.jpg,73148,Louisiana Waterthrush,data/new_raw/images/7ca193f7-8515-4d28-9a04-69d976b536d4.jpg
eed76060-d157-4807-bf1e-bf712720a50c,https://inaturalist-open-data.s3.amazonaws.com/photos/5621919/medium.jpg,199841,Purple Finch,data/new_raw/images/eed76060-d157-4807-bf1e-bf712720a50c.jpg
b918bd0d-1d48-4e5b-ae1c-4f12ce22512b,https://inaturalist-open-data.s3.amazonaws.com/photos/5621917/medium.jpg,19765,Eastern Screech-Owl,data/new_raw/images/b918bd0d-1d48-4e5b-ae1c-4f12ce22512b.jpg
f1f027c7-1f2d-47bf-8471-a7e8892e962a,https://inaturalist-open-data.s3.amazonaws.com/photos/5621926/medium.jpg,145244,Pine Warbler,data/new_raw/images/f1f027c7-1f2d-47bf-8471-a7e8892e962a.jpg
890458a4-3cb6-4a61-ad27-b0fdd9e13453,https://inaturalist-open-data.s3.amazonaws.com/photos/5621927/medium.jpg,1289388,Ruby-crowned Kinglet,data/new_raw/images/890458a4-3cb6-4a61-ad27-b0fdd9e13453.jpg
aae31a5c-7d6d-4827-99f2-93c556d81bd1,https://inaturalist-open-data.s3.amazonaws.com/photos/5621928/medium.jpg,116999,Osprey,data/new_raw/images/aae31a5c-7d6d-4827-99f2-93c556d81bd1.jpg
83427992-abc4-4c7b-be20-69f92f28611d,https://inaturalist-open-data.s3.amazonaws.com/photos/5621934/medium.jpg,11935,Tree Swallow,data/new_raw/images/83427992-abc4-4c7b-be20-69f92f28611d.jpg
52a348e3-74a8-4e79-b654-a1b1fecb4699,https://inaturalist-open-data.s3.amazonaws.com/photos/5621935/medium.jpg,5227,Broad-winged Hawk,data/new_raw/images/52a348e3-74a8-4e79-b654-a1b1fecb4699.jpg
c9413699-15c3-438e-ad1f-71c1c63b5b7a,https://inaturalist-open-data.s3.amazonaws.com/photos/5621936/medium.jpg,10286,Black-and-white Warbler,data/new_raw/images/c9413699-15c3-438e-ad1f-71c1c63b5b7a.jpg
3c278721-042c-4f1e-bd0d-f9f094c58f99,https://inaturalist-open-data.s3.amazonaws.com/photos/5621940/medium.jpg,145244,Pine Warbler,data/new_raw/images/3c278721-042c-4f1e-bd0d-f9f094c58f99.jpg
1471b1e1-7aae-4402-9250-ec909621b820,https://inaturalist-open-data.s3.amazonaws.com/photos/5621942/medium.jpg,199841,Purple Finch,data/new_raw/images/1471b1e1-7aae-4402-9250-ec909621b820.jpg
f317390e-8710-46f3-87af-1fe62bef61fa,https://inaturalist-open-data.s3.amazonaws.com/photos/5621957/medium.jpg,11935,Tree Swallow,data/new_raw/images/f317390e-8710-46f3-87af-1fe62bef61fa.jpg
1a6d2cda-cc2b-432a-90ee-ec3c78aecf7d,https://inaturalist-open-data.s3.amazonaws.com/photos/5622028/medium.jpg,43111,Eastern Cottontail,data/new_raw/images/1a6d2cda-cc2b-432a-90ee-ec3c78aecf7d.jpg
ac86cf1f-e150-4592-8c61-5d43070e6168,https://inaturalist-open-data.s3.amazonaws.com/photos/5623894/medium.jpg,3875,Solitary Sandpiper,data/new_raw/images/ac86cf1f-e150-4592-8c61-5d43070e6168.jpg
7bdd3b25-1002-472f-8454-ee0c3b3151b7,https://inaturalist-open-data.s3.amazonaws.com/photos/5623896/medium.jpg,145258,Black-throated Green Warbler,data/new_raw/images/7bdd3b25-1002-472f-8454-ee0c3b3151b7.jpg
8e14ae79-878b-4e88-a780-1ff47e5871b5,https://inaturalist-open-data.s3.amazonaws.com/photos/5623898/medium.jpg,132704,Myrtle Warbler,data/new_raw/images/8e14ae79-878b-4e88-a780-1ff47e5871b5.jpg
a8dfc896-625b-4ae8-8b4e-2db52c589228,https://inaturalist-open-data.s3.amazonaws.com/photos/5623899/medium.jpg,5020,Green Heron,data/new_raw/images/a8dfc896-625b-4ae8-8b4e-2db52c589228.jpg
f97d26a4-b42b-4a1a-a6de-4ff985ee325f,https://inaturalist-open-data.s3.amazonaws.com/photos/5623901/medium.jpg,10729,Prothonotary Warbler,data/new_raw/images/f97d26a4-b42b-4a1a-a6de-4ff985ee325f.jpg
2bd55e00-d3fc-4e74-8855-e1ba2a769f60,https://inaturalist-open-data.s3.amazonaws.com/photos/5623903/medium.jpg,73149,Northern Waterthrush,data/new_raw/images/2bd55e00-d3fc-4e74-8855-e1ba2a769f60.jpg
d2603783-bf19-4d1e-9da9-7cebe9f00873,https://inaturalist-open-data.s3.amazonaws.com/photos/5623904/medium.jpg,17402,Blue-headed Vireo,data/new_raw/images/d2603783-bf19-4d1e-9da9-7cebe9f00873.jpg
c7cb5f1f-5d00-4e40-96ed-f7befbedf3dd,https://inaturalist-open-data.s3.amazonaws.com/photos/5623905/medium.jpg,792988,Downy Woodpecker,data/new_raw/images/c7cb5f1f-5d00-4e40-96ed-f7befbedf3dd.jpg
a5ab5a0b-d101-4e53-91e4-5731cdefc8a3,https://inaturalist-open-data.s3.amazonaws.com/photos/5623908/medium.jpg,2548,Belted Kingfisher,data/new_raw/images/a5ab5a0b-d101-4e53-91e4-5731cdefc8a3.jpg
1b1783dd-a36b-42c7-b6b4-87a666675e38,https://inaturalist-open-data.s3.amazonaws.com/photos/5623909/medium.jpg,16028,Great Crested Flycatcher,data/new_raw/images/1b1783dd-a36b-42c7-b6b4-87a666675e38.jpg
724dd72b-6e06-462b-a48a-01bd1df1359d,https://inaturalist-open-data.s3.amazonaws.com/photos/5623911/medium.jpg,9176,White-crowned Sparrow,data/new_raw/images/724dd72b-6e06-462b-a48a-01bd1df1359d.jpg
ba583199-90d7-493e-ad68-74a04ce54051,https://inaturalist-open-data.s3.amazonaws.com/photos/5623913/medium.jpg,12901,Veery,data/new_raw/images/ba583199-90d7-493e-ad68-74a04ce54051.jpg
3a37c9ff-d9cb-4b80-b8e1-b84ced0efe32,https://inaturalist-open-data.s3.amazonaws.com/photos/5623917/medium.jpg,46217,Eastern Chipmunk,data/new_raw/images/3a37c9ff-d9cb-4b80-b8e1-b84ced0efe32.jpg
7363e7d9-8522-4806-a418-324acaa03e40,https://inaturalist-open-data.s3.amazonaws.com/photos/5623924/medium.jpeg,12878,Swainson's Thrush,data/new_raw/images/7363e7d9-8522-4806-a418-324acaa03e40.jpg
42706e40-fb6a-4d11-9587-dcc582d96b8b,https://inaturalist-open-data.s3.amazonaws.com/photos/5623927/medium.jpg,10227,Indigo Bunting,data/new_raw/images/42706e40-fb6a-4d11-9587-dcc582d96b8b.jpg
f8ab256d-eef5-46e5-beea-8494bab1706e,https://inaturalist-open-data.s3.amazonaws.com/photos/5623928/medium.jpg,9148,Clay-colored Sparrow,data/new_raw/images/f8ab256d-eef5-46e5-beea-8494bab1706e.jpg
d60b2780-3f4f-4454-a4f8-8cb36bcdc718,https://inaturalist-open-data.s3.amazonaws.com/photos/5623933/medium.jpg,145239,Chestnut-sided Warbler,data/new_raw/images/d60b2780-3f4f-4454-a4f8-8cb36bcdc718.jpg
fd553be4-9497-491c-bc39-86e7a2509a12,https://inaturalist-open-data.s3.amazonaws.com/photos/5623935/medium.jpg,145233,Northern Parula,data/new_raw/images/fd553be4-9497-491c-bc39-86e7a2509a12.jpg
174a37f1-3848-41a7-ac4b-7afc7b66cb22,https://inaturalist-open-data.s3.amazonaws.com/photos/5623937/medium.jpg,145231,Cape May Warbler,data/new_raw/images/174a37f1-3848-41a7-ac4b-7afc7b66cb22.jpg
93677875-87b9-4bd6-92e9-9841387594fd,https://inaturalist-open-data.s3.amazonaws.com/photos/5623944/medium.jpg,20044,Great Horned Owl,data/new_raw/images/93677875-87b9-4bd6-92e9-9841387594fd.jpg
c693e07a-b9da-4a8b-bf6f-e7d43854fe40,https://inaturalist-open-data.s3.amazonaws.com/photos/5623947/medium.jpg,145276,Wilson's Warbler,data/new_raw/images/c693e07a-b9da-4a8b-bf6f-e7d43854fe40.jpg
59858611-a31e-4f81-855f-d673eb521f05,https://inaturalist-open-data.s3.amazonaws.com/photos/5623950/medium.jpg,145235,Magnolia Warbler,data/new_raw/images/59858611-a31e-4f81-855f-d673eb521f05.jpg
71749879-9068-4655-a27e-fa5a4d476dc5,https://inaturalist-open-data.s3.amazonaws.com/photos/5623952/medium.jpg,145275,Canada Warbler,data/new_raw/images/71749879-9068-4655-a27e-fa5a4d476dc5.jpg
7432fd05-528c-4d19-bbe1-5b6bf3e2ceda,https://inaturalist-open-data.s3.amazonaws.com/photos/5624100/medium.jpg,145304,Pine Siskin,data/new_raw/images/7432fd05-528c-4d19-bbe1-5b6bf3e2ceda.jpg
ebe0462e-b704-41b5-8d69-81db5c8e781d,https://inaturalist-open-data.s3.amazonaws.com/photos/5624187/medium.jpg,9135,Chipping Sparrow,data/new_raw/images/ebe0462e-b704-41b5-8d69-81db5c8e781d.jpg
ac7d008a-f7d2-429c-a6eb-3a5bd216a3e7,https://inaturalist-open-data.s3.amazonaws.com/photos/5624247/medium.jpg,145258,Black-throated Green Warbler,data/new_raw/images/ac7d008a-f7d2-429c-a6eb-3a5bd216a3e7.jpg
addbb4ac-5d68-4c8b-884f-8b937298c26d,https://inaturalist-open-data.s3.amazonaws.com/photos/5624442/medium.jpg,145240,Blackpoll Warbler,data/new_raw/images/addbb4ac-5d68-4c8b-884f-8b937298c26d.jpg
9cf69cf9-22b4-4187-bfeb-f1f5875b95c4,https://inaturalist-open-data.s3.amazonaws.com/photos/5624445/medium.jpg,13270,Wood Thrush,data/new_raw/images/9cf69cf9-22b4-4187-bfeb-f1f5875b95c4.jpg
0d5087d2-12fb-430b-9630-749a1ac284b2,https://inaturalist-open-data.s3.amazonaws.com/photos/5624447/medium.jpg,10431,Connecticut Warbler,data/new_raw/images/0d5087d2-12fb-430b-9630-749a1ac284b2.jpg
1c3a90e9-5d97-446d-88d5-94153049f8c9,https://inaturalist-open-data.s3.amazonaws.com/photos/5624572/medium.jpg,10431,Connecticut Warbler,data/new_raw/images/1c3a90e9-5d97-446d-88d5-94153049f8c9.jpg
a9b9526e-4829-47e8-950c-c7d70fefbbcb,https://inaturalist-open-data.s3.amazonaws.com/photos/5626054/medium.jpg,1965,Yellow-billed Cuckoo,data/new_raw/images/a9b9526e-4829-47e8-950c-c7d70fefbbcb.jpg
43ae0c18-5226-4957-8d06-1c42b355d51d,https://inaturalist-open-data.s3.amazonaws.com/photos/5626079/medium.jpg,1264432,American Mink,data/new_raw/images/43ae0c18-5226-4957-8d06-1c42b355d51d.jpg
3d248fcb-bbd4-44e6-831e-ec5dd588808f,https://inaturalist-open-data.s3.amazonaws.com/photos/5626084/medium.jpg,17408,White-eyed Vireo,data/new_raw/images/3d248fcb-bbd4-44e6-831e-ec5dd588808f.jpg
d26ae99e-34a2-4633-b905-ebedfb7815d5,https://inaturalist-open-data.s3.amazonaws.com/photos/5626159/medium.jpg,144883,Winter Wren,data/new_raw/images/d26ae99e-34a2-4633-b905-ebedfb7815d5.jpg
6de89105-7a6c-4d88-af82-b4be9fc6390c,https://inaturalist-open-data.s3.amazonaws.com/photos/5626171/medium.jpg,46020,Eastern Fox Squirrel,data/new_raw/images/6de89105-7a6c-4d88-af82-b4be9fc6390c.jpg
d21ab680-b5ac-4f78-955e-93726b37699d,https://inaturalist-open-data.s3.amazonaws.com/photos/5626137/medium.jpg,144815,Black-capped Chickadee,data/new_raw/images/d21ab680-b5ac-4f78-955e-93726b37699d.jpg
acacc4da-f249-4367-ba41-a501904441f7,https://inaturalist-open-data.s3.amazonaws.com/photos/5626179/medium.jpg,1264432,American Mink,data/new_raw/images/acacc4da-f249-4367-ba41-a501904441f7.jpg
6a8d8d5f-cdb1-43a0-b87a-9c28acd53817,https://inaturalist-open-data.s3.amazonaws.com/photos/5626197/medium.jpg,46017,Eastern Gray Squirrel,data/new_raw/images/6a8d8d5f-cdb1-43a0-b87a-9c28acd53817.jpg
35ba4034-8b56-447f-a380-5ed841a52af7,https://inaturalist-open-data.s3.amazonaws.com/photos/5626198/medium.jpg,494355,Eastern Red-tailed Hawk,data/new_raw/images/35ba4034-8b56-447f-a380-5ed841a52af7.jpg
da536ac3-1891-4c3b-9a92-1b1c5b262ea7,https://inaturalist-open-data.s3.amazonaws.com/photos/5626202/medium.jpg,46017,Eastern Gray Squirrel,data/new_raw/images/da536ac3-1891-4c3b-9a92-1b1c5b262ea7.jpg
a56c4240-2e1e-43a5-af57-3ae9cf506adc,https://inaturalist-open-data.s3.amazonaws.com/photos/5626204/medium.jpg,14801,White-breasted Nuthatch,data/new_raw/images/a56c4240-2e1e-43a5-af57-3ae9cf506adc.jpg
b61b72d4-c611-4701-9a1e-95440b9b91f3,https://inaturalist-open-data.s3.amazonaws.com/photos/5626343/medium.jpeg,979753,Nashville Warbler,data/new_raw/images/b61b72d4-c611-4701-9a1e-95440b9b91f3.jpg
66111d3e-072b-4f7a-a25e-edfe5714ca28,https://inaturalist-open-data.s3.amazonaws.com/photos/5630617/medium.jpeg,7019,Greater White-fronted Goose,data/new_raw/images/66111d3e-072b-4f7a-a25e-edfe5714ca28.jpg
cca5887a-5c48-4222-becf-bcc5e55aa41d,https://inaturalist-open-data.s3.amazonaws.com/photos/5632632/medium.jpeg,14823,Red-breasted Nuthatch,data/new_raw/images/cca5887a-5c48-4222-becf-bcc5e55aa41d.jpg
5587499f-402f-4b74-8195-ec0b1ab848ae,https://inaturalist-open-data.s3.amazonaws.com/photos/5632661/medium.jpg,342169,American Barn Swallow,data/new_raw/images/5587499f-402f-4b74-8195-ec0b1ab848ae.jpg
497275ee-966d-4c46-92ae-ae3000f2e245,https://inaturalist-open-data.s3.amazonaws.com/photos/5632881/medium.jpg,6571,Chimney Swift,data/new_raw/images/497275ee-966d-4c46-92ae-ae3000f2e245.jpg
70c6485e-ae3d-4b1b-9555-ad541f42f57e,https://inaturalist-open-data.s3.amazonaws.com/photos/5632918/medium.jpg,9135,Chipping Sparrow,data/new_raw/images/70c6485e-ae3d-4b1b-9555-ad541f42f57e.jpg
85d7a842-453b-4289-beb8-33cfe3f67f5d,https://inaturalist-open-data.s3.amazonaws.com/photos/5633011/medium.jpg,16638,Acadian Flycatcher,data/new_raw/images/85d7a842-453b-4289-beb8-33cfe3f67f5d.jpg
af512a92-06eb-457c-86ef-32e7cb4c9571,https://inaturalist-open-data.s3.amazonaws.com/photos/5633014/medium.jpeg,14995,Gray Catbird,data/new_raw/images/af512a92-06eb-457c-86ef-32e7cb4c9571.jpg
5cebe126-85fc-4f82-8b23-2c951108c5e5,https://inaturalist-open-data.s3.amazonaws.com/photos/5633016/medium.jpg,16110,Olive-sided Flycatcher,data/new_raw/images/5cebe126-85fc-4f82-8b23-2c951108c5e5.jpg
95b4eb18-25c6-4adb-b6e5-cbb2822583db,https://inaturalist-open-data.s3.amazonaws.com/photos/5633074/medium.jpg,7107,Wood Duck,data/new_raw/images/95b4eb18-25c6-4adb-b6e5-cbb2822583db.jpg
efbddca5-077b-43c0-af24-b93f44d6bafa,https://inaturalist-open-data.s3.amazonaws.com/photos/5633356/medium.jpeg,7428,Cedar Waxwing,data/new_raw/images/efbddca5-077b-43c0-af24-b93f44d6bafa.jpg
6a852157-48d8-4498-95f2-0e00486617d4,https://inaturalist-open-data.s3.amazonaws.com/photos/5640966/medium.jpg,9083,Northern Cardinal,data/new_raw/images/6a852157-48d8-4498-95f2-0e00486617d4.jpg
c40ad805-2185-45a2-87e0-eda2afd7d6f9,https://inaturalist-open-data.s3.amazonaws.com/photos/5640969/medium.jpg,42652,Virginia Opossum,data/new_raw/images/c40ad805-2185-45a2-87e0-eda2afd7d6f9.jpg
d2ba3198-0d27-4fe9-b032-49222515fc45,https://inaturalist-open-data.s3.amazonaws.com/photos/5640971/medium.jpeg,122767,Feral Pigeon,data/new_raw/images/d2ba3198-0d27-4fe9-b032-49222515fc45.jpg
41aa4b1a-1394-400e-b13b-05a85f6e5f2b,https://inaturalist-open-data.s3.amazonaws.com/photos/5640973/medium.jpg,9184,White-throated Sparrow,data/new_raw/images/41aa4b1a-1394-400e-b13b-05a85f6e5f2b.jpg
6a99890d-e37d-4ad2-9534-54380265a582,https://inaturalist-open-data.s3.amazonaws.com/photos/5640977/medium.jpg,41880,Striped Skunk,data/new_raw/images/6a99890d-e37d-4ad2-9534-54380265a582.jpg
60133e1d-98b1-42db-aa20-9b680799dbed,https://inaturalist-open-data.s3.amazonaws.com/photos/5641464/medium.jpg,3875,Solitary Sandpiper,data/new_raw/images/60133e1d-98b1-42db-aa20-9b680799dbed.jpg
e1c1b248-8861-4017-bd7a-313d126052fe,https://inaturalist-open-data.s3.amazonaws.com/photos/5641465/medium.jpg,199916,Black-throated Blue Warbler,data/new_raw/images/e1c1b248-8861-4017-bd7a-313d126052fe.jpg
c79c4122-439f-485f-a551-579d29eb1909,https://inaturalist-open-data.s3.amazonaws.com/photos/5641469/medium.jpeg,19765,Eastern Screech-Owl,data/new_raw/images/c79c4122-439f-485f-a551-579d29eb1909.jpg
5005d472-b950-4058-bfd8-4fb760f63164,https://inaturalist-open-data.s3.amazonaws.com/photos/5641472/medium.jpg,9921,Scarlet Tanager,data/new_raw/images/5005d472-b950-4058-bfd8-4fb760f63164.jpg
6e2a032e-379b-4d7b-925a-38c87e854b33,https://inaturalist-open-data.s3.amazonaws.com/photos/5641491/medium.jpg,9176,White-crowned Sparrow,data/new_raw/images/6e2a032e-379b-4d7b-925a-38c87e854b33.jpg
fbc0e863-d71c-4fba-b13b-fd67aeb14375,https://inaturalist-open-data.s3.amazonaws.com/photos/5641555/medium.jpg,558433,Blue-winged Teal,data/new_raw/images/fbc0e863-d71c-4fba-b13b-fd67aeb14375.jpg
02253071-a2a1-4d83-9ee7-2be4d16a388e,https://inaturalist-open-data.s3.amazonaws.com/photos/5641593/medium.jpeg,19765,Eastern Screech-Owl,data/new_raw/images/02253071-a2a1-4d83-9ee7-2be4d16a388e.jpg
785490b2-0aa8-4ea9-a1d7-71ade08dbfe3,https://inaturalist-open-data.s3.amazonaws.com/photos/5641844/medium.jpg,14898,Brown Thrasher,data/new_raw/images/785490b2-0aa8-4ea9-a1d7-71ade08dbfe3.jpg
f0a04742-1e3f-4640-b54e-d3a1d98d883c,https://inaturalist-open-data.s3.amazonaws.com/photos/5641862/medium.jpg,793286,Nelson's Sparrow,data/new_raw/images/f0a04742-1e3f-4640-b54e-d3a1d98d883c.jpg
01efa7dd-1b0f-4c9a-9293-9a2201276fc8,https://inaturalist-open-data.s3.amazonaws.com/photos/5644439/medium.jpeg,9424,Eastern Towhee,data/new_raw/images/01efa7dd-1b0f-4c9a-9293-9a2201276fc8.jpg
4f7e4da9-fa49-4ed0-9a45-1b68ebef3820,https://inaturalist-open-data.s3.amazonaws.com/photos/5657360/medium.jpg,17364,Philadelphia Vireo,data/new_raw/images/4f7e4da9-fa49-4ed0-9a45-1b68ebef3820.jpg
458b458a-628c-44a1-b982-2868289450ab,https://inaturalist-open-data.s3.amazonaws.com/photos/5658853/medium.jpg,145237,Blackburnian Warbler,data/new_raw/images/458b458a-628c-44a1-b982-2868289450ab.jpg
1a8065df-da38-4743-82b5-8c19ef803001,https://inaturalist-open-data.s3.amazonaws.com/photos/5658846/medium.jpeg,145276,Wilson's Warbler,data/new_raw/images/1a8065df-da38-4743-82b5-8c19ef803001.jpg
42434c3f-5585-41b3-85d3-62ca9b3e4d56,https://inaturalist-open-data.s3.amazonaws.com/photos/5658857/medium.jpg,42223,White-tailed Deer,data/new_raw/images/42434c3f-5585-41b3-85d3-62ca9b3e4d56.jpg
a380c399-469f-4924-aea1-fbec6b9b85c9,https://inaturalist-open-data.s3.amazonaws.com/photos/5658887/medium.jpg,342169,American Barn Swallow,data/new_raw/images/a380c399-469f-4924-aea1-fbec6b9b85c9.jpg
0928bef8-9fd8-4c96-94e1-07fec7afbeb7,https://static.inaturalist.org/photos/5659225/medium.jpg,122767,Feral Pigeon,data/new_raw/images/0928bef8-9fd8-4c96-94e1-07fec7afbeb7.jpg
59f8896e-2c53-4f74-8c43-c69cfa8e4622,https://inaturalist-open-data.s3.amazonaws.com/photos/5659353/medium.jpeg,6930,Mallard,data/new_raw/images/59f8896e-2c53-4f74-8c43-c69cfa8e4622.jpg
8d575e63-4af4-41d0-b784-28415d1006c8,https://inaturalist-open-data.s3.amazonaws.com/photos/5659349/medium.jpeg,792990,Hairy Woodpecker,data/new_raw/images/8d575e63-4af4-41d0-b784-28415d1006c8.jpg
6dc9d873-4b67-4e09-a47b-67646394aabe,https://inaturalist-open-data.s3.amazonaws.com/photos/5659351/medium.jpg,6432,Ruby-throated Hummingbird,data/new_raw/images/6dc9d873-4b67-4e09-a47b-67646394aabe.jpg
bd78e010-92cf-4ea2-a47a-c7c1e72987f3,https://inaturalist-open-data.s3.amazonaws.com/photos/5659578/medium.jpeg,7089,Canada Goose,data/new_raw/images/bd78e010-92cf-4ea2-a47a-c7c1e72987f3.jpg
655d463a-4215-4667-a64a-913ee07e92f9,https://inaturalist-open-data.s3.amazonaws.com/photos/5660177/medium.jpeg,7562,Northern House Wren,data/new_raw/images/655d463a-4215-4667-a64a-913ee07e92f9.jpg
076eed98-fc08-4032-9396-f054180bc53d,https://inaturalist-open-data.s3.amazonaws.com/photos/5661056/medium.jpeg,10227,Indigo Bunting,data/new_raw/images/076eed98-fc08-4032-9396-f054180bc53d.jpg
43c60bbe-8b52-4fd6-967b-896009712f12,https://inaturalist-open-data.s3.amazonaws.com/photos/5670633/medium.jpg,10322,Rusty Blackbird,data/new_raw/images/43c60bbe-8b52-4fd6-967b-896009712f12.jpg
0815fd5f-8011-4ac1-9771-b5a37adc2ba5,https://static.inaturalist.org/photos/5677496/medium.jpg,7089,Canada Goose,data/new_raw/images/0815fd5f-8011-4ac1-9771-b5a37adc2ba5.jpg
20f3ed66-16a7-44d5-aef0-66202a2006e3,https://static.inaturalist.org/photos/5677500/medium.jpg,6930,Mallard,data/new_raw/images/20f3ed66-16a7-44d5-aef0-66202a2006e3.jpg
97ecbee7-46e2-4a56-9a2f-d06a57b4a7d5,https://inaturalist-open-data.s3.amazonaws.com/photos/5678483/medium.jpg,9135,Chipping Sparrow,data/new_raw/images/97ecbee7-46e2-4a56-9a2f-d06a57b4a7d5.jpg
7e113360-6c90-4a45-88e2-cac8dd749905,https://inaturalist-open-data.s3.amazonaws.com/photos/5678485/medium.jpg,18236,Northern Flicker,data/new_raw/images/7e113360-6c90-4a45-88e2-cac8dd749905.jpg
cedc2d30-6904-44a9-9940-eb334cf93055,https://inaturalist-open-data.s3.amazonaws.com/photos/5678487/medium.jpg,132704,Myrtle Warbler,data/new_raw/images/cedc2d30-6904-44a9-9940-eb334cf93055.jpg
52c5520b-6f78-4364-985a-e0d07edf1021,https://inaturalist-open-data.s3.amazonaws.com/photos/5678517/medium.jpg,558433,Blue-winged Teal,data/new_raw/images/52c5520b-6f78-4364-985a-e0d07edf1021.jpg
49ac489a-1dae-46aa-aa17-aadfab428f63,https://inaturalist-open-data.s3.amazonaws.com/photos/5678736/medium.jpg,9152,Field Sparrow,data/new_raw/images/49ac489a-1dae-46aa-aa17-aadfab428f63.jpg
539e2230-303a-4a29-95b8-9df46b427451,https://inaturalist-open-data.s3.amazonaws.com/photos/5678966/medium.jpg,18236,Northern Flicker,data/new_raw/images/539e2230-303a-4a29-95b8-9df46b427451.jpg
00c45a09-79b0-4cd6-b626-fe9fe39825ef,https://static.inaturalist.org/photos/5679473/medium.jpg,4364,Ring-billed Gull,data/new_raw/images/00c45a09-79b0-4cd6-b626-fe9fe39825ef.jpg
772bfde2-63f0-49e2-8a52-f9ccfc46ad33,https://static.inaturalist.org/photos/5680170/medium.jpg,42051,Coyote,data/new_raw/images/772bfde2-63f0-49e2-8a52-f9ccfc46ad33.jpg
6dc57810-0fad-44eb-b817-c2887e6ccb69,https://inaturalist-open-data.s3.amazonaws.com/photos/5680782/medium.jpg,7109,Hooded Merganser,data/new_raw/images/6dc57810-0fad-44eb-b817-c2887e6ccb69.jpg
408e4997-1f7e-47e7-b82c-df0035c2ea62,https://inaturalist-open-data.s3.amazonaws.com/photos/5681137/medium.jpg,7493,Blue-gray Gnatcatcher,data/new_raw/images/408e4997-1f7e-47e7-b82c-df0035c2ea62.jpg
544e01d9-c390-479a-ac56-0b0b6884ce2f,https://inaturalist-open-data.s3.amazonaws.com/photos/5681085/medium.jpg,1289388,Ruby-crowned Kinglet,data/new_raw/images/544e01d9-c390-479a-ac56-0b0b6884ce2f.jpg
1155d539-a54f-4cf0-b908-94b2238467d9,https://inaturalist-open-data.s3.amazonaws.com/photos/5696835/medium.jpg,46095,Groundhog,data/new_raw/images/1155d539-a54f-4cf0-b908-94b2238467d9.jpg
3f02ef30-3a25-4a48-895c-4d497ebc10ee,https://inaturalist-open-data.s3.amazonaws.com/photos/5696925/medium.jpg,45763,Muskrat,data/new_raw/images/3f02ef30-3a25-4a48-895c-4d497ebc10ee.jpg
3a320b79-2d22-4291-ab9b-2df8126168da,https://inaturalist-open-data.s3.amazonaws.com/photos/5696946/medium.jpg,42051,Coyote,data/new_raw/images/3a320b79-2d22-4291-ab9b-2df8126168da.jpg
b78c928f-e9a6-4552-9d50-94d61a617437,https://inaturalist-open-data.s3.amazonaws.com/photos/5697014/medium.jpg,1264432,American Mink,data/new_raw/images/b78c928f-e9a6-4552-9d50-94d61a617437.jpg
0b264e75-ae52-4e7d-9947-4686ad3308ef,https://inaturalist-open-data.s3.amazonaws.com/photos/5717483/medium.jpg,10470,Yellow-headed Blackbird,data/new_raw/images/0b264e75-ae52-4e7d-9947-4686ad3308ef.jpg
2daf2fac-223c-444d-abdf-d900b3c70901,https://inaturalist-open-data.s3.amazonaws.com/photos/5719401/medium.jpg,145232,Cerulean Warbler,data/new_raw/images/2daf2fac-223c-444d-abdf-d900b3c70901.jpg
7dc181ba-ad39-4670-ad54-93dd006dace4,https://inaturalist-open-data.s3.amazonaws.com/photos/5719512/medium.jpg,4798,Piping Plover,data/new_raw/images/7dc181ba-ad39-4670-ad54-93dd006dace4.jpg
43d7c032-431a-4697-9007-47dcae843978,https://inaturalist-open-data.s3.amazonaws.com/photos/5719601/medium.jpg,3845,Red Knot,data/new_raw/images/43d7c032-431a-4697-9007-47dcae843978.jpg
2bfbc870-f587-4898-bf24-3bc522bd014c,https://inaturalist-open-data.s3.amazonaws.com/photos/5719664/medium.jpg,4981,Black-crowned Night Heron,data/new_raw/images/2bfbc870-f587-4898-bf24-3bc522bd014c.jpg
1e109a53-92e2-4166-ac2a-1ea323584cc5,https://inaturalist-open-data.s3.amazonaws.com/photos/5719833/medium.jpg,1960,Black-billed Cuckoo,data/new_raw/images/1e109a53-92e2-4166-ac2a-1ea323584cc5.jpg
7f84c2dc-d221-45b3-b8ce-362b1d27e185,https://inaturalist-open-data.s3.amazonaws.com/photos/5719850/medium.jpg,1960,Black-billed Cuckoo,data/new_raw/images/7f84c2dc-d221-45b3-b8ce-362b1d27e185.jpg
c359ea59-9d33-475d-8429-ebf96ee6a921,https://inaturalist-open-data.s3.amazonaws.com/photos/5719890/medium.jpg,4450,Common Tern,data/new_raw/images/c359ea59-9d33-475d-8429-ebf96ee6a921.jpg
dce2039f-9b6f-4cfd-83c3-c625c13e0cf1,https://inaturalist-open-data.s3.amazonaws.com/photos/5721984/medium.jpg,1578960,Least Bittern,data/new_raw/images/dce2039f-9b6f-4cfd-83c3-c625c13e0cf1.jpg
6096de44-4078-41b2-bafe-3ebdb30a837b,https://static.inaturalist.org/photos/5788803/medium.jpg,5212,Red-tailed Hawk,data/new_raw/images/6096de44-4078-41b2-bafe-3ebdb30a837b.jpg
cdc4696f-c59a-49d3-8bef-5ba9264975fb,https://inaturalist-open-data.s3.amazonaws.com/photos/5793054/medium.jpeg,13732,American Pipit,data/new_raw/images/cdc4696f-c59a-49d3-8bef-5ba9264975fb.jpg
66066da3-2915-4e76-9871-ca1019b2e92b,https://inaturalist-open-data.s3.amazonaws.com/photos/5793050/medium.jpeg,4793,Killdeer,data/new_raw/images/66066da3-2915-4e76-9871-ca1019b2e92b.jpg
86bccef9-ddba-4431-a118-5be6cc2d4b48,https://inaturalist-open-data.s3.amazonaws.com/photos/5793060/medium.jpeg,339341,Atlantic Brant,data/new_raw/images/86bccef9-ddba-4431-a118-5be6cc2d4b48.jpg
bf1e845d-1aa8-43e6-966c-5a629bef9ab2,https://inaturalist-open-data.s3.amazonaws.com/photos/5793726/medium.jpg,9346,Baltimore Oriole,data/new_raw/images/bf1e845d-1aa8-43e6-966c-5a629bef9ab2.jpg
8e299c4c-31f3-43e3-9a98-e9e7fbe8d4ab,https://inaturalist-open-data.s3.amazonaws.com/photos/5801961/medium.jpeg,9083,Northern Cardinal,data/new_raw/images/8e299c4c-31f3-43e3-9a98-e9e7fbe8d4ab.jpg
319f11ba-5992-4d81-a1ad-de34b4aeb0c3,https://inaturalist-open-data.s3.amazonaws.com/photos/5801958/medium.jpeg,9184,White-throated Sparrow,data/new_raw/images/319f11ba-5992-4d81-a1ad-de34b4aeb0c3.jpg
95297055-c3c8-424e-9950-d204c18cc74f,https://inaturalist-open-data.s3.amazonaws.com/photos/5801959/medium.jpeg,132764,Slate-colored Junco,data/new_raw/images/95297055-c3c8-424e-9950-d204c18cc74f.jpg
f237721d-d35b-422f-ac2e-3e1866775467,https://inaturalist-open-data.s3.amazonaws.com/photos/5801965/medium.jpeg,42223,White-tailed Deer,data/new_raw/images/f237721d-d35b-422f-ac2e-3e1866775467.jpg
ae307d65-cb89-4a57-8740-8b7c0104282d,https://inaturalist-open-data.s3.amazonaws.com/photos/5813450/medium.jpeg,42223,White-tailed Deer,data/new_raw/images/ae307d65-cb89-4a57-8740-8b7c0104282d.jpg
4f16a7ca-438e-49a7-b81a-ab3275000634,https://inaturalist-open-data.s3.amazonaws.com/photos/5813468/medium.jpeg,43111,Eastern Cottontail,data/new_raw/images/4f16a7ca-438e-49a7-b81a-ab3275000634.jpg
e6d0b8f7-e693-4650-b568-496d21fbc640,https://inaturalist-open-data.s3.amazonaws.com/photos/5813471/medium.jpeg,6930,Mallard,data/new_raw/images/e6d0b8f7-e693-4650-b568-496d21fbc640.jpg
f85f12c2-2848-47d1-abd5-f9b9c669098a,https://inaturalist-open-data.s3.amazonaws.com/photos/5813577/medium.jpeg,10227,Indigo Bunting,data/new_raw/images/f85f12c2-2848-47d1-abd5-f9b9c669098a.jpg
350a2d46-d6d9-4f15-9abf-8206d0117613,https://inaturalist-open-data.s3.amazonaws.com/photos/5813578/medium.jpeg,46017,Eastern Gray Squirrel,data/new_raw/images/350a2d46-d6d9-4f15-9abf-8206d0117613.jpg
e17faf93-5798-4e12-9445-a5331f7c449b,https://inaturalist-open-data.s3.amazonaws.com/photos/5813580/medium.jpeg,16782,Eastern Kingbird,data/new_raw/images/e17faf93-5798-4e12-9445-a5331f7c449b.jpg
89bf34d6-65c2-464b-857e-97b4601d5ed4,https://inaturalist-open-data.s3.amazonaws.com/photos/5813592/medium.jpeg,14995,Gray Catbird,data/new_raw/images/89bf34d6-65c2-464b-857e-97b4601d5ed4.jpg
f66900da-4788-4829-a08d-3bd7f50592e5,https://inaturalist-open-data.s3.amazonaws.com/photos/5813596/medium.jpeg,12727,American Robin,data/new_raw/images/f66900da-4788-4829-a08d-3bd7f50592e5.jpg
c51de7d8-cad2-48e7-8173-faf8e38a6b7b,https://inaturalist-open-data.s3.amazonaws.com/photos/5814761/medium.jpeg,9083,Northern Cardinal,data/new_raw/images/c51de7d8-cad2-48e7-8173-faf8e38a6b7b.jpg
52b04aa1-b6a8-42f0-8e78-4951484f5909,https://inaturalist-open-data.s3.amazonaws.com/photos/5814962/medium.jpeg,18236,Northern Flicker,data/new_raw/images/52b04aa1-b6a8-42f0-8e78-4951484f5909.jpg
fdc373d9-8ccd-4322-9ac5-169adb662b6b,https://inaturalist-open-data.s3.amazonaws.com/photos/5814970/medium.jpeg,474210,American Tree Sparrow,data/new_raw/images/fdc373d9-8ccd-4322-9ac5-169adb662b6b.jpg
4d7220eb-f863-4242-9ee0-5d1bda1d63c8,https://inaturalist-open-data.s3.amazonaws.com/photos/5814980/medium.jpeg,144815,Black-capped Chickadee,data/new_raw/images/4d7220eb-f863-4242-9ee0-5d1bda1d63c8.jpg
85961eb0-868c-47a2-863d-192bf246a587,https://inaturalist-open-data.s3.amazonaws.com/photos/5815063/medium.jpeg,7458,Brown Creeper,data/new_raw/images/85961eb0-868c-47a2-863d-192bf246a587.jpg
1a108104-001c-4466-8069-1c9162c29d6c,https://inaturalist-open-data.s3.amazonaws.com/photos/5827527/medium.jpeg,7089,Canada Goose,data/new_raw/images/1a108104-001c-4466-8069-1c9162c29d6c.jpg
f5570dfe-c0d7-475a-9870-f415d9ec4b73,https://inaturalist-open-data.s3.amazonaws.com/photos/5827532/medium.jpeg,891704,Red-eyed Vireo,data/new_raw/images/f5570dfe-c0d7-475a-9870-f415d9ec4b73.jpg
0267356a-d871-45ad-8a7f-7fac9ffb776b,https://inaturalist-open-data.s3.amazonaws.com/photos/5827539/medium.jpeg,11901,Barn Swallow,data/new_raw/images/0267356a-d871-45ad-8a7f-7fac9ffb776b.jpg
2e404c1b-dde1-4c2c-bfba-0e46e9747df8,https://inaturalist-open-data.s3.amazonaws.com/photos/5827564/medium.jpeg,6930,Mallard,data/new_raw/images/2e404c1b-dde1-4c2c-bfba-0e46e9747df8.jpg
2b5ef682-b57f-4073-9201-d5fed778564b,https://inaturalist-open-data.s3.amazonaws.com/photos/5827578/medium.jpeg,41663,Common Raccoon,data/new_raw/images/2b5ef682-b57f-4073-9201-d5fed778564b.jpg
cae74f5f-3eb4-4e25-baf9-88b409e925ef,https://inaturalist-open-data.s3.amazonaws.com/photos/5827591/medium.jpeg,9176,White-crowned Sparrow,data/new_raw/images/cae74f5f-3eb4-4e25-baf9-88b409e925ef.jpg
e22a44f4-5d8d-43a8-ad49-f8b8d829ae26,https://inaturalist-open-data.s3.amazonaws.com/photos/5827900/medium.jpeg,9744,Red-winged Blackbird,data/new_raw/images/e22a44f4-5d8d-43a8-ad49-f8b8d829ae26.jpg
e7a16131-3594-4da5-bb2f-47d236ca8433,https://inaturalist-open-data.s3.amazonaws.com/photos/5827901/medium.jpeg,14898,Brown Thrasher,data/new_raw/images/e7a16131-3594-4da5-bb2f-47d236ca8433.jpg
ccddb66a-4fab-4cb1-9941-b77b04162200,https://inaturalist-open-data.s3.amazonaws.com/photos/5827903/medium.jpeg,9602,Common Grackle,data/new_raw/images/ccddb66a-4fab-4cb1-9941-b77b04162200.jpg
52c6c783-8224-4afe-9c8a-810cf914c2d7,https://inaturalist-open-data.s3.amazonaws.com/photos/5827910/medium.jpeg,11970,Northern Rough-winged Swallow,data/new_raw/images/52c6c783-8224-4afe-9c8a-810cf914c2d7.jpg
ec355aeb-5060-4a1d-8ecb-1c66c4090ef9,https://inaturalist-open-data.s3.amazonaws.com/photos/5827913/medium.jpeg,13858,House Sparrow,data/new_raw/images/ec355aeb-5060-4a1d-8ecb-1c66c4090ef9.jpg
106aadf6-2f84-4e08-9b71-03f7e614e498,https://inaturalist-open-data.s3.amazonaws.com/photos/5827959/medium.jpeg,7107,Wood Duck,data/new_raw/images/106aadf6-2f84-4e08-9b71-03f7e614e498.jpg
f458849b-3a27-46c9-86db-52aa12a7cb9d,https://inaturalist-open-data.s3.amazonaws.com/photos/5828035/medium.jpeg,145244,Pine Warbler,data/new_raw/images/f458849b-3a27-46c9-86db-52aa12a7cb9d.jpg
aff13043-c9ad-4dcf-adc8-20b343cf20cc,https://inaturalist-open-data.s3.amazonaws.com/photos/5828040/medium.jpeg,12942,Eastern Bluebird,data/new_raw/images/aff13043-c9ad-4dcf-adc8-20b343cf20cc.jpg
ca030129-1177-452e-8fa7-0bc81f5fa84d,https://inaturalist-open-data.s3.amazonaws.com/photos/5828647/medium.jpeg,792990,Hairy Woodpecker,data/new_raw/images/ca030129-1177-452e-8fa7-0bc81f5fa84d.jpg
04420b08-f387-4040-be86-b2833f925c55,https://inaturalist-open-data.s3.amazonaws.com/photos/5828648/medium.jpeg,117100,Golden-crowned Kinglet,data/new_raw/images/04420b08-f387-4040-be86-b2833f925c55.jpg
eedbcabf-4373-41a5-b284-e712fc5affc1,https://inaturalist-open-data.s3.amazonaws.com/photos/5839013/medium.jpeg,41663,Common Raccoon,data/new_raw/images/eedbcabf-4373-41a5-b284-e712fc5affc1.jpg
bd88e09a-da58-48ac-93e9-088dc7a91d2d,https://inaturalist-open-data.s3.amazonaws.com/photos/5839139/medium.jpeg,9100,Song Sparrow,data/new_raw/images/bd88e09a-da58-48ac-93e9-088dc7a91d2d.jpg
e62c533e-f0c0-42ce-bef3-91e53949ba5d,https://inaturalist-open-data.s3.amazonaws.com/photos/5850624/medium.jpg,122767,Feral Pigeon,data/new_raw/images/e62c533e-f0c0-42ce-bef3-91e53949ba5d.jpg
4d30f42a-a4c0-46b2-a3dd-69f1ea44807c,https://inaturalist-open-data.s3.amazonaws.com/photos/5852180/medium.jpg,13858,House Sparrow,data/new_raw/images/4d30f42a-a4c0-46b2-a3dd-69f1ea44807c.jpg
053fe181-5a03-40ad-97bb-e9f7ae3fa0ba,https://inaturalist-open-data.s3.amazonaws.com/photos/5853696/medium.jpeg,13858,House Sparrow,data/new_raw/images/053fe181-5a03-40ad-97bb-e9f7ae3fa0ba.jpg
3c53a725-e274-4d34-ae4d-9d75778ea8fc,https://inaturalist-open-data.s3.amazonaws.com/photos/5862720/medium.jpeg,7056,Redhead,data/new_raw/images/3c53a725-e274-4d34-ae4d-9d75778ea8fc.jpg
9b829114-4b75-439a-b8c7-c3a51331fb15,https://inaturalist-open-data.s3.amazonaws.com/photos/5862714/medium.jpeg,7044,Ring-necked Duck,data/new_raw/images/9b829114-4b75-439a-b8c7-c3a51331fb15.jpg
61dfba1f-91bb-4aa6-a2c3-f8f51dc6e7b1,https://inaturalist-open-data.s3.amazonaws.com/photos/5862715/medium.jpeg,5305,Bald Eagle,data/new_raw/images/61dfba1f-91bb-4aa6-a2c3-f8f51dc6e7b1.jpg
00a3cefb-f0b8-48d2-a882-291f7411b3c3,https://inaturalist-open-data.s3.amazonaws.com/photos/5865890/medium.jpeg,4665,American Kestrel,data/new_raw/images/00a3cefb-f0b8-48d2-a882-291f7411b3c3.jpg
124e9437-3820-462d-aa7a-dbb466f15d93,https://inaturalist-open-data.s3.amazonaws.com/photos/5865902/medium.jpeg,5200,Rough-legged Hawk,data/new_raw/images/124e9437-3820-462d-aa7a-dbb466f15d93.jpg
b5cebab2-30e0-406e-80fd-eeb88fc62de3,https://inaturalist-open-data.s3.amazonaws.com/photos/5865895/medium.jpeg,5200,Rough-legged Hawk,data/new_raw/images/b5cebab2-30e0-406e-80fd-eeb88fc62de3.jpg
f581818a-cde0-4841-ad4d-be3012ecfe53,https://inaturalist-open-data.s3.amazonaws.com/photos/5865899/medium.jpeg,5305,Bald Eagle,data/new_raw/images/f581818a-cde0-4841-ad4d-be3012ecfe53.jpg
c796af51-84af-4628-86e5-c3ce41d8f763,https://inaturalist-open-data.s3.amazonaws.com/photos/5865906/medium.jpeg,5200,Rough-legged Hawk,data/new_raw/images/c796af51-84af-4628-86e5-c3ce41d8f763.jpg
1fd19310-2ac0-4403-9405-9883e52e7873,https://inaturalist-open-data.s3.amazonaws.com/photos/5865912/medium.jpeg,5200,Rough-legged Hawk,data/new_raw/images/1fd19310-2ac0-4403-9405-9883e52e7873.jpg
d425e8ad-ca0e-4173-8818-4126bc7179f2,https://inaturalist-open-data.s3.amazonaws.com/photos/5865916/medium.jpeg,5200,Rough-legged Hawk,data/new_raw/images/d425e8ad-ca0e-4173-8818-4126bc7179f2.jpg
2e08329d-acea-4f17-a462-ad20d5f7b269,https://inaturalist-open-data.s3.amazonaws.com/photos/5865920/medium.jpeg,5200,Rough-legged Hawk,data/new_raw/images/2e08329d-acea-4f17-a462-ad20d5f7b269.jpg
b178e679-2485-4dae-95c6-d2beff9a552e,https://inaturalist-open-data.s3.amazonaws.com/photos/5865925/medium.jpeg,4665,American Kestrel,data/new_raw/images/b178e679-2485-4dae-95c6-d2beff9a552e.jpg
53225438-b31c-42cc-aa56-0ceeb04d7307,https://inaturalist-open-data.s3.amazonaws.com/photos/5871146/medium.jpeg,20307,Long-eared Owl,data/new_raw/images/53225438-b31c-42cc-aa56-0ceeb04d7307.jpg
2dc3b211-b203-48aa-a1ba-8af4a6e4f7a7,https://static.inaturalist.org/photos/5894956/medium.jpeg,7089,Canada Goose,data/new_raw/images/2dc3b211-b203-48aa-a1ba-8af4a6e4f7a7.jpg
566cd002-f815-44d9-afec-371530e2b70e,https://inaturalist-open-data.s3.amazonaws.com/photos/5907316/medium.jpeg,9156,Fox Sparrow,data/new_raw/images/566cd002-f815-44d9-afec-371530e2b70e.jpg
2bcce1ee-729a-4300-9a6a-2ca4cfdfc53a,https://inaturalist-open-data.s3.amazonaws.com/photos/5907341/medium.jpeg,42223,White-tailed Deer,data/new_raw/images/2bcce1ee-729a-4300-9a6a-2ca4cfdfc53a.jpg
71b849b2-4ab6-43ce-814d-16e8798ba12f,https://inaturalist-open-data.s3.amazonaws.com/photos/5907344/medium.jpeg,792990,Hairy Woodpecker,data/new_raw/images/71b849b2-4ab6-43ce-814d-16e8798ba12f.jpg
165f2dd5-fc32-4eb9-853a-026ad175a93e,https://inaturalist-open-data.s3.amazonaws.com/photos/5915155/medium.jpeg,7428,Cedar Waxwing,data/new_raw/images/165f2dd5-fc32-4eb9-853a-026ad175a93e.jpg
22cf8ffc-3a90-477b-b4e2-306df14e3ac2,https://inaturalist-open-data.s3.amazonaws.com/photos/5933099/medium.jpeg,4956,Great Blue Heron,data/new_raw/images/22cf8ffc-3a90-477b-b4e2-306df14e3ac2.jpg
70e27f4f-4820-4642-b53b-ab12c074756c,https://inaturalist-open-data.s3.amazonaws.com/photos/5933113/medium.jpeg,7107,Wood Duck,data/new_raw/images/70e27f4f-4820-4642-b53b-ab12c074756c.jpg
944147e3-6720-4ff0-9c0d-3d270276bcf0,https://inaturalist-open-data.s3.amazonaws.com/photos/5945033/medium.jpeg,14850,European Starling,data/new_raw/images/944147e3-6720-4ff0-9c0d-3d270276bcf0.jpg
0548235e-0983-4c65-bcc3-4ce4e816726c,https://inaturalist-open-data.s3.amazonaws.com/photos/5953183/medium.jpg,117059,Snow Bunting,data/new_raw/images/0548235e-0983-4c65-bcc3-4ce4e816726c.jpg
2e79c8c7-4fde-4084-b002-8474c69c4612,https://inaturalist-open-data.s3.amazonaws.com/photos/5976270/medium.jpeg,5212,Red-tailed Hawk,data/new_raw/images/2e79c8c7-4fde-4084-b002-8474c69c4612.jpg
8332a8b6-5500-4303-ab93-2122e49ecd61,https://inaturalist-open-data.s3.amazonaws.com/photos/5976302/medium.jpeg,14995,Gray Catbird,data/new_raw/images/8332a8b6-5500-4303-ab93-2122e49ecd61.jpg
46cffad0-ac21-4944-9130-ffc0b7cd67b9,https://static.inaturalist.org/photos/6037527/medium.jpeg,6930,Mallard,data/new_raw/images/46cffad0-ac21-4944-9130-ffc0b7cd67b9.jpg
82082a05-f1e9-4840-a25f-54975a677fe8,https://static.inaturalist.org/photos/6107226/medium.jpg,43111,Eastern Cottontail,data/new_raw/images/82082a05-f1e9-4840-a25f-54975a677fe8.jpg
0a519ce4-2b15-49c3-a7c9-8de855c6018c,https://inaturalist-open-data.s3.amazonaws.com/photos/6108196/medium.jpg,46017,Eastern Gray Squirrel,data/new_raw/images/0a519ce4-2b15-49c3-a7c9-8de855c6018c.jpg
1e8fc98e-7bc7-429f-ad9a-6c76d0f273ca,https://inaturalist-open-data.s3.amazonaws.com/photos/6108203/medium.jpg,42652,Virginia Opossum,data/new_raw/images/1e8fc98e-7bc7-429f-ad9a-6c76d0f273ca.jpg
d1e072de-77fb-4017-8c81-edd071579beb,https://inaturalist-open-data.s3.amazonaws.com/photos/6139010/medium.jpg,5212,Red-tailed Hawk,data/new_raw/images/d1e072de-77fb-4017-8c81-edd071579beb.jpg
852f8602-517f-41dd-a917-cd2f4aaadd19,https://inaturalist-open-data.s3.amazonaws.com/photos/6139013/medium.jpg,5212,Red-tailed Hawk,data/new_raw/images/852f8602-517f-41dd-a917-cd2f4aaadd19.jpg
905b3664-1408-42dd-bef5-3e226bd36f2a,https://inaturalist-open-data.s3.amazonaws.com/photos/6187010/medium.jpeg,7089,Canada Goose,data/new_raw/images/905b3664-1408-42dd-bef5-3e226bd36f2a.jpg
d26cd2a4-af49-4ca4-b3fd-511a6e2dbba8,https://static.inaturalist.org/photos/6208348/medium.jpg,42223,White-tailed Deer,data/new_raw/images/d26cd2a4-af49-4ca4-b3fd-511a6e2dbba8.jpg
898ca94e-45f4-4d0d-8151-3cf8970e0a03,https://inaturalist-open-data.s3.amazonaws.com/photos/6220651/medium.jpeg,42652,Virginia Opossum,data/new_raw/images/898ca94e-45f4-4d0d-8151-3cf8970e0a03.jpg
da2294e4-89f9-4059-a924-ca9bfeb95c05,https://inaturalist-open-data.s3.amazonaws.com/photos/6232122/medium.jpeg,2548,Belted Kingfisher,data/new_raw/images/da2294e4-89f9-4059-a924-ca9bfeb95c05.jpg
cf0d5693-aeed-4fee-b6b6-285836a02384,https://inaturalist-open-data.s3.amazonaws.com/photos/6238604/medium.jpg,20307,Long-eared Owl,data/new_raw/images/cf0d5693-aeed-4fee-b6b6-285836a02384.jpg
363f09c5-b35a-4728-bdb6-6ce17b36cfe0,https://inaturalist-open-data.s3.amazonaws.com/photos/6247757/medium.jpeg,42223,White-tailed Deer,data/new_raw/images/363f09c5-b35a-4728-bdb6-6ce17b36cfe0.jpg
7fc7b787-f99e-43b9-b14c-0d9d098fc1c5,https://inaturalist-open-data.s3.amazonaws.com/photos/6247798/medium.jpeg,5305,Bald Eagle,data/new_raw/images/7fc7b787-f99e-43b9-b14c-0d9d098fc1c5.jpg
fae8b426-d82d-4049-9ce6-e8a6926aa107,https://inaturalist-open-data.s3.amazonaws.com/photos/6256558/medium.jpeg,9602,Common Grackle,data/new_raw/images/fae8b426-d82d-4049-9ce6-e8a6926aa107.jpg
eb20e84b-0bc6-4514-a3bb-0b63b9c64e2e,https://inaturalist-open-data.s3.amazonaws.com/photos/6256664/medium.jpeg,17394,Warbling Vireo,data/new_raw/images/eb20e84b-0bc6-4514-a3bb-0b63b9c64e2e.jpg
fa45b0e4-c338-4fd3-b6f7-3c39864a054e,https://static.inaturalist.org/photos/6267199/medium.jpg,42223,White-tailed Deer,data/new_raw/images/fa45b0e4-c338-4fd3-b6f7-3c39864a054e.jpg
e36b5450-62c0-4d82-b55c-1d25bf71765d,https://static.inaturalist.org/photos/6272626/medium.jpg,41663,Common Raccoon,data/new_raw/images/e36b5450-62c0-4d82-b55c-1d25bf71765d.jpg
6cec17ca-58f6-4db0-8b8d-ae6359b63627,https://static.inaturalist.org/photos/6272938/medium.jpg,10227,Indigo Bunting,data/new_raw/images/6cec17ca-58f6-4db0-8b8d-ae6359b63627.jpg
20d57545-145e-4e57-bdfd-8170b69a8cd1,https://inaturalist-open-data.s3.amazonaws.com/photos/6292482/medium.jpeg,5212,Red-tailed Hawk,data/new_raw/images/20d57545-145e-4e57-bdfd-8170b69a8cd1.jpg
19fe1e2b-08d6-4302-b5ec-75bf637254a3,https://inaturalist-open-data.s3.amazonaws.com/photos/6292478/medium.jpeg,474210,American Tree Sparrow,data/new_raw/images/19fe1e2b-08d6-4302-b5ec-75bf637254a3.jpg
551e85f4-8dbf-4e77-982a-dad430c72410,https://inaturalist-open-data.s3.amazonaws.com/photos/6292473/medium.jpeg,1454382,Double-crested Cormorant,data/new_raw/images/551e85f4-8dbf-4e77-982a-dad430c72410.jpg
aef70d59-4f4b-4820-939e-e018d2c22443,https://inaturalist-open-data.s3.amazonaws.com/photos/6292485/medium.jpeg,5206,Red-shouldered Hawk,data/new_raw/images/aef70d59-4f4b-4820-939e-e018d2c22443.jpg
7adf22ae-2e26-432e-a078-54444ee494c4,https://inaturalist-open-data.s3.amazonaws.com/photos/6292489/medium.jpeg,7170,Long-tailed Duck,data/new_raw/images/7adf22ae-2e26-432e-a078-54444ee494c4.jpg
922b1664-438c-4e49-9337-d3ee57bb9e91,https://inaturalist-open-data.s3.amazonaws.com/photos/6292494/medium.jpeg,4665,American Kestrel,data/new_raw/images/922b1664-438c-4e49-9337-d3ee57bb9e91.jpg
f1fbfa9b-1f14-47ab-84e8-564e90016278,https://inaturalist-open-data.s3.amazonaws.com/photos/6300930/medium.jpeg,5305,Bald Eagle,data/new_raw/images/f1fbfa9b-1f14-47ab-84e8-564e90016278.jpg
e031d223-d614-4c9e-812f-e222e8a0989c,https://inaturalist-open-data.s3.amazonaws.com/photos/6301160/medium.jpeg,7089,Canada Goose,data/new_raw/images/e031d223-d614-4c9e-812f-e222e8a0989c.jpg
ff3478ea-ba9f-4c61-9317-93c95062a6b5,https://inaturalist-open-data.s3.amazonaws.com/photos/6307839/medium.jpeg,7089,Canada Goose,data/new_raw/images/ff3478ea-ba9f-4c61-9317-93c95062a6b5.jpg
1064c669-5b30-4a22-9da9-3c1b6e7e9bb1,https://inaturalist-open-data.s3.amazonaws.com/photos/6307840/medium.jpeg,6930,Mallard,data/new_raw/images/1064c669-5b30-4a22-9da9-3c1b6e7e9bb1.jpg
9c68b831-cb51-48e1-94bb-78ae99ea13ca,https://inaturalist-open-data.s3.amazonaws.com/photos/6307836/medium.jpeg,7089,Canada Goose,data/new_raw/images/9c68b831-cb51-48e1-94bb-78ae99ea13ca.jpg
c62333e0-0859-448b-89d2-ccd2ecd54396,https://inaturalist-open-data.s3.amazonaws.com/photos/6307847/medium.jpeg,6990,Common Goldeneye,data/new_raw/images/c62333e0-0859-448b-89d2-ccd2ecd54396.jpg
38cea2cd-3ddd-45d8-8eb2-42ddc4a30670,https://inaturalist-open-data.s3.amazonaws.com/photos/6307849/medium.jpeg,6996,Red-breasted Merganser,data/new_raw/images/38cea2cd-3ddd-45d8-8eb2-42ddc4a30670.jpg
a6c59dfb-d14d-4aff-b23e-650492519b8a,https://inaturalist-open-data.s3.amazonaws.com/photos/6307861/medium.jpeg,4364,Ring-billed Gull,data/new_raw/images/a6c59dfb-d14d-4aff-b23e-650492519b8a.jpg
cb8c6528-3cbf-49c4-a37f-fc53a5890d5a,https://inaturalist-open-data.s3.amazonaws.com/photos/6307888/medium.jpeg,8021,American Crow,data/new_raw/images/cb8c6528-3cbf-49c4-a37f-fc53a5890d5a.jpg
b6ca1650-e310-48ef-b992-941a4ab5a1ac,https://inaturalist-open-data.s3.amazonaws.com/photos/6307892/medium.jpeg,4364,Ring-billed Gull,data/new_raw/images/b6ca1650-e310-48ef-b992-941a4ab5a1ac.jpg
57f00316-b581-4474-8ddc-40e7c3f9bb19,https://inaturalist-open-data.s3.amazonaws.com/photos/6307962/medium.jpeg,46017,Eastern Gray Squirrel,data/new_raw/images/57f00316-b581-4474-8ddc-40e7c3f9bb19.jpg
cee5b2be-4e55-4ff0-bdd9-fb86b434ee43,https://inaturalist-open-data.s3.amazonaws.com/photos/6307965/medium.jpeg,8021,American Crow,data/new_raw/images/cee5b2be-4e55-4ff0-bdd9-fb86b434ee43.jpg
23d68dd4-d1f1-41a2-91be-aff21a0acb4e,https://inaturalist-open-data.s3.amazonaws.com/photos/6312713/medium.jpg,122767,Feral Pigeon,data/new_raw/images/23d68dd4-d1f1-41a2-91be-aff21a0acb4e.jpg
bc7f18b8-62d5-4776-ba3a-e77ae2258880,https://inaturalist-open-data.s3.amazonaws.com/photos/6323854/medium.jpg,7089,Canada Goose,data/new_raw/images/bc7f18b8-62d5-4776-ba3a-e77ae2258880.jpg
010aaea0-fbbf-4ed8-a87a-819773d78d9b,https://inaturalist-open-data.s3.amazonaws.com/photos/6323974/medium.jpg,6930,Mallard,data/new_raw/images/010aaea0-fbbf-4ed8-a87a-819773d78d9b.jpg
cc80cd94-5730-4978-a20c-379a937907fa,https://static.inaturalist.org/photos/6324074/medium.jpeg,5067,"Hawks, Eagles, and Kites",data/new_raw/images/cc80cd94-5730-4978-a20c-379a937907fa.jpg
33bf48b8-bd9a-4a6e-89e8-ef817a37f9be,https://inaturalist-open-data.s3.amazonaws.com/photos/6367832/medium.jpeg,42223,White-tailed Deer,data/new_raw/images/33bf48b8-bd9a-4a6e-89e8-ef817a37f9be.jpg
ae5eba8e-efae-44ed-bd7b-40ed4c12f78f,https://inaturalist-open-data.s3.amazonaws.com/photos/6367966/medium.jpeg,12727,American Robin,data/new_raw/images/ae5eba8e-efae-44ed-bd7b-40ed4c12f78f.jpg
bda2f9aa-639d-494e-9575-e7dd69927708,https://inaturalist-open-data.s3.amazonaws.com/photos/6367959/medium.jpeg,474210,American Tree Sparrow,data/new_raw/images/bda2f9aa-639d-494e-9575-e7dd69927708.jpg
37d0d3b2-9c41-4c0d-a239-7233cd4e6af2,https://inaturalist-open-data.s3.amazonaws.com/photos/6384250/medium.jpeg,5212,Red-tailed Hawk,data/new_raw/images/37d0d3b2-9c41-4c0d-a239-7233cd4e6af2.jpg
d890f620-3dd2-4f3e-ba79-c7df2d0d7530,https://inaturalist-open-data.s3.amazonaws.com/photos/6384270/medium.jpeg,6921,Mute Swan,data/new_raw/images/d890f620-3dd2-4f3e-ba79-c7df2d0d7530.jpg
00cc6eca-2a96-45bd-a3cf-17232cd293c4,https://inaturalist-open-data.s3.amazonaws.com/photos/6384304/medium.jpeg,558446,Northern Harrier,data/new_raw/images/00cc6eca-2a96-45bd-a3cf-17232cd293c4.jpg
95281f7a-e694-4bbc-b18b-9fffd17dfe92,https://inaturalist-open-data.s3.amazonaws.com/photos/6384323/medium.jpeg,558438,Northern Shoveler,data/new_raw/images/95281f7a-e694-4bbc-b18b-9fffd17dfe92.jpg
0065a629-eac1-4d18-b6cd-29348ac93376,https://inaturalist-open-data.s3.amazonaws.com/photos/6384340/medium.jpeg,7044,Ring-necked Duck,data/new_raw/images/0065a629-eac1-4d18-b6cd-29348ac93376.jpg
16fd435c-dc1d-4f3b-b793-f242ba91d8bc,https://inaturalist-open-data.s3.amazonaws.com/photos/6384557/medium.jpeg,7054,Lesser Scaup,data/new_raw/images/16fd435c-dc1d-4f3b-b793-f242ba91d8bc.jpg
70b0bb4c-80f9-4a2b-8906-c3972d62982a,https://inaturalist-open-data.s3.amazonaws.com/photos/6410215/medium.jpeg,6996,Red-breasted Merganser,data/new_raw/images/70b0bb4c-80f9-4a2b-8906-c3972d62982a.jpg
7e18a256-c2e3-4f4a-8a7b-1550f437086e,https://inaturalist-open-data.s3.amazonaws.com/photos/6410209/medium.jpeg,7089,Canada Goose,data/new_raw/images/7e18a256-c2e3-4f4a-8a7b-1550f437086e.jpg
52273b9a-ede8-48c2-8b20-c1d8378a2490,https://inaturalist-open-data.s3.amazonaws.com/photos/6410219/medium.jpeg,6930,Mallard,data/new_raw/images/52273b9a-ede8-48c2-8b20-c1d8378a2490.jpg
a8e0f384-cb86-4b1f-ad2d-eb704b4c8492,https://inaturalist-open-data.s3.amazonaws.com/photos/6410221/medium.jpeg,6990,Common Goldeneye,data/new_raw/images/a8e0f384-cb86-4b1f-ad2d-eb704b4c8492.jpg
231e9a8f-9153-45ba-8624-ab936ceca41c,https://inaturalist-open-data.s3.amazonaws.com/photos/6410275/medium.jpeg,6930,Mallard,data/new_raw/images/231e9a8f-9153-45ba-8624-ab936ceca41c.jpg
fa8de18f-76d2-4e50-a309-e34ef324ce8d,https://inaturalist-open-data.s3.amazonaws.com/photos/6410291/medium.jpeg,1578489,American Herring Gull,data/new_raw/images/fa8de18f-76d2-4e50-a309-e34ef324ce8d.jpg
4354aee9-ac16-49cd-adb5-e1b686a49493,https://inaturalist-open-data.s3.amazonaws.com/photos/6410273/medium.jpeg,4246,Pied-billed Grebe,data/new_raw/images/4354aee9-ac16-49cd-adb5-e1b686a49493.jpg
6c1faa14-fa29-4ffd-ac5a-aeeb2a080e6b,https://inaturalist-open-data.s3.amazonaws.com/photos/6410267/medium.jpeg,7109,Hooded Merganser,data/new_raw/images/6c1faa14-fa29-4ffd-ac5a-aeeb2a080e6b.jpg
48e2478f-ff5d-46ba-b5c2-7e3658aefdbb,https://inaturalist-open-data.s3.amazonaws.com/photos/6410292/medium.jpeg,1578489,American Herring Gull,data/new_raw/images/48e2478f-ff5d-46ba-b5c2-7e3658aefdbb.jpg
02333565-8edc-47f8-a0c5-89eadb40ca94,https://inaturalist-open-data.s3.amazonaws.com/photos/6410294/medium.jpeg,8021,American Crow,data/new_raw/images/02333565-8edc-47f8-a0c5-89eadb40ca94.jpg
c45b7264-3f6e-4d35-8d5c-6d2cc1204145,https://inaturalist-open-data.s3.amazonaws.com/photos/6410295/medium.jpeg,558427,Ross's Goose,data/new_raw/images/c45b7264-3f6e-4d35-8d5c-6d2cc1204145.jpg
a866fbca-50db-4f0a-ae54-51cd669c9bd3,https://inaturalist-open-data.s3.amazonaws.com/photos/6410299/medium.jpeg,8021,American Crow,data/new_raw/images/a866fbca-50db-4f0a-ae54-51cd669c9bd3.jpg
df28ace8-a3c3-42f1-8906-cb04b3ea2486,https://inaturalist-open-data.s3.amazonaws.com/photos/6409652/medium.jpeg,7089,Canada Goose,data/new_raw/images/df28ace8-a3c3-42f1-8906-cb04b3ea2486.jpg
85f8768e-3f45-4715-a514-26387abdeff2,https://inaturalist-open-data.s3.amazonaws.com/photos/6449858/medium.jpeg,14850,European Starling,data/new_raw/images/85f8768e-3f45-4715-a514-26387abdeff2.jpg
85396c6e-2150-4fd1-be03-012d14e71eed,https://inaturalist-open-data.s3.amazonaws.com/photos/6449861/medium.jpeg,9156,Fox Sparrow,data/new_raw/images/85396c6e-2150-4fd1-be03-012d14e71eed.jpg
34c0fc38-1276-44a3-9f84-b191a04aa2c3,https://inaturalist-open-data.s3.amazonaws.com/photos/6449874/medium.jpeg,4209,Horned Grebe,data/new_raw/images/34c0fc38-1276-44a3-9f84-b191a04aa2c3.jpg
96c5c0f4-132a-4614-bc38-1b9ab6a3b6e0,https://inaturalist-open-data.s3.amazonaws.com/photos/6449868/medium.jpeg,10094,Dark-eyed Junco,data/new_raw/images/96c5c0f4-132a-4614-bc38-1b9ab6a3b6e0.jpg
967f3592-c729-48d6-80ac-4830dbe22e05,https://inaturalist-open-data.s3.amazonaws.com/photos/6449890/medium.jpeg,558426,Snow Goose,data/new_raw/images/967f3592-c729-48d6-80ac-4830dbe22e05.jpg
904978c6-4a12-4c73-943e-8888b8854cbc,https://inaturalist-open-data.s3.amazonaws.com/photos/6449929/medium.jpeg,1578489,American Herring Gull,data/new_raw/images/904978c6-4a12-4c73-943e-8888b8854cbc.jpg
b8a3f29e-f80b-48d6-9e92-3803b9c3f7e7,https://inaturalist-open-data.s3.amazonaws.com/photos/6477451/medium.jpeg,72912,Worm-eating Warbler,data/new_raw/images/b8a3f29e-f80b-48d6-9e92-3803b9c3f7e7.jpg
401969ff-c8b7-4a8d-a8d4-740ffcd59920,https://inaturalist-open-data.s3.amazonaws.com/photos/6477567/medium.jpeg,14898,Brown Thrasher,data/new_raw/images/401969ff-c8b7-4a8d-a8d4-740ffcd59920.jpg
59260925-bab6-4662-8ee0-d2bbf51786f4,https://inaturalist-open-data.s3.amazonaws.com/photos/6490340/medium.jpeg,14850,European Starling,data/new_raw/images/59260925-bab6-4662-8ee0-d2bbf51786f4.jpg
fa9324db-3ca2-45d7-9757-beff9a7ecfb1,https://inaturalist-open-data.s3.amazonaws.com/photos/6490515/medium.jpeg,8021,American Crow,data/new_raw/images/fa9324db-3ca2-45d7-9757-beff9a7ecfb1.jpg
cc43c7f9-0245-4d8d-8088-caae0262d8d8,https://inaturalist-open-data.s3.amazonaws.com/photos/6490536/medium.jpeg,10094,Dark-eyed Junco,data/new_raw/images/cc43c7f9-0245-4d8d-8088-caae0262d8d8.jpg
22e388d1-baf5-4741-9a3a-5dee103cee9b,https://inaturalist-open-data.s3.amazonaws.com/photos/6490554/medium.jpeg,144815,Black-capped Chickadee,data/new_raw/images/22e388d1-baf5-4741-9a3a-5dee103cee9b.jpg
c913edad-e1e4-4a7b-94d0-42e2e85abcc5,https://inaturalist-open-data.s3.amazonaws.com/photos/6490563/medium.jpeg,18205,Red-bellied Woodpecker,data/new_raw/images/c913edad-e1e4-4a7b-94d0-42e2e85abcc5.jpg
f53fa95d-388f-419d-b179-05f87bcdfab3,https://inaturalist-open-data.s3.amazonaws.com/photos/6490614/medium.jpeg,145310,American Goldfinch,data/new_raw/images/f53fa95d-388f-419d-b179-05f87bcdfab3.jpg
e53bf2f8-d172-4ee2-a2ac-85503c63f0ea,https://inaturalist-open-data.s3.amazonaws.com/photos/6490679/medium.jpeg,1578489,American Herring Gull,data/new_raw/images/e53bf2f8-d172-4ee2-a2ac-85503c63f0ea.jpg
0069b0b4-cf5f-4d59-8e9c-ef824ca9119e,https://inaturalist-open-data.s3.amazonaws.com/photos/6490804/medium.jpeg,9083,Northern Cardinal,data/new_raw/images/0069b0b4-cf5f-4d59-8e9c-ef824ca9119e.jpg
3501a04f-c3d8-4d39-800c-0833406d0790,https://inaturalist-open-data.s3.amazonaws.com/photos/6490812/medium.jpeg,792988,Downy Woodpecker,data/new_raw/images/3501a04f-c3d8-4d39-800c-0833406d0790.jpg
9163dd6a-fd22-48ca-8f38-28291b92eef4,https://inaturalist-open-data.s3.amazonaws.com/photos/6490838/medium.jpeg,4364,Ring-billed Gull,data/new_raw/images/9163dd6a-fd22-48ca-8f38-28291b92eef4.jpg
55cfc9f8-0569-42a1-834f-f7d3869ba20c,https://inaturalist-open-data.s3.amazonaws.com/photos/6490737/medium.jpeg,40509,Big Brown Bat,data/new_raw/images/55cfc9f8-0569-42a1-834f-f7d3869ba20c.jpg
843f4eb4-e815-41dd-8b61-eeb769975893,https://inaturalist-open-data.s3.amazonaws.com/photos/6490850/medium.jpeg,9100,Song Sparrow,data/new_raw/images/843f4eb4-e815-41dd-8b61-eeb769975893.jpg
4157d509-16ed-41db-bc1e-eb1acd547e52,https://inaturalist-open-data.s3.amazonaws.com/photos/6490929/medium.jpeg,474210,American Tree Sparrow,data/new_raw/images/4157d509-16ed-41db-bc1e-eb1acd547e52.jpg
4f848d99-ba5a-4581-a397-d0168afc2e6e,https://inaturalist-open-data.s3.amazonaws.com/photos/6499880/medium.jpeg,46017,Eastern Gray Squirrel,data/new_raw/images/4f848d99-ba5a-4581-a397-d0168afc2e6e.jpg
3d31548c-6568-4246-9ef0-57f5eeee48ee,https://static.inaturalist.org/photos/6499902/medium.jpeg,46017,Eastern Gray Squirrel,data/new_raw/images/3d31548c-6568-4246-9ef0-57f5eeee48ee.jpg
8884fc74-e57f-4b06-ae9b-b7ea95718322,https://static.inaturalist.org/photos/6499884/medium.jpg,792976,Dryobates Woodpeckers,data/new_raw/images/8884fc74-e57f-4b06-ae9b-b7ea95718322.jpg
f9437cb8-80ae-4869-a7dc-052e751e0005,https://static.inaturalist.org/photos/6499908/medium.jpeg,46017,Eastern Gray Squirrel,data/new_raw/images/f9437cb8-80ae-4869-a7dc-052e751e0005.jpg
30c9ee71-f513-4a56-b947-957ec5880bde,https://inaturalist-open-data.s3.amazonaws.com/photos/6499918/medium.jpeg,46017,Eastern Gray Squirrel,data/new_raw/images/30c9ee71-f513-4a56-b947-957ec5880bde.jpg
45ee7b01-d542-44b3-948b-a5eaf847f697,https://static.inaturalist.org/photos/6499986/medium.jpeg,43111,Eastern Cottontail,data/new_raw/images/45ee7b01-d542-44b3-948b-a5eaf847f697.jpg
7c4b963a-14e3-4f40-8e1f-0b076983156a,https://static.inaturalist.org/photos/6499980/medium.jpg,46017,Eastern Gray Squirrel,data/new_raw/images/7c4b963a-14e3-4f40-8e1f-0b076983156a.jpg
61b4d4f7-e241-4d93-bd4b-7c04cc2dcb1a,https://static.inaturalist.org/photos/6499984/medium.jpg,792988,Downy Woodpecker,data/new_raw/images/61b4d4f7-e241-4d93-bd4b-7c04cc2dcb1a.jpg
e5e99cc7-19c8-46de-ae99-1c788b2f8c5b,https://static.inaturalist.org/photos/6499987/medium.jpg,792988,Downy Woodpecker,data/new_raw/images/e5e99cc7-19c8-46de-ae99-1c788b2f8c5b.jpg
409b9966-da9c-4e21-a4c0-ac974c8df4b5,https://static.inaturalist.org/photos/6499993/medium.jpg,792988,Downy Woodpecker,data/new_raw/images/409b9966-da9c-4e21-a4c0-ac974c8df4b5.jpg
1a6632e8-0965-47ed-aa69-4e2a817ab661,https://inaturalist-open-data.s3.amazonaws.com/photos/6500033/medium.jpeg,13858,House Sparrow,data/new_raw/images/1a6632e8-0965-47ed-aa69-4e2a817ab661.jpg
a2573972-c7ae-4005-8ec8-0eca70eba11e,https://static.inaturalist.org/photos/6500059/medium.jpeg,7089,Canada Goose,data/new_raw/images/a2573972-c7ae-4005-8ec8-0eca70eba11e.jpg
58444e64-df22-4fe8-8df1-281c65300ac9,https://static.inaturalist.org/photos/6500587/medium.jpeg,6930,Mallard,data/new_raw/images/58444e64-df22-4fe8-8df1-281c65300ac9.jpg
c4da0900-db02-4d3b-84ea-7143a74a7b54,https://static.inaturalist.org/photos/6501115/medium.jpeg,7089,Canada Goose,data/new_raw/images/c4da0900-db02-4d3b-84ea-7143a74a7b54.jpg
ecf3cc84-5bbe-4e96-b8d1-70088bd861bf,https://static.inaturalist.org/photos/6500661/medium.jpeg,7251,Perching Birds,data/new_raw/images/ecf3cc84-5bbe-4e96-b8d1-70088bd861bf.jpg
60f768c3-1ecc-4e7d-8f16-dd6b808bb2b4,https://static.inaturalist.org/photos/6500694/medium.jpeg,46017,Eastern Gray Squirrel,data/new_raw/images/60f768c3-1ecc-4e7d-8f16-dd6b808bb2b4.jpg
09c4d78a-954b-4657-8560-4e6c920b4622,https://static.inaturalist.org/photos/6500706/medium.jpeg,7089,Canada Goose,data/new_raw/images/09c4d78a-954b-4657-8560-4e6c920b4622.jpg
35ce5886-11a5-400a-858b-9dce1acec7ac,https://static.inaturalist.org/photos/6512758/medium.jpeg,9083,Northern Cardinal,data/new_raw/images/35ce5886-11a5-400a-858b-9dce1acec7ac.jpg
c323d5c1-1502-4184-8a61-00ded5eda245,https://static.inaturalist.org/photos/6507770/medium.jpeg,120479,Domestic Greylag Goose,data/new_raw/images/c323d5c1-1502-4184-8a61-00ded5eda245.jpg
be71ace4-deef-4e4f-830a-16f17bcf1c31,https://static.inaturalist.org/photos/6511406/medium.jpg,120479,Domestic Greylag Goose,data/new_raw/images/be71ace4-deef-4e4f-830a-16f17bcf1c31.jpg
03b6fd4a-4a4d-4fdc-855b-63b586859c01,https://inaturalist-open-data.s3.amazonaws.com/photos/6518514/medium.jpeg,4364,Ring-billed Gull,data/new_raw/images/03b6fd4a-4a4d-4fdc-855b-63b586859c01.jpg
8908ed67-ae64-41b4-87d3-b8c534a92e12,https://static.inaturalist.org/photos/6518999/medium.jpeg,7107,Wood Duck,data/new_raw/images/8908ed67-ae64-41b4-87d3-b8c534a92e12.jpg
657189b2-a4f9-478e-8b89-1e0b1936d94f,https://static.inaturalist.org/photos/6519059/medium.jpeg,236935,Domestic Mallard,data/new_raw/images/657189b2-a4f9-478e-8b89-1e0b1936d94f.jpg
db137c5d-60fe-4c2b-b9d0-9a1c69128513,https://static.inaturalist.org/photos/6519114/medium.jpeg,12727,American Robin,data/new_raw/images/db137c5d-60fe-4c2b-b9d0-9a1c69128513.jpg
d55a0f36-dde5-4a95-a342-4c00ca037315,https://static.inaturalist.org/photos/6519191/medium.jpeg,132764,Slate-colored Junco,data/new_raw/images/d55a0f36-dde5-4a95-a342-4c00ca037315.jpg
e5b328be-a05e-404d-84a5-84419a889940,https://static.inaturalist.org/photos/6519714/medium.jpeg,13858,House Sparrow,data/new_raw/images/e5b328be-a05e-404d-84a5-84419a889940.jpg
b3346a9b-e873-4595-ac31-392553892e45,https://static.inaturalist.org/photos/6519802/medium.jpeg,9083,Northern Cardinal,data/new_raw/images/b3346a9b-e873-4595-ac31-392553892e45.jpg
50b9c585-43fe-4268-bbee-57b83871964e,https://static.inaturalist.org/photos/6519812/medium.jpeg,9602,Common Grackle,data/new_raw/images/50b9c585-43fe-4268-bbee-57b83871964e.jpg
ba29e349-24d4-4ce4-bb86-c9c2b6d4aab6,https://static.inaturalist.org/photos/6519818/medium.jpeg,9083,Northern Cardinal,data/new_raw/images/ba29e349-24d4-4ce4-bb86-c9c2b6d4aab6.jpg
fe1fd176-481d-4158-a8f0-0f15be5af320,https://static.inaturalist.org/photos/6519838/medium.jpeg,7089,Canada Goose,data/new_raw/images/fe1fd176-481d-4158-a8f0-0f15be5af320.jpg
a19ce1c4-3f0c-473c-a907-da838a324d22,https://inaturalist-open-data.s3.amazonaws.com/photos/6520773/medium.jpeg,9528,Eastern Meadowlark,data/new_raw/images/a19ce1c4-3f0c-473c-a907-da838a324d22.jpg
601dee8f-e79e-468f-a388-4b1f61dbc4d8,https://inaturalist-open-data.s3.amazonaws.com/photos/6520776/medium.jpeg,558439,Gadwall,data/new_raw/images/601dee8f-e79e-468f-a388-4b1f61dbc4d8.jpg
88a0edaf-1859-4330-8bdc-43404ec1f675,https://inaturalist-open-data.s3.amazonaws.com/photos/6520778/medium.jpeg,4209,Horned Grebe,data/new_raw/images/88a0edaf-1859-4330-8bdc-43404ec1f675.jpg
a1ac62ba-c84b-42f4-8bc6-331e1d9dade1,https://inaturalist-open-data.s3.amazonaws.com/photos/6520781/medium.jpeg,6924,American Black Duck,data/new_raw/images/a1ac62ba-c84b-42f4-8bc6-331e1d9dade1.jpg
c34f85b7-0b8b-4cbc-a0e4-4f2280552d96,https://inaturalist-open-data.s3.amazonaws.com/photos/6528841/medium.jpeg,558426,Snow Goose,data/new_raw/images/c34f85b7-0b8b-4cbc-a0e4-4f2280552d96.jpg
287395a6-e4dd-4c0f-8cb4-aa91cdfc294d,https://inaturalist-open-data.s3.amazonaws.com/photos/6528860/medium.jpeg,4793,Killdeer,data/new_raw/images/287395a6-e4dd-4c0f-8cb4-aa91cdfc294d.jpg
98ea8c6e-ef7c-4dfa-818b-00d0a97fcbdd,https://static.inaturalist.org/photos/6529534/medium.jpeg,18205,Red-bellied Woodpecker,data/new_raw/images/98ea8c6e-ef7c-4dfa-818b-00d0a97fcbdd.jpg
c3275250-24b1-4d14-8b45-ba3e819dff1d,https://static.inaturalist.org/photos/6530666/medium.jpeg,4364,Ring-billed Gull,data/new_raw/images/c3275250-24b1-4d14-8b45-ba3e819dff1d.jpg
9bb984d9-c43d-4569-b863-7b3bd44789f1,https://static.inaturalist.org/photos/6530674/medium.jpeg,7107,Wood Duck,data/new_raw/images/9bb984d9-c43d-4569-b863-7b3bd44789f1.jpg
e8b34853-71a7-4362-bb37-1556426341b3,https://inaturalist-open-data.s3.amazonaws.com/photos/6533627/medium.jpg,850859,Ruddy Duck,data/new_raw/images/e8b34853-71a7-4362-bb37-1556426341b3.jpg
83f98657-7335-4b9c-b263-76c7224ce96e,https://static.inaturalist.org/photos/6543076/medium.jpeg,9083,Northern Cardinal,data/new_raw/images/83f98657-7335-4b9c-b263-76c7224ce96e.jpg
596e8d97-2f83-4dd0-9d7c-55e3f816b480,https://inaturalist-open-data.s3.amazonaws.com/photos/6554319/medium.jpeg,14850,European Starling,data/new_raw/images/596e8d97-2f83-4dd0-9d7c-55e3f816b480.jpg
e60ea0ec-a90b-45a4-ab8b-67275da538e9,https://inaturalist-open-data.s3.amazonaws.com/photos/6554361/medium.jpeg,12727,American Robin,data/new_raw/images/e60ea0ec-a90b-45a4-ab8b-67275da538e9.jpg
0d7e52fc-3d7e-4328-bada-4e1d730a9e4d,https://inaturalist-open-data.s3.amazonaws.com/photos/6555811/medium.jpeg,44395,White-footed Mouse,data/new_raw/images/0d7e52fc-3d7e-4328-bada-4e1d730a9e4d.jpg
db3415d4-9b23-43ef-b48e-c70a8bff86dd,https://inaturalist-open-data.s3.amazonaws.com/photos/6556017/medium.jpeg,6930,Mallard,data/new_raw/images/db3415d4-9b23-43ef-b48e-c70a8bff86dd.jpg
36877878-0d98-4c56-93ba-f342ca70c1fc,https://inaturalist-open-data.s3.amazonaws.com/photos/6556023/medium.jpeg,43111,Eastern Cottontail,data/new_raw/images/36877878-0d98-4c56-93ba-f342ca70c1fc.jpg
ed344a02-57c6-49d0-a709-480ea4530e0d,https://inaturalist-open-data.s3.amazonaws.com/photos/6556119/medium.jpeg,42051,Coyote,data/new_raw/images/ed344a02-57c6-49d0-a709-480ea4530e0d.jpg
c77c81e7-4f17-4a27-ad4d-d5c9dcc5b86e,https://inaturalist-open-data.s3.amazonaws.com/photos/6556160/medium.jpeg,6930,Mallard,data/new_raw/images/c77c81e7-4f17-4a27-ad4d-d5c9dcc5b86e.jpg
8df3d687-768e-46bb-ad10-10c427632a53,https://inaturalist-open-data.s3.amazonaws.com/photos/6556216/medium.jpeg,42051,Coyote,data/new_raw/images/8df3d687-768e-46bb-ad10-10c427632a53.jpg
19d34995-6252-45e4-b256-cef5214e618f,https://inaturalist-open-data.s3.amazonaws.com/photos/6556234/medium.jpg,144815,Black-capped Chickadee,data/new_raw/images/19d34995-6252-45e4-b256-cef5214e618f.jpg
2396b775-aa8d-4cc3-9c17-f31be2aacb3c,https://static.inaturalist.org/photos/6556247/medium.jpg,7089,Canada Goose,data/new_raw/images/2396b775-aa8d-4cc3-9c17-f31be2aacb3c.jpg
9742dad3-ed2c-42ab-bf44-50acb70e2a24,https://static.inaturalist.org/photos/6556252/medium.jpeg,7089,Canada Goose,data/new_raw/images/9742dad3-ed2c-42ab-bf44-50acb70e2a24.jpg
3e5f7738-3d7c-4081-9835-fdb276db505c,https://static.inaturalist.org/photos/6556263/medium.jpeg,9744,Red-winged Blackbird,data/new_raw/images/3e5f7738-3d7c-4081-9835-fdb276db505c.jpg
e6ccf123-f710-49f0-961f-46f5f18ce9d8,https://inaturalist-open-data.s3.amazonaws.com/photos/6556248/medium.jpeg,7089,Canada Goose,data/new_raw/images/e6ccf123-f710-49f0-961f-46f5f18ce9d8.jpg
d5c4842e-63a8-44cd-b498-89a5ded910dc,https://inaturalist-open-data.s3.amazonaws.com/photos/6556249/medium.jpeg,9744,Red-winged Blackbird,data/new_raw/images/d5c4842e-63a8-44cd-b498-89a5ded910dc.jpg
7ddea840-a44e-4f21-90ef-b826b666f70b,https://inaturalist-open-data.s3.amazonaws.com/photos/6556250/medium.jpeg,144815,Black-capped Chickadee,data/new_raw/images/7ddea840-a44e-4f21-90ef-b826b666f70b.jpg
955aba64-550a-47f3-a96b-20f851d239fe,https://static.inaturalist.org/photos/6556256/medium.jpg,9602,Common Grackle,data/new_raw/images/955aba64-550a-47f3-a96b-20f851d239fe.jpg
9aa557aa-801a-4507-8508-6f204db89072,https://static.inaturalist.org/photos/6556257/medium.jpg,10094,Dark-eyed Junco,data/new_raw/images/9aa557aa-801a-4507-8508-6f204db89072.jpg
8468e5d0-e889-453e-8aba-3798dc56282d,https://static.inaturalist.org/photos/6556297/medium.jpg,144815,Black-capped Chickadee,data/new_raw/images/8468e5d0-e889-453e-8aba-3798dc56282d.jpg
af6f37d7-357e-4872-9c9a-040c605ac0b1,https://static.inaturalist.org/photos/6556308/medium.jpg,9744,Red-winged Blackbird,data/new_raw/images/af6f37d7-357e-4872-9c9a-040c605ac0b1.jpg
fbb2640d-a922-4d2e-8705-60d756a77aab,https://static.inaturalist.org/photos/6556290/medium.jpg,9744,Red-winged Blackbird,data/new_raw/images/fbb2640d-a922-4d2e-8705-60d756a77aab.jpg
23428d70-6fe7-49a4-8122-bfce67f3ba86,https://static.inaturalist.org/photos/6556325/medium.jpg,144815,Black-capped Chickadee,data/new_raw/images/23428d70-6fe7-49a4-8122-bfce67f3ba86.jpg
ce0c87df-be96-49aa-9fe1-636a088b1f10,https://static.inaturalist.org/photos/6556332/medium.jpeg,144815,Black-capped Chickadee,data/new_raw/images/ce0c87df-be96-49aa-9fe1-636a088b1f10.jpg
a693e156-11e7-41e9-b950-d81d08ecb74a,https://inaturalist-open-data.s3.amazonaws.com/photos/6556423/medium.jpeg,41663,Common Raccoon,data/new_raw/images/a693e156-11e7-41e9-b950-d81d08ecb74a.jpg
7bcf5a1a-1cbf-44a2-8192-3e93a86a8db3,https://inaturalist-open-data.s3.amazonaws.com/photos/6556829/medium.jpeg,6930,Mallard,data/new_raw/images/7bcf5a1a-1cbf-44a2-8192-3e93a86a8db3.jpg
7fbe3128-e291-4cfd-87c4-6e17c0292f95,https://inaturalist-open-data.s3.amazonaws.com/photos/6593236/medium.jpg,7428,Cedar Waxwing,data/new_raw/images/7fbe3128-e291-4cfd-87c4-6e17c0292f95.jpg
cede45d2-1850-48b7-bd2f-dc252f67179d,https://static.inaturalist.org/photos/6595791/medium.jpeg,41880,Striped Skunk,data/new_raw/images/cede45d2-1850-48b7-bd2f-dc252f67179d.jpg
80348e4e-15c8-4c6f-9b9d-2b36534eb970,https://static.inaturalist.org/photos/6598856/medium.jpeg,144815,Black-capped Chickadee,data/new_raw/images/80348e4e-15c8-4c6f-9b9d-2b36534eb970.jpg
11f2df29-940e-4fa9-bc42-fada8f2dffa8,https://static.inaturalist.org/photos/6599819/medium.jpeg,792988,Downy Woodpecker,data/new_raw/images/11f2df29-940e-4fa9-bc42-fada8f2dffa8.jpg
f1af1352-9de9-4f34-b2a6-1021fd8f3cb2,https://inaturalist-open-data.s3.amazonaws.com/photos/6620542/medium.jpeg,9602,Common Grackle,data/new_raw/images/f1af1352-9de9-4f34-b2a6-1021fd8f3cb2.jpg
8455148f-2d33-451e-bf50-051a642192d5,https://inaturalist-open-data.s3.amazonaws.com/photos/6620552/medium.jpg,44576,Brown Rat,data/new_raw/images/8455148f-2d33-451e-bf50-051a642192d5.jpg
5ac8e2ca-073a-4472-a612-09d67fb474d9,https://inaturalist-open-data.s3.amazonaws.com/photos/6620545/medium.jpg,46017,Eastern Gray Squirrel,data/new_raw/images/5ac8e2ca-073a-4472-a612-09d67fb474d9.jpg
33c8b5c7-e920-4677-a843-82df348647a5,https://static.inaturalist.org/photos/6621571/medium.jpeg,46017,Eastern Gray Squirrel,data/new_raw/images/33c8b5c7-e920-4677-a843-82df348647a5.jpg
49ae5c0f-19a2-4c3b-93a2-d3f3200db5d3,https://static.inaturalist.org/photos/6621584/medium.jpeg,6930,Mallard,data/new_raw/images/49ae5c0f-19a2-4c3b-93a2-d3f3200db5d3.jpg
40ed3702-bc00-45d7-8b44-ee88bcb1a0db,https://static.inaturalist.org/photos/6621587/medium.jpeg,6930,Mallard,data/new_raw/images/40ed3702-bc00-45d7-8b44-ee88bcb1a0db.jpg
776bb64f-2958-4c26-ad37-e1ab4cfb092b,https://static.inaturalist.org/photos/6621597/medium.jpeg,6930,Mallard,data/new_raw/images/776bb64f-2958-4c26-ad37-e1ab4cfb092b.jpg
77bfa9ec-f0a1-41b3-8ad9-80948fb5eac6,https://static.inaturalist.org/photos/6621603/medium.jpeg,7089,Canada Goose,data/new_raw/images/77bfa9ec-f0a1-41b3-8ad9-80948fb5eac6.jpg
549f512c-ea82-4120-9829-1e42d0ae12de,https://static.inaturalist.org/photos/6621608/medium.jpeg,7089,Canada Goose,data/new_raw/images/549f512c-ea82-4120-9829-1e42d0ae12de.jpg
1b11994e-5662-459b-8e30-4e8fc1812ce3,https://static.inaturalist.org/photos/6634445/medium.jpeg,4364,Ring-billed Gull,data/new_raw/images/1b11994e-5662-459b-8e30-4e8fc1812ce3.jpg
fc60e0b2-3512-46a5-ba3c-5f1727d9e02c,https://inaturalist-open-data.s3.amazonaws.com/photos/6637905/medium.jpeg,199840,House Finch,data/new_raw/images/fc60e0b2-3512-46a5-ba3c-5f1727d9e02c.jpg
2e6efd20-afe4-4a6f-bb85-9a9a2222d9cc,https://inaturalist-open-data.s3.amazonaws.com/photos/6639849/medium.jpeg,122767,Feral Pigeon,data/new_raw/images/2e6efd20-afe4-4a6f-bb85-9a9a2222d9cc.jpg
4608e44e-6636-4c43-ac48-563005ace985,https://inaturalist-open-data.s3.amazonaws.com/photos/6650738/medium.jpeg,3936,American Woodcock,data/new_raw/images/4608e44e-6636-4c43-ac48-563005ace985.jpg
6eee8861-22b8-450d-a0e9-5016da1d0d44,https://static.inaturalist.org/photos/6651315/medium.jpeg,4364,Ring-billed Gull,data/new_raw/images/6eee8861-22b8-450d-a0e9-5016da1d0d44.jpg
0799e85b-5a90-45f2-83d5-af4e541aa6a5,https://static.inaturalist.org/photos/6651303/medium.jpeg,9083,Northern Cardinal,data/new_raw/images/0799e85b-5a90-45f2-83d5-af4e541aa6a5.jpg
5acb1e7a-040d-4581-9be1-15c576b0704e,https://static.inaturalist.org/photos/6651308/medium.jpeg,7089,Canada Goose,data/new_raw/images/5acb1e7a-040d-4581-9be1-15c576b0704e.jpg
3bff986f-f52d-48b7-bd74-e07317341ab1,https://static.inaturalist.org/photos/6651299/medium.jpeg,199840,House Finch,data/new_raw/images/3bff986f-f52d-48b7-bd74-e07317341ab1.jpg
8af26e87-69e2-4237-b031-a92ea1fc8316,https://inaturalist-open-data.s3.amazonaws.com/photos/6651817/medium.jpeg,558426,Snow Goose,data/new_raw/images/8af26e87-69e2-4237-b031-a92ea1fc8316.jpg
bab64548-3cce-413b-ba9f-6568a4cf6e9e,https://inaturalist-open-data.s3.amazonaws.com/photos/6652201/medium.jpeg,7089,Canada Goose,data/new_raw/images/bab64548-3cce-413b-ba9f-6568a4cf6e9e.jpg
bbd23a78-88c2-4247-92ce-8050a41d8795,https://inaturalist-open-data.s3.amazonaws.com/photos/6652969/medium.jpeg,7089,Canada Goose,data/new_raw/images/bbd23a78-88c2-4247-92ce-8050a41d8795.jpg
ae8c3140-1601-4566-bcd2-f143c709ff0f,https://inaturalist-open-data.s3.amazonaws.com/photos/6657050/medium.jpeg,12727,American Robin,data/new_raw/images/ae8c3140-1601-4566-bcd2-f143c709ff0f.jpg
6cb3b6df-a826-4a00-91ac-028f600b6b11,https://inaturalist-open-data.s3.amazonaws.com/photos/6657418/medium.jpeg,9100,Song Sparrow,data/new_raw/images/6cb3b6df-a826-4a00-91ac-028f600b6b11.jpg
e5566654-784d-47eb-947b-b7dfb902a1e4,https://inaturalist-open-data.s3.amazonaws.com/photos/6657420/medium.jpeg,9602,Common Grackle,data/new_raw/images/e5566654-784d-47eb-947b-b7dfb902a1e4.jpg
40069ee9-0fe3-4ecc-bfb8-12fbd43a6eef,https://inaturalist-open-data.s3.amazonaws.com/photos/6657421/medium.jpeg,7089,Canada Goose,data/new_raw/images/40069ee9-0fe3-4ecc-bfb8-12fbd43a6eef.jpg
920fa964-22c0-446e-935f-7bbc7923dc17,https://inaturalist-open-data.s3.amazonaws.com/photos/6657419/medium.jpeg,1579017,Cooper's Hawk,data/new_raw/images/920fa964-22c0-446e-935f-7bbc7923dc17.jpg
028bb21a-865d-47c2-8e94-4d72798a3469,https://inaturalist-open-data.s3.amazonaws.com/photos/6657423/medium.jpeg,13858,House Sparrow,data/new_raw/images/028bb21a-865d-47c2-8e94-4d72798a3469.jpg
031a1329-4d29-42ec-a4a5-623abc08b8d4,https://inaturalist-open-data.s3.amazonaws.com/photos/6657424/medium.jpeg,7107,Wood Duck,data/new_raw/images/031a1329-4d29-42ec-a4a5-623abc08b8d4.jpg
7c44a76a-d112-49f1-b082-716dd8da67c2,https://inaturalist-open-data.s3.amazonaws.com/photos/6657425/medium.jpeg,2548,Belted Kingfisher,data/new_raw/images/7c44a76a-d112-49f1-b082-716dd8da67c2.jpg
6fc51a23-0f6f-47f9-a1b2-1054d8710cd7,https://inaturalist-open-data.s3.amazonaws.com/photos/6667222/medium.jpeg,9083,Northern Cardinal,data/new_raw/images/6fc51a23-0f6f-47f9-a1b2-1054d8710cd7.jpg
8e349579-6c89-408d-b9fc-5237714e8265,https://static.inaturalist.org/photos/6675234/medium.jpg,7458,Brown Creeper,data/new_raw/images/8e349579-6c89-408d-b9fc-5237714e8265.jpg
8f48ab6a-3b82-499e-a784-8566e5c6a5d2,https://static.inaturalist.org/photos/6675239/medium.jpg,12727,American Robin,data/new_raw/images/8f48ab6a-3b82-499e-a784-8566e5c6a5d2.jpg
412c7c07-d0b9-40de-8e84-d7ae29320435,https://static.inaturalist.org/photos/6675244/medium.jpg,7107,Wood Duck,data/new_raw/images/412c7c07-d0b9-40de-8e84-d7ae29320435.jpg
d7bb8e15-f423-4b8f-8875-25b762471eb9,https://inaturalist-open-data.s3.amazonaws.com/photos/6675605/medium.jpeg,11901,Barn Swallow,data/new_raw/images/d7bb8e15-f423-4b8f-8875-25b762471eb9.jpg
ff96320b-3b8d-45cd-9625-d0e4bccfe2e3,https://static.inaturalist.org/photos/6686433/medium.jpeg,7109,Hooded Merganser,data/new_raw/images/ff96320b-3b8d-45cd-9625-d0e4bccfe2e3.jpg
11d1ccfc-461d-4b5a-bc1b-26723572beaf,https://static.inaturalist.org/photos/6697186/medium.jpeg,1264432,American Mink,data/new_raw/images/11d1ccfc-461d-4b5a-bc1b-26723572beaf.jpg
94c91f9a-34bc-403b-be42-300c31b2feae,https://static.inaturalist.org/photos/6697577/medium.jpeg,9176,White-crowned Sparrow,data/new_raw/images/94c91f9a-34bc-403b-be42-300c31b2feae.jpg
f496a2c3-b2b0-40f2-9c81-748258e9fc6f,https://inaturalist-open-data.s3.amazonaws.com/photos/6713379/medium.jpeg,14801,White-breasted Nuthatch,data/new_raw/images/f496a2c3-b2b0-40f2-9c81-748258e9fc6f.jpg
1a096952-f8de-4223-a5a1-1717d231f77e,https://inaturalist-open-data.s3.amazonaws.com/photos/6715788/medium.jpeg,10373,Brown-headed Cowbird,data/new_raw/images/1a096952-f8de-4223-a5a1-1717d231f77e.jpg
51ad80dc-b869-4110-a09c-a494d56fe1dc,https://inaturalist-open-data.s3.amazonaws.com/photos/6715803/medium.jpeg,17008,Eastern Phoebe,data/new_raw/images/51ad80dc-b869-4110-a09c-a494d56fe1dc.jpg
9c1187bb-6502-40ca-962a-0d9421e499ea,https://inaturalist-open-data.s3.amazonaws.com/photos/6715784/medium.jpeg,558433,Blue-winged Teal,data/new_raw/images/9c1187bb-6502-40ca-962a-0d9421e499ea.jpg
cf87b826-139f-4d5a-b213-9396522b78b7,https://inaturalist-open-data.s3.amazonaws.com/photos/6718017/medium.jpeg,9083,Northern Cardinal,data/new_raw/images/cf87b826-139f-4d5a-b213-9396522b78b7.jpg
20275eaf-fdb6-43f0-930c-50b690882f3c,https://inaturalist-open-data.s3.amazonaws.com/photos/6729381/medium.jpg,3454,Mourning Dove,data/new_raw/images/20275eaf-fdb6-43f0-930c-50b690882f3c.jpg
aed75581-98ff-4680-927c-322b0d25faef,https://inaturalist-open-data.s3.amazonaws.com/photos/6732856/medium.jpg,4665,American Kestrel,data/new_raw/images/aed75581-98ff-4680-927c-322b0d25faef.jpg
0811f379-2a40-4db8-97aa-a1e9c5f368da,https://inaturalist-open-data.s3.amazonaws.com/photos/6732897/medium.jpg,6996,Red-breasted Merganser,data/new_raw/images/0811f379-2a40-4db8-97aa-a1e9c5f368da.jpg
3ad22a93-bb16-48c7-b407-e356074ea1b9,https://inaturalist-open-data.s3.amazonaws.com/photos/6732913/medium.jpg,4981,Black-crowned Night Heron,data/new_raw/images/3ad22a93-bb16-48c7-b407-e356074ea1b9.jpg
081c0e94-856a-44d1-8c9f-047a372548f6,https://inaturalist-open-data.s3.amazonaws.com/photos/6733038/medium.jpg,42051,Coyote,data/new_raw/images/081c0e94-856a-44d1-8c9f-047a372548f6.jpg
b05cf6f1-24d9-4a2c-ac12-382ae8a6f0d2,https://inaturalist-open-data.s3.amazonaws.com/photos/6733071/medium.jpg,20307,Long-eared Owl,data/new_raw/images/b05cf6f1-24d9-4a2c-ac12-382ae8a6f0d2.jpg
4467f7f8-0dc5-4d04-a8f0-aeeec1cfaddb,https://inaturalist-open-data.s3.amazonaws.com/photos/6742225/medium.jpeg,18236,Northern Flicker,data/new_raw/images/4467f7f8-0dc5-4d04-a8f0-aeeec1cfaddb.jpg
0f76b7d4-dee0-4552-9cba-779a5ff6d87f,https://inaturalist-open-data.s3.amazonaws.com/photos/6742219/medium.jpeg,132704,Myrtle Warbler,data/new_raw/images/0f76b7d4-dee0-4552-9cba-779a5ff6d87f.jpg
5099c285-19e8-4be1-a9b4-4d53e213c620,https://inaturalist-open-data.s3.amazonaws.com/photos/6742222/medium.jpeg,6993,Bufflehead,data/new_raw/images/5099c285-19e8-4be1-a9b4-4d53e213c620.jpg
8a307d00-20ec-469f-8629-3b6dc6032f52,https://inaturalist-open-data.s3.amazonaws.com/photos/6742893/medium.jpeg,3936,American Woodcock,data/new_raw/images/8a307d00-20ec-469f-8629-3b6dc6032f52.jpg
eeb45143-dee2-45c0-9390-0c92cf3ee7b4,https://inaturalist-open-data.s3.amazonaws.com/photos/6745690/medium.jpeg,494355,Eastern Red-tailed Hawk,data/new_raw/images/eeb45143-dee2-45c0-9390-0c92cf3ee7b4.jpg
4b407202-02d9-4993-9154-6ba72e67343c,https://inaturalist-open-data.s3.amazonaws.com/photos/6750870/medium.jpeg,494355,Eastern Red-tailed Hawk,data/new_raw/images/4b407202-02d9-4993-9154-6ba72e67343c.jpg
1c2a4209-d8e9-4e31-aa2e-ee5b061ed3ae,https://inaturalist-open-data.s3.amazonaws.com/photos/6763331/medium.jpeg,7458,Brown Creeper,data/new_raw/images/1c2a4209-d8e9-4e31-aa2e-ee5b061ed3ae.jpg
ae8e58ca-23e9-43b3-a6be-f6b15056623a,https://static.inaturalist.org/photos/6779824/medium.jpeg,2548,Belted Kingfisher,data/new_raw/images/ae8e58ca-23e9-43b3-a6be-f6b15056623a.jpg
c544ad2d-23f6-4ada-97e5-2e245daacce3,https://inaturalist-open-data.s3.amazonaws.com/photos/6790505/medium.jpeg,43111,Eastern Cottontail,data/new_raw/images/c544ad2d-23f6-4ada-97e5-2e245daacce3.jpg
a942571b-e05e-4b12-9085-056206d62246,https://inaturalist-open-data.s3.amazonaws.com/photos/6812631/medium.jpg,1579017,Cooper's Hawk,data/new_raw/images/a942571b-e05e-4b12-9085-056206d62246.jpg
042d25ff-8e9e-4215-9056-5ce73397af60,https://inaturalist-open-data.s3.amazonaws.com/photos/6826953/medium.jpeg,1264432,American Mink,data/new_raw/images/042d25ff-8e9e-4215-9056-5ce73397af60.jpg
ae65531d-8911-4199-927b-7551a0be1f3d,https://inaturalist-open-data.s3.amazonaws.com/photos/6828767/medium.jpeg,3936,American Woodcock,data/new_raw/images/ae65531d-8911-4199-927b-7551a0be1f3d.jpg
d1710b8f-be88-46d5-a4b0-fb5f343e46e2,https://inaturalist-open-data.s3.amazonaws.com/photos/6844272/medium.jpg,14801,White-breasted Nuthatch,data/new_raw/images/d1710b8f-be88-46d5-a4b0-fb5f343e46e2.jpg
d4fc32ae-8126-4a36-b31b-a6b4ff103c7d,https://inaturalist-open-data.s3.amazonaws.com/photos/6844274/medium.jpg,9156,Fox Sparrow,data/new_raw/images/d4fc32ae-8126-4a36-b31b-a6b4ff103c7d.jpg
455870c0-ba13-44ba-ab4a-d8db5071a83c,https://inaturalist-open-data.s3.amazonaws.com/photos/6844273/medium.jpg,10094,Dark-eyed Junco,data/new_raw/images/455870c0-ba13-44ba-ab4a-d8db5071a83c.jpg
5ae066a5-86b5-4b94-814d-1c97400979fb,https://inaturalist-open-data.s3.amazonaws.com/photos/6844271/medium.jpg,7458,Brown Creeper,data/new_raw/images/5ae066a5-86b5-4b94-814d-1c97400979fb.jpg
fd0b2940-3110-4ced-b76c-85c8ccae30ef,https://inaturalist-open-data.s3.amazonaws.com/photos/6844275/medium.jpg,9744,Red-winged Blackbird,data/new_raw/images/fd0b2940-3110-4ced-b76c-85c8ccae30ef.jpg
3a64e464-4594-4ee0-8a96-614d79a630a9,https://inaturalist-open-data.s3.amazonaws.com/photos/6845239/medium.jpeg,145310,American Goldfinch,data/new_raw/images/3a64e464-4594-4ee0-8a96-614d79a630a9.jpg
0f7c97a7-9b41-4255-a7d4-0f9358fd77b5,https://static.inaturalist.org/photos/6845989/medium.jpeg,4756,Turkey Vulture,data/new_raw/images/0f7c97a7-9b41-4255-a7d4-0f9358fd77b5.jpg
eb4f4cdf-49c8-425c-b8d1-8c510419c53d,https://inaturalist-open-data.s3.amazonaws.com/photos/6849161/medium.jpeg,144815,Black-capped Chickadee,data/new_raw/images/eb4f4cdf-49c8-425c-b8d1-8c510419c53d.jpg
5f8db0bc-fe68-4c09-b795-b6a5c110da9a,https://static.inaturalist.org/photos/6851073/medium.png,9083,Northern Cardinal,data/new_raw/images/5f8db0bc-fe68-4c09-b795-b6a5c110da9a.jpg
f9673776-f39f-4303-8ecb-d66ffd31eca5,https://static.inaturalist.org/photos/6851157/medium.png,1579017,Cooper's Hawk,data/new_raw/images/f9673776-f39f-4303-8ecb-d66ffd31eca5.jpg
c2d9dd0d-6f6c-416f-8d18-eba260779341,https://static.inaturalist.org/photos/6851186/medium.jpg,3454,Mourning Dove,data/new_raw/images/c2d9dd0d-6f6c-416f-8d18-eba260779341.jpg
76e7aa41-21ad-4ad6-88b2-9cb52bf2a748,https://inaturalist-open-data.s3.amazonaws.com/photos/6867855/medium.jpg,117100,Golden-crowned Kinglet,data/new_raw/images/76e7aa41-21ad-4ad6-88b2-9cb52bf2a748.jpg
e7aef893-738e-4921-8878-c063b5f540cb,https://inaturalist-open-data.s3.amazonaws.com/photos/6868187/medium.jpg,4665,American Kestrel,data/new_raw/images/e7aef893-738e-4921-8878-c063b5f540cb.jpg
eda22d2d-2d00-4269-ad65-dcf39f37beb6,https://inaturalist-open-data.s3.amazonaws.com/photos/6871007/medium.jpeg,9528,Eastern Meadowlark,data/new_raw/images/eda22d2d-2d00-4269-ad65-dcf39f37beb6.jpg
10e361ca-fc01-4f59-b683-2c5e0cacba34,https://inaturalist-open-data.s3.amazonaws.com/photos/6871008/medium.jpeg,9535,Western Meadowlark,data/new_raw/images/10e361ca-fc01-4f59-b683-2c5e0cacba34.jpg
19cf92a1-f523-460c-a540-f4eb30a12819,https://static.inaturalist.org/photos/6878798/medium.jpg,117100,Golden-crowned Kinglet,data/new_raw/images/19cf92a1-f523-460c-a540-f4eb30a12819.jpg
bfcc3ca7-a089-4a50-a0ae-17ee8d03367f,https://static.inaturalist.org/photos/6892439/medium.jpeg,6996,Red-breasted Merganser,data/new_raw/images/bfcc3ca7-a089-4a50-a0ae-17ee8d03367f.jpg
e305713f-a9e3-4a8f-b7b0-4690e3a8c833,https://inaturalist-open-data.s3.amazonaws.com/photos/6896862/medium.jpeg,44540,Old World Rats,data/new_raw/images/e305713f-a9e3-4a8f-b7b0-4690e3a8c833.jpg
52960d84-2dfa-4860-bf60-b77404bdad63,https://static.inaturalist.org/photos/6907270/medium.jpg,122767,Feral Pigeon,data/new_raw/images/52960d84-2dfa-4860-bf60-b77404bdad63.jpg
baecc5d7-3843-460e-b7c6-4454bb92225f,https://static.inaturalist.org/photos/6909713/medium.jpg,43111,Eastern Cottontail,data/new_raw/images/baecc5d7-3843-460e-b7c6-4454bb92225f.jpg
f2633058-51b2-491f-8bd3-2d544783febc,https://inaturalist-open-data.s3.amazonaws.com/photos/6929453/medium.jpeg,6930,Mallard,data/new_raw/images/f2633058-51b2-491f-8bd3-2d544783febc.jpg
2c85d129-7c80-4eb1-92b6-419ee392fffd,https://static.inaturalist.org/photos/6933386/medium.jpg,13858,House Sparrow,data/new_raw/images/2c85d129-7c80-4eb1-92b6-419ee392fffd.jpg
835b9cfb-6f27-4996-a12a-ac23160d60f2,https://static.inaturalist.org/photos/6933431/medium.jpg,122767,Feral Pigeon,data/new_raw/images/835b9cfb-6f27-4996-a12a-ac23160d60f2.jpg
eaebb6de-5f12-40eb-b9a8-809ef1e31f74,https://static.inaturalist.org/photos/6933557/medium.jpg,6930,Mallard,data/new_raw/images/eaebb6de-5f12-40eb-b9a8-809ef1e31f74.jpg
227959ea-6c39-483a-855e-4830f094e7b7,https://inaturalist-open-data.s3.amazonaws.com/photos/6934549/medium.jpeg,7089,Canada Goose,data/new_raw/images/227959ea-6c39-483a-855e-4830f094e7b7.jpg
48835fb8-4c2b-4c6d-8dac-3b1b3e29e445,https://inaturalist-open-data.s3.amazonaws.com/photos/6934616/medium.jpeg,6930,Mallard,data/new_raw/images/48835fb8-4c2b-4c6d-8dac-3b1b3e29e445.jpg
a26e7235-d226-49fa-b018-1642a58fbca8,https://inaturalist-open-data.s3.amazonaws.com/photos/6934929/medium.jpeg,43111,Eastern Cottontail,data/new_raw/images/a26e7235-d226-49fa-b018-1642a58fbca8.jpg
4dee0b06-6e7a-4051-a3d4-1d715cab4ea0,https://inaturalist-open-data.s3.amazonaws.com/photos/6934773/medium.jpeg,7089,Canada Goose,data/new_raw/images/4dee0b06-6e7a-4051-a3d4-1d715cab4ea0.jpg
003204d1-a927-45ba-9a27-f97b45d3ac3e,https://inaturalist-open-data.s3.amazonaws.com/photos/6934830/medium.jpeg,7089,Canada Goose,data/new_raw/images/003204d1-a927-45ba-9a27-f97b45d3ac3e.jpg
574f7ba7-b84a-4fe1-b619-0ffedea9ca4e,https://inaturalist-open-data.s3.amazonaws.com/photos/6934991/medium.jpeg,7089,Canada Goose,data/new_raw/images/574f7ba7-b84a-4fe1-b619-0ffedea9ca4e.jpg
5bb956c9-42e1-4037-998f-c26f1343dfd2,https://inaturalist-open-data.s3.amazonaws.com/photos/6934949/medium.jpeg,6930,Mallard,data/new_raw/images/5bb956c9-42e1-4037-998f-c26f1343dfd2.jpg
ec506bdf-420b-4e0e-ac70-60f9981c8b24,https://inaturalist-open-data.s3.amazonaws.com/photos/6934946/medium.jpeg,792988,Downy Woodpecker,data/new_raw/images/ec506bdf-420b-4e0e-ac70-60f9981c8b24.jpg
1d897eb1-d013-4dd2-a7ac-2a1cc592a026,https://inaturalist-open-data.s3.amazonaws.com/photos/6934960/medium.jpeg,145310,American Goldfinch,data/new_raw/images/1d897eb1-d013-4dd2-a7ac-2a1cc592a026.jpg
2e30f4ec-cf25-48bb-813b-46a2e74a9d53,https://inaturalist-open-data.s3.amazonaws.com/photos/6934967/medium.jpeg,43111,Eastern Cottontail,data/new_raw/images/2e30f4ec-cf25-48bb-813b-46a2e74a9d53.jpg
f068ed38-5a6d-46de-b162-f812cf0672c7,https://inaturalist-open-data.s3.amazonaws.com/photos/6934993/medium.jpeg,9744,Red-winged Blackbird,data/new_raw/images/f068ed38-5a6d-46de-b162-f812cf0672c7.jpg
3ad31c57-f4cf-4480-947e-010865e9f1e4,https://inaturalist-open-data.s3.amazonaws.com/photos/6935013/medium.jpeg,6912,"Ducks, Geese, and Swans",data/new_raw/images/3ad31c57-f4cf-4480-947e-010865e9f1e4.jpg
b8000943-0728-49ea-80fc-5b6bac6ba57b,https://inaturalist-open-data.s3.amazonaws.com/photos/6935044/medium.jpeg,7089,Canada Goose,data/new_raw/images/b8000943-0728-49ea-80fc-5b6bac6ba57b.jpg
53c02f6c-97e2-4cea-91e7-63a655b8fdca,https://inaturalist-open-data.s3.amazonaws.com/photos/6935079/medium.jpeg,7251,Perching Birds,data/new_raw/images/53c02f6c-97e2-4cea-91e7-63a655b8fdca.jpg
0790d970-fa25-4d7b-a87e-985267436781,https://inaturalist-open-data.s3.amazonaws.com/photos/6934990/medium.jpeg,7089,Canada Goose,data/new_raw/images/0790d970-fa25-4d7b-a87e-985267436781.jpg
43d481f9-0ba5-446b-8055-bc8e8919f74b,https://inaturalist-open-data.s3.amazonaws.com/photos/6935055/medium.jpeg,6930,Mallard,data/new_raw/images/43d481f9-0ba5-446b-8055-bc8e8919f74b.jpg
4530b628-a467-4079-8d2a-3c5554e4e657,https://inaturalist-open-data.s3.amazonaws.com/photos/6935016/medium.jpeg,43111,Eastern Cottontail,data/new_raw/images/4530b628-a467-4079-8d2a-3c5554e4e657.jpg
6a7eee8d-4fb1-4990-bcb9-3f117d7492d8,https://inaturalist-open-data.s3.amazonaws.com/photos/6935105/medium.jpeg,3,Birds,data/new_raw/images/6a7eee8d-4fb1-4990-bcb9-3f117d7492d8.jpg
1c6a277d-091d-4839-8b18-e084a23a36b0,https://inaturalist-open-data.s3.amazonaws.com/photos/6935344/medium.jpeg,7089,Canada Goose,data/new_raw/images/1c6a277d-091d-4839-8b18-e084a23a36b0.jpg
8f430e9a-19d6-4d2b-b971-c7b8b05fbadc,https://inaturalist-open-data.s3.amazonaws.com/photos/6935444/medium.jpeg,6930,Mallard,data/new_raw/images/8f430e9a-19d6-4d2b-b971-c7b8b05fbadc.jpg
a891a852-a5c5-40b1-860d-1170df9d4222,https://inaturalist-open-data.s3.amazonaws.com/photos/6935360/medium.jpeg,6930,Mallard,data/new_raw/images/a891a852-a5c5-40b1-860d-1170df9d4222.jpg
a61f4af9-377d-4987-8f84-d6da1beb000c,https://inaturalist-open-data.s3.amazonaws.com/photos/6935448/medium.jpeg,6930,Mallard,data/new_raw/images/a61f4af9-377d-4987-8f84-d6da1beb000c.jpg
448c7245-f306-4cba-ba78-b34dda7beebf,https://inaturalist-open-data.s3.amazonaws.com/photos/6935571/medium.jpeg,6930,Mallard,data/new_raw/images/448c7245-f306-4cba-ba78-b34dda7beebf.jpg
71d26538-3327-4883-9e2c-1fa672e76d1c,https://inaturalist-open-data.s3.amazonaws.com/photos/6935499/medium.jpeg,43584,Human,data/new_raw/images/71d26538-3327-4883-9e2c-1fa672e76d1c.jpg
729a28ee-2a58-43d2-96ee-76116a4882ba,https://inaturalist-open-data.s3.amazonaws.com/photos/6935536/medium.jpeg,43111,Eastern Cottontail,data/new_raw/images/729a28ee-2a58-43d2-96ee-76116a4882ba.jpg
37cb9a5b-434d-4144-b791-d5b8168ded1b,https://inaturalist-open-data.s3.amazonaws.com/photos/6935442/medium.jpeg,6930,Mallard,data/new_raw/images/37cb9a5b-434d-4144-b791-d5b8168ded1b.jpg
5847f1db-e18c-41c0-975e-75c9080d8e7f,https://inaturalist-open-data.s3.amazonaws.com/photos/6935627/medium.jpeg,43698,Rodents,data/new_raw/images/5847f1db-e18c-41c0-975e-75c9080d8e7f.jpg
980e44af-25f8-4d7c-bbcb-fc5f81bbff52,https://inaturalist-open-data.s3.amazonaws.com/photos/6935489/medium.jpeg,7251,Perching Birds,data/new_raw/images/980e44af-25f8-4d7c-bbcb-fc5f81bbff52.jpg
8fc530a8-7376-470c-88be-0cdac74f2876,https://inaturalist-open-data.s3.amazonaws.com/photos/6935606/medium.jpeg,7089,Canada Goose,data/new_raw/images/8fc530a8-7376-470c-88be-0cdac74f2876.jpg
72bfac5a-110e-4baf-ad6c-4498d9e5fe59,https://inaturalist-open-data.s3.amazonaws.com/photos/6937500/medium.jpeg,7089,Canada Goose,data/new_raw/images/72bfac5a-110e-4baf-ad6c-4498d9e5fe59.jpg
258b5493-5352-4d41-923a-42b54886ab17,https://inaturalist-open-data.s3.amazonaws.com/photos/6937571/medium.jpeg,6930,Mallard,data/new_raw/images/258b5493-5352-4d41-923a-42b54886ab17.jpg
50f738bb-fc83-4d38-85d4-3f9d7f5b1148,https://inaturalist-open-data.s3.amazonaws.com/photos/6935461/medium.jpeg,6930,Mallard,data/new_raw/images/50f738bb-fc83-4d38-85d4-3f9d7f5b1148.jpg
76d41f0a-6253-44e5-b5f7-418857cdbf8d,https://inaturalist-open-data.s3.amazonaws.com/photos/6935473/medium.jpeg,7089,Canada Goose,data/new_raw/images/76d41f0a-6253-44e5-b5f7-418857cdbf8d.jpg
c1b5a642-8932-416f-be17-38f197e9cdb4,https://inaturalist-open-data.s3.amazonaws.com/photos/6935623/medium.jpeg,46017,Eastern Gray Squirrel,data/new_raw/images/c1b5a642-8932-416f-be17-38f197e9cdb4.jpg
ccfb43d4-6a1b-456c-8ed4-e38f5a863d26,https://inaturalist-open-data.s3.amazonaws.com/photos/6935943/medium.jpeg,6930,Mallard,data/new_raw/images/ccfb43d4-6a1b-456c-8ed4-e38f5a863d26.jpg
c3246b8a-7436-4b31-9c70-0b28cae8e6c5,https://inaturalist-open-data.s3.amazonaws.com/photos/6937752/medium.jpeg,46017,Eastern Gray Squirrel,data/new_raw/images/c3246b8a-7436-4b31-9c70-0b28cae8e6c5.jpg
2d9b4545-242e-4849-a3d7-3ec42c7258aa,https://inaturalist-open-data.s3.amazonaws.com/photos/6937804/medium.jpeg,6930,Mallard,data/new_raw/images/2d9b4545-242e-4849-a3d7-3ec42c7258aa.jpg
cf2a4a08-ac81-4f16-9ddf-367a3d6bb2b1,https://inaturalist-open-data.s3.amazonaws.com/photos/6936081/medium.jpeg,7089,Canada Goose,data/new_raw/images/cf2a4a08-ac81-4f16-9ddf-367a3d6bb2b1.jpg
50df9fc1-aace-4f6f-b34e-0647a8a9bb5e,https://inaturalist-open-data.s3.amazonaws.com/photos/6936164/medium.jpeg,7089,Canada Goose,data/new_raw/images/50df9fc1-aace-4f6f-b34e-0647a8a9bb5e.jpg
6324fb55-2f51-41e1-b058-a590d5868b74,https://inaturalist-open-data.s3.amazonaws.com/photos/6936188/medium.jpeg,7089,Canada Goose,data/new_raw/images/6324fb55-2f51-41e1-b058-a590d5868b74.jpg
a7c73869-b959-4398-8690-b3ac5e3885a1,https://inaturalist-open-data.s3.amazonaws.com/photos/6937560/medium.jpeg,9744,Red-winged Blackbird,data/new_raw/images/a7c73869-b959-4398-8690-b3ac5e3885a1.jpg
69d955d9-c38c-4926-b114-ca571dd89f1a,https://inaturalist-open-data.s3.amazonaws.com/photos/6937546/medium.jpeg,7089,Canada Goose,data/new_raw/images/69d955d9-c38c-4926-b114-ca571dd89f1a.jpg
194f52b0-c74a-4a76-818e-fda01a49b9b2,https://inaturalist-open-data.s3.amazonaws.com/photos/6938426/medium.jpeg,43111,Eastern Cottontail,data/new_raw/images/194f52b0-c74a-4a76-818e-fda01a49b9b2.jpg
d92e207e-e071-4515-a381-05149f4fc383,https://inaturalist-open-data.s3.amazonaws.com/photos/6938951/medium.jpeg,7089,Canada Goose,data/new_raw/images/d92e207e-e071-4515-a381-05149f4fc383.jpg
a8685651-937f-41d2-9a63-8473cde70205,https://inaturalist-open-data.s3.amazonaws.com/photos/6939000/medium.jpeg,6930,Mallard,data/new_raw/images/a8685651-937f-41d2-9a63-8473cde70205.jpg
6f45e992-a808-4ccc-93b4-ca532c3a2052,https://inaturalist-open-data.s3.amazonaws.com/photos/6939160/medium.jpeg,7251,Perching Birds,data/new_raw/images/6f45e992-a808-4ccc-93b4-ca532c3a2052.jpg
9c366de2-519b-4931-845a-9a13760b785a,https://inaturalist-open-data.s3.amazonaws.com/photos/6938293/medium.jpeg,47144,Domestic Dog,data/new_raw/images/9c366de2-519b-4931-845a-9a13760b785a.jpg
2360d15a-4c85-4872-a99f-65b4f069934f,https://inaturalist-open-data.s3.amazonaws.com/photos/6938336/medium.jpeg,47144,Domestic Dog,data/new_raw/images/2360d15a-4c85-4872-a99f-65b4f069934f.jpg
637e3982-d10a-4ca1-9d13-98133b9ce3b2,https://inaturalist-open-data.s3.amazonaws.com/photos/6938393/medium.jpeg,43111,Eastern Cottontail,data/new_raw/images/637e3982-d10a-4ca1-9d13-98133b9ce3b2.jpg
26f0d8f7-ea83-4cd2-afee-d63cedabf9f6,https://inaturalist-open-data.s3.amazonaws.com/photos/6938378/medium.jpeg,9744,Red-winged Blackbird,data/new_raw/images/26f0d8f7-ea83-4cd2-afee-d63cedabf9f6.jpg
f2785857-c336-4a7f-b919-c2dbea556033,https://inaturalist-open-data.s3.amazonaws.com/photos/6938917/medium.jpeg,47144,Domestic Dog,data/new_raw/images/f2785857-c336-4a7f-b919-c2dbea556033.jpg
c12d20cc-7462-4018-b653-55810bd5ce4b,https://inaturalist-open-data.s3.amazonaws.com/photos/6938442/medium.jpeg,7089,Canada Goose,data/new_raw/images/c12d20cc-7462-4018-b653-55810bd5ce4b.jpg
dad619a9-97a3-4ddb-bf31-4ff7a8831ef7,https://inaturalist-open-data.s3.amazonaws.com/photos/6938361/medium.jpeg,9744,Red-winged Blackbird,data/new_raw/images/dad619a9-97a3-4ddb-bf31-4ff7a8831ef7.jpg
3d6f592d-de2b-45e4-862a-eeee1b2e3c86,https://inaturalist-open-data.s3.amazonaws.com/photos/6939529/medium.jpeg,7089,Canada Goose,data/new_raw/images/3d6f592d-de2b-45e4-862a-eeee1b2e3c86.jpg
0848f024-2177-4099-9ab8-19d33082eccc,https://inaturalist-open-data.s3.amazonaws.com/photos/6938901/medium.jpeg,7089,Canada Goose,data/new_raw/images/0848f024-2177-4099-9ab8-19d33082eccc.jpg
ff879619-f66a-4efa-8852-ffd4a5c371fc,https://inaturalist-open-data.s3.amazonaws.com/photos/6939005/medium.jpeg,7089,Canada Goose,data/new_raw/images/ff879619-f66a-4efa-8852-ffd4a5c371fc.jpg
a1a328eb-1c06-4621-add1-f56f9ad7238c,https://inaturalist-open-data.s3.amazonaws.com/photos/6939187/medium.jpeg,7089,Canada Goose,data/new_raw/images/a1a328eb-1c06-4621-add1-f56f9ad7238c.jpg
eb3bfe2b-e3c7-4a52-aeaa-d784920ecf90,https://inaturalist-open-data.s3.amazonaws.com/photos/6939233/medium.jpeg,6930,Mallard,data/new_raw/images/eb3bfe2b-e3c7-4a52-aeaa-d784920ecf90.jpg
dbbc6e3f-f63e-4b82-980e-303ebd1bff21,https://inaturalist-open-data.s3.amazonaws.com/photos/6939472/medium.jpeg,6930,Mallard,data/new_raw/images/dbbc6e3f-f63e-4b82-980e-303ebd1bff21.jpg
77952988-1bb9-4823-808b-d45a333c5cdc,https://inaturalist-open-data.s3.amazonaws.com/photos/6939145/medium.jpeg,7089,Canada Goose,data/new_raw/images/77952988-1bb9-4823-808b-d45a333c5cdc.jpg
0515a8fc-d6a2-4777-b512-93b5cbdd728a,https://inaturalist-open-data.s3.amazonaws.com/photos/6938958/medium.jpeg,7089,Canada Goose,data/new_raw/images/0515a8fc-d6a2-4777-b512-93b5cbdd728a.jpg
eac2f81f-e11b-4c2b-81c5-70c9a7ca79fa,https://inaturalist-open-data.s3.amazonaws.com/photos/6940066/medium.jpeg,43584,Human,data/new_raw/images/eac2f81f-e11b-4c2b-81c5-70c9a7ca79fa.jpg
a99b42e9-704a-436f-848e-e8b38b61c18b,https://inaturalist-open-data.s3.amazonaws.com/photos/6939007/medium.jpeg,7089,Canada Goose,data/new_raw/images/a99b42e9-704a-436f-848e-e8b38b61c18b.jpg
16ec2721-8ada-409e-a323-cd5b93a05684,https://inaturalist-open-data.s3.amazonaws.com/photos/6939248/medium.jpeg,6930,Mallard,data/new_raw/images/16ec2721-8ada-409e-a323-cd5b93a05684.jpg
fffed326-3e31-4d1e-9572-6efead9ba580,https://inaturalist-open-data.s3.amazonaws.com/photos/6939483/medium.jpeg,9744,Red-winged Blackbird,data/new_raw/images/fffed326-3e31-4d1e-9572-6efead9ba580.jpg
db059745-3723-49a3-804d-fb2689cb687c,https://inaturalist-open-data.s3.amazonaws.com/photos/6939563/medium.jpeg,7089,Canada Goose,data/new_raw/images/db059745-3723-49a3-804d-fb2689cb687c.jpg
11c3430a-4a92-4413-8d83-27e8b08dfd96,https://inaturalist-open-data.s3.amazonaws.com/photos/6939934/medium.jpeg,6930,Mallard,data/new_raw/images/11c3430a-4a92-4413-8d83-27e8b08dfd96.jpg
570a32e3-eb13-47da-af16-837816eeb552,https://inaturalist-open-data.s3.amazonaws.com/photos/6939946/medium.jpeg,6930,Mallard,data/new_raw/images/570a32e3-eb13-47da-af16-837816eeb552.jpg
b0858183-853e-48e6-b6b5-57c6926b3a29,https://inaturalist-open-data.s3.amazonaws.com/photos/6939572/medium.jpeg,7089,Canada Goose,data/new_raw/images/b0858183-853e-48e6-b6b5-57c6926b3a29.jpg
cf59753e-e2f5-4398-8403-a11671576f6b,https://inaturalist-open-data.s3.amazonaws.com/photos/6939503/medium.jpeg,6930,Mallard,data/new_raw/images/cf59753e-e2f5-4398-8403-a11671576f6b.jpg
0508cf7c-c5be-42d0-b0a2-48b9f8ffbc2d,https://inaturalist-open-data.s3.amazonaws.com/photos/6940099/medium.jpeg,6930,Mallard,data/new_raw/images/0508cf7c-c5be-42d0-b0a2-48b9f8ffbc2d.jpg
02e2c783-2d1a-4547-89d5-18781c49b39c,https://inaturalist-open-data.s3.amazonaws.com/photos/6940124/medium.jpeg,7089,Canada Goose,data/new_raw/images/02e2c783-2d1a-4547-89d5-18781c49b39c.jpg
599cc8bc-5f2b-426e-9c5f-b48535cd5b63,https://inaturalist-open-data.s3.amazonaws.com/photos/6939508/medium.jpeg,7089,Canada Goose,data/new_raw/images/599cc8bc-5f2b-426e-9c5f-b48535cd5b63.jpg
8b9c8ee7-8451-4d8f-93f2-b34312b6f3a9,https://inaturalist-open-data.s3.amazonaws.com/photos/6939593/medium.jpeg,145310,American Goldfinch,data/new_raw/images/8b9c8ee7-8451-4d8f-93f2-b34312b6f3a9.jpg
26e45bfd-08f3-488d-9d7b-59fe26c5a6a7,https://inaturalist-open-data.s3.amazonaws.com/photos/6939574/medium.jpeg,7089,Canada Goose,data/new_raw/images/26e45bfd-08f3-488d-9d7b-59fe26c5a6a7.jpg
ec7c2fe6-edc1-4eea-8c55-8eaa42323551,https://inaturalist-open-data.s3.amazonaws.com/photos/6939603/medium.jpeg,46017,Eastern Gray Squirrel,data/new_raw/images/ec7c2fe6-edc1-4eea-8c55-8eaa42323551.jpg
f3c28ead-2105-4952-8339-ebe4e59e720a,https://inaturalist-open-data.s3.amazonaws.com/photos/6939974/medium.jpeg,9744,Red-winged Blackbird,data/new_raw/images/f3c28ead-2105-4952-8339-ebe4e59e720a.jpg
4bbfce3f-4d5c-4e1e-895f-a128d7b8c8fd,https://inaturalist-open-data.s3.amazonaws.com/photos/6940297/medium.jpeg,3,Birds,data/new_raw/images/4bbfce3f-4d5c-4e1e-895f-a128d7b8c8fd.jpg
73da978f-fb56-4583-8b9b-00a23ca3ab48,https://static.inaturalist.org/photos/6941999/medium.jpg,13858,House Sparrow,data/new_raw/images/73da978f-fb56-4583-8b9b-00a23ca3ab48.jpg
a364bb03-cb1a-4743-9db1-8736695426ab,https://static.inaturalist.org/photos/6944757/medium.jpg,122767,Feral Pigeon,data/new_raw/images/a364bb03-cb1a-4743-9db1-8736695426ab.jpg
99e3a1de-5b33-4965-aff5-3640b01f1b86,https://inaturalist-open-data.s3.amazonaws.com/photos/6945218/medium.jpg,18236,Northern Flicker,data/new_raw/images/99e3a1de-5b33-4965-aff5-3640b01f1b86.jpg
aa6b9c52-af86-41cc-9e64-43d7be75a6ee,https://inaturalist-open-data.s3.amazonaws.com/photos/6945217/medium.jpg,792988,Downy Woodpecker,data/new_raw/images/aa6b9c52-af86-41cc-9e64-43d7be75a6ee.jpg
fe1ea2c8-c384-4375-a878-f8e0dec5ee3f,https://inaturalist-open-data.s3.amazonaws.com/photos/6945216/medium.jpg,10373,Brown-headed Cowbird,data/new_raw/images/fe1ea2c8-c384-4375-a878-f8e0dec5ee3f.jpg
d15783db-281e-4b8a-80bb-a21d45a80cce,https://inaturalist-open-data.s3.amazonaws.com/photos/6945219/medium.jpg,9100,Song Sparrow,data/new_raw/images/d15783db-281e-4b8a-80bb-a21d45a80cce.jpg
5ed849ad-be47-4941-a5a2-c391ac030f5b,https://inaturalist-open-data.s3.amazonaws.com/photos/6945225/medium.jpg,17008,Eastern Phoebe,data/new_raw/images/5ed849ad-be47-4941-a5a2-c391ac030f5b.jpg
f01f73b1-ffbb-4e27-b86f-5fff38287adc,https://inaturalist-open-data.s3.amazonaws.com/photos/6945221/medium.jpg,7458,Brown Creeper,data/new_raw/images/f01f73b1-ffbb-4e27-b86f-5fff38287adc.jpg
6d6d9d79-dd6e-4d4a-9499-523b39a728a9,https://inaturalist-open-data.s3.amazonaws.com/photos/6945227/medium.jpg,117100,Golden-crowned Kinglet,data/new_raw/images/6d6d9d79-dd6e-4d4a-9499-523b39a728a9.jpg
49b15421-3207-41c4-b1a0-ebc8a7a7af8d,https://inaturalist-open-data.s3.amazonaws.com/photos/6945223/medium.jpg,9152,Field Sparrow,data/new_raw/images/49b15421-3207-41c4-b1a0-ebc8a7a7af8d.jpg
d37e7525-1985-4192-a810-2ae988fe01f5,https://static.inaturalist.org/photos/6960892/medium.jpg,122767,Feral Pigeon,data/new_raw/images/d37e7525-1985-4192-a810-2ae988fe01f5.jpg
6a46c1fc-85c6-4453-aa11-b2a24758f846,https://static.inaturalist.org/photos/6962905/medium.jpg,43111,Eastern Cottontail,data/new_raw/images/6a46c1fc-85c6-4453-aa11-b2a24758f846.jpg
4c16f47b-65b9-47ec-ad7f-dbbf1ceabaeb,https://inaturalist-open-data.s3.amazonaws.com/photos/6966908/medium.jpg,6996,Red-breasted Merganser,data/new_raw/images/4c16f47b-65b9-47ec-ad7f-dbbf1ceabaeb.jpg
29d15102-2dbe-4852-8c26-361688e98bc6,https://inaturalist-open-data.s3.amazonaws.com/photos/6966911/medium.jpg,473,American Coot,data/new_raw/images/29d15102-2dbe-4852-8c26-361688e98bc6.jpg
edbb2ed9-7743-4afd-8b05-97f19f2c9529,https://inaturalist-open-data.s3.amazonaws.com/photos/6966926/medium.jpg,17008,Eastern Phoebe,data/new_raw/images/edbb2ed9-7743-4afd-8b05-97f19f2c9529.jpg
b8593054-3f98-4487-b89f-4b463eda3d67,https://inaturalist-open-data.s3.amazonaws.com/photos/6966943/medium.jpg,6930,Mallard,data/new_raw/images/b8593054-3f98-4487-b89f-4b463eda3d67.jpg
e049bc71-d392-44a8-af26-924b77d88d38,https://inaturalist-open-data.s3.amazonaws.com/photos/6966940/medium.jpg,6930,Mallard,data/new_raw/images/e049bc71-d392-44a8-af26-924b77d88d38.jpg
2d1a11e2-087e-4ec1-8c68-332580937503,https://inaturalist-open-data.s3.amazonaws.com/photos/6966990/medium.jpg,12890,Hermit Thrush,data/new_raw/images/2d1a11e2-087e-4ec1-8c68-332580937503.jpg
ad2d84ff-9289-4c83-a7d3-961ba46a9a4e,https://inaturalist-open-data.s3.amazonaws.com/photos/6966999/medium.jpg,18463,Yellow-bellied Sapsucker,data/new_raw/images/ad2d84ff-9289-4c83-a7d3-961ba46a9a4e.jpg
e19179cc-2897-4adc-8114-59d9b2845aff,https://static.inaturalist.org/photos/7008060/medium.jpg,9602,Common Grackle,data/new_raw/images/e19179cc-2897-4adc-8114-59d9b2845aff.jpg
b74e3942-b290-4a08-9e37-52b682404c88,https://inaturalist-open-data.s3.amazonaws.com/photos/6980344/medium.jpeg,144537,Caspian Tern,data/new_raw/images/b74e3942-b290-4a08-9e37-52b682404c88.jpg
6cd4400b-83b4-4e8d-ac50-0c8b18957dc8,https://inaturalist-open-data.s3.amazonaws.com/photos/6980331/medium.jpeg,9152,Field Sparrow,data/new_raw/images/6cd4400b-83b4-4e8d-ac50-0c8b18957dc8.jpg
d7d27a6f-93c5-4929-85e7-178bff3cb580,https://inaturalist-open-data.s3.amazonaws.com/photos/6980334/medium.jpeg,3893,Lesser Yellowlegs,data/new_raw/images/d7d27a6f-93c5-4929-85e7-178bff3cb580.jpg
bfc2e54a-5f9f-48f6-a714-1e13e3d1a4f6,https://inaturalist-open-data.s3.amazonaws.com/photos/6980347/medium.jpeg,558433,Blue-winged Teal,data/new_raw/images/bfc2e54a-5f9f-48f6-a714-1e13e3d1a4f6.jpg
e80ac139-df39-408d-915d-b2dd3e77e012,https://inaturalist-open-data.s3.amazonaws.com/photos/6980341/medium.jpeg,18463,Yellow-bellied Sapsucker,data/new_raw/images/e80ac139-df39-408d-915d-b2dd3e77e012.jpg
50963780-6641-4ea2-b596-0a6dad9470bd,https://inaturalist-open-data.s3.amazonaws.com/photos/6980359/medium.jpeg,7562,Northern House Wren,data/new_raw/images/50963780-6641-4ea2-b596-0a6dad9470bd.jpg
8d8cc048-fdb4-47e8-af87-7cfc45240162,https://inaturalist-open-data.s3.amazonaws.com/photos/6980377/medium.jpeg,132704,Myrtle Warbler,data/new_raw/images/8d8cc048-fdb4-47e8-af87-7cfc45240162.jpg
c6614126-e2e4-48e7-8734-52dfcb172299,https://inaturalist-open-data.s3.amazonaws.com/photos/6980373/medium.jpg,18236,Northern Flicker,data/new_raw/images/c6614126-e2e4-48e7-8734-52dfcb172299.jpg
4e98c520-8c1d-42df-ae7c-a0d23b0cc8f7,https://inaturalist-open-data.s3.amazonaws.com/photos/6980376/medium.jpeg,1579017,Cooper's Hawk,data/new_raw/images/4e98c520-8c1d-42df-ae7c-a0d23b0cc8f7.jpg
e98e0920-aa39-45ee-9b66-18f8c9abbc04,https://inaturalist-open-data.s3.amazonaws.com/photos/6982548/medium.jpg,3454,Mourning Dove,data/new_raw/images/e98e0920-aa39-45ee-9b66-18f8c9abbc04.jpg
176e39e5-2cc0-44d9-a88d-01edb22f857b,https://static.inaturalist.org/photos/6985445/medium.jpg,46017,Eastern Gray Squirrel,data/new_raw/images/176e39e5-2cc0-44d9-a88d-01edb22f857b.jpg
589ea105-ce1c-43b5-a97f-96a2e2fee4f8,https://inaturalist-open-data.s3.amazonaws.com/photos/6999444/medium.jpg,42051,Coyote,data/new_raw/images/589ea105-ce1c-43b5-a97f-96a2e2fee4f8.jpg
d2b36764-ebda-499d-a775-0c854de55d67,https://inaturalist-open-data.s3.amazonaws.com/photos/7000234/medium.jpg,12727,American Robin,data/new_raw/images/d2b36764-ebda-499d-a775-0c854de55d67.jpg
3e3b1005-a0b9-43d9-b2d4-fd3666c9ec00,https://static.inaturalist.org/photos/7002895/medium.jpg,18236,Northern Flicker,data/new_raw/images/3e3b1005-a0b9-43d9-b2d4-fd3666c9ec00.jpg
e5e1e000-6d7a-40db-af47-2aab4c5ae866,https://static.inaturalist.org/photos/7008065/medium.jpg,9602,Common Grackle,data/new_raw/images/e5e1e000-6d7a-40db-af47-2aab4c5ae866.jpg
206bc18d-5b44-4f9a-bf0d-a89b14e226c1,https://static.inaturalist.org/photos/7014976/medium.jpeg,4981,Black-crowned Night Heron,data/new_raw/images/206bc18d-5b44-4f9a-bf0d-a89b14e226c1.jpg
66a44263-db21-44fc-9c54-30c74f53fca8,https://static.inaturalist.org/photos/7016275/medium.jpg,6996,Red-breasted Merganser,data/new_raw/images/66a44263-db21-44fc-9c54-30c74f53fca8.jpg
65c3d021-5261-4c62-8478-d0eac7911d19,https://static.inaturalist.org/photos/7016708/medium.jpg,43111,Eastern Cottontail,data/new_raw/images/65c3d021-5261-4c62-8478-d0eac7911d19.jpg
3d7dac98-d031-480a-9f8f-4d80c108b821,https://inaturalist-open-data.s3.amazonaws.com/photos/7017996/medium.jpeg,4665,American Kestrel,data/new_raw/images/3d7dac98-d031-480a-9f8f-4d80c108b821.jpg
c2f027d6-b312-4b26-9a85-b881747ad392,https://static.inaturalist.org/photos/7022283/medium.jpeg,1454382,Double-crested Cormorant,data/new_raw/images/c2f027d6-b312-4b26-9a85-b881747ad392.jpg
90e68a96-b2e3-4ae1-ad1b-815d6294c902,https://static.inaturalist.org/photos/7026964/medium.jpg,8021,American Crow,data/new_raw/images/90e68a96-b2e3-4ae1-ad1b-815d6294c902.jpg
5ce491b8-c909-494f-b753-6aad6e37e9ba,https://static.inaturalist.org/photos/7032380/medium.jpg,43111,Eastern Cottontail,data/new_raw/images/5ce491b8-c909-494f-b753-6aad6e37e9ba.jpg
856adb59-4ec4-4712-adc8-c070300258d6,https://inaturalist-open-data.s3.amazonaws.com/photos/7032410/medium.jpg,236935,Domestic Mallard,data/new_raw/images/856adb59-4ec4-4712-adc8-c070300258d6.jpg
125c0d6b-54e8-4de6-a71b-07a0e2ca293e,https://static.inaturalist.org/photos/7033280/medium.jpg,14850,European Starling,data/new_raw/images/125c0d6b-54e8-4de6-a71b-07a0e2ca293e.jpg
ea6a4d9e-a04d-4a38-a8a1-cbc2c2c72cc6,https://static.inaturalist.org/photos/7034409/medium.jpg,43111,Eastern Cottontail,data/new_raw/images/ea6a4d9e-a04d-4a38-a8a1-cbc2c2c72cc6.jpg
4580bcb8-ed78-4b48-91c6-f5e8e741db01,https://static.inaturalist.org/photos/7034440/medium.jpg,43111,Eastern Cottontail,data/new_raw/images/4580bcb8-ed78-4b48-91c6-f5e8e741db01.jpg
7c5ddbdd-677c-4363-b8df-c3fb301db480,https://static.inaturalist.org/photos/7034471/medium.jpg,12727,American Robin,data/new_raw/images/7c5ddbdd-677c-4363-b8df-c3fb301db480.jpg
51e155f2-bb70-48e8-b922-60028f460e26,https://static.inaturalist.org/photos/7034518/medium.jpg,14850,European Starling,data/new_raw/images/51e155f2-bb70-48e8-b922-60028f460e26.jpg
96f0e358-c937-421c-9e7e-3a9e092ccf59,https://static.inaturalist.org/photos/7035138/medium.jpg,12727,American Robin,data/new_raw/images/96f0e358-c937-421c-9e7e-3a9e092ccf59.jpg
1188e5fe-0362-4963-a3dd-ceeb6c697d1d,https://static.inaturalist.org/photos/7083992/medium.jpg,6930,Mallard,data/new_raw/images/1188e5fe-0362-4963-a3dd-ceeb6c697d1d.jpg
25bf2d86-dae7-4279-bb65-2ec6257ebb26,https://inaturalist-open-data.s3.amazonaws.com/photos/7040533/medium.jpeg,9424,Eastern Towhee,data/new_raw/images/25bf2d86-dae7-4279-bb65-2ec6257ebb26.jpg
b6228be8-bbe7-446b-9fb4-2c58add2a33d,https://inaturalist-open-data.s3.amazonaws.com/photos/7040583/medium.jpeg,4793,Killdeer,data/new_raw/images/b6228be8-bbe7-446b-9fb4-2c58add2a33d.jpg
2f4d1772-b04f-43c5-a8df-3099f8e97e23,https://inaturalist-open-data.s3.amazonaws.com/photos/7040653/medium.jpeg,9083,Northern Cardinal,data/new_raw/images/2f4d1772-b04f-43c5-a8df-3099f8e97e23.jpg
db49df55-ca4a-45c3-a200-f68443bd342d,https://inaturalist-open-data.s3.amazonaws.com/photos/7040664/medium.jpeg,11867,Purple Martin,data/new_raw/images/db49df55-ca4a-45c3-a200-f68443bd342d.jpg
aa4f09f8-7173-47cf-8783-751d2583716b,https://inaturalist-open-data.s3.amazonaws.com/photos/7040705/medium.jpeg,7107,Wood Duck,data/new_raw/images/aa4f09f8-7173-47cf-8783-751d2583716b.jpg
5716ffad-fc92-4cd8-8a39-ad3305bd68df,https://inaturalist-open-data.s3.amazonaws.com/photos/7040718/medium.jpeg,1454382,Double-crested Cormorant,data/new_raw/images/5716ffad-fc92-4cd8-8a39-ad3305bd68df.jpg
fad7df7e-18cf-43b3-9f4f-08bf89f3ab23,https://inaturalist-open-data.s3.amazonaws.com/photos/7042105/medium.jpeg,14850,European Starling,data/new_raw/images/fad7df7e-18cf-43b3-9f4f-08bf89f3ab23.jpg
7b011561-8a99-4c5e-8634-1a3b11164403,https://inaturalist-open-data.s3.amazonaws.com/photos/7042254/medium.jpeg,122767,Feral Pigeon,data/new_raw/images/7b011561-8a99-4c5e-8634-1a3b11164403.jpg
a476c981-f3fb-4169-ac29-775add86278c,https://inaturalist-open-data.s3.amazonaws.com/photos/7042384/medium.jpeg,14850,European Starling,data/new_raw/images/a476c981-f3fb-4169-ac29-775add86278c.jpg
4ca423ac-9b82-4f25-98d9-7db2295d3212,https://inaturalist-open-data.s3.amazonaws.com/photos/7042388/medium.jpeg,46017,Eastern Gray Squirrel,data/new_raw/images/4ca423ac-9b82-4f25-98d9-7db2295d3212.jpg
8b902d5e-ca18-4a56-8c64-e426550b3749,https://inaturalist-open-data.s3.amazonaws.com/photos/7042531/medium.jpeg,3454,Mourning Dove,data/new_raw/images/8b902d5e-ca18-4a56-8c64-e426550b3749.jpg
9f38de17-7bfa-404a-ba18-6b0d1e42a55b,https://inaturalist-open-data.s3.amazonaws.com/photos/7042615/medium.jpg,7089,Canada Goose,data/new_raw/images/9f38de17-7bfa-404a-ba18-6b0d1e42a55b.jpg
b7a7a054-fc3a-415e-a02b-9f561f9359ae,https://inaturalist-open-data.s3.amazonaws.com/photos/7043847/medium.jpeg,9744,Red-winged Blackbird,data/new_raw/images/b7a7a054-fc3a-415e-a02b-9f561f9359ae.jpg
95442cba-869c-418b-b3a0-6c5c1a65da76,https://inaturalist-open-data.s3.amazonaws.com/photos/7043923/medium.jpeg,43584,Human,data/new_raw/images/95442cba-869c-418b-b3a0-6c5c1a65da76.jpg
c85b925f-7710-4971-9cc1-0e4d91136fcb,https://inaturalist-open-data.s3.amazonaws.com/photos/7043938/medium.jpeg,14850,European Starling,data/new_raw/images/c85b925f-7710-4971-9cc1-0e4d91136fcb.jpg
32676e8e-6fba-4c80-a98d-63ba3a048199,https://inaturalist-open-data.s3.amazonaws.com/photos/7043943/medium.jpeg,46017,Eastern Gray Squirrel,data/new_raw/images/32676e8e-6fba-4c80-a98d-63ba3a048199.jpg
6380a169-1087-4826-b395-5fdb17cc1424,https://inaturalist-open-data.s3.amazonaws.com/photos/7044587/medium.jpg,13858,House Sparrow,data/new_raw/images/6380a169-1087-4826-b395-5fdb17cc1424.jpg
97be6f63-d26a-4a0d-8d2a-82dc04a83bff,https://inaturalist-open-data.s3.amazonaws.com/photos/7044925/medium.jpg,7458,Brown Creeper,data/new_raw/images/97be6f63-d26a-4a0d-8d2a-82dc04a83bff.jpg
4e858cd4-e78a-46aa-ace4-b84e97c1e2b7,https://static.inaturalist.org/photos/7045331/medium.jpg,13858,House Sparrow,data/new_raw/images/4e858cd4-e78a-46aa-ace4-b84e97c1e2b7.jpg
ae122f1c-6cb3-47a1-8734-d2b6d44a0eeb,https://static.inaturalist.org/photos/7045378/medium.jpeg,43584,Human,data/new_raw/images/ae122f1c-6cb3-47a1-8734-d2b6d44a0eeb.jpg
4e1a9b78-e99e-4abf-945e-df784077cb46,https://static.inaturalist.org/photos/7045405/medium.jpg,9744,Red-winged Blackbird,data/new_raw/images/4e1a9b78-e99e-4abf-945e-df784077cb46.jpg
f266ff39-ff6a-4db3-887b-3f5a08fa78b9,https://inaturalist-open-data.s3.amazonaws.com/photos/7045665/medium.jpeg,7089,Canada Goose,data/new_raw/images/f266ff39-ff6a-4db3-887b-3f5a08fa78b9.jpg
06c5948e-1d03-42c4-85a0-72cc63349e9c,https://static.inaturalist.org/photos/7045710/medium.jpg,120479,Domestic Greylag Goose,data/new_raw/images/06c5948e-1d03-42c4-85a0-72cc63349e9c.jpg
c1a1be56-4a42-499c-ac7c-525f0ae21df3,https://static.inaturalist.org/photos/7045735/medium.jpg,7089,Canada Goose,data/new_raw/images/c1a1be56-4a42-499c-ac7c-525f0ae21df3.jpg
ee6cf611-b6b8-4a13-8251-d9e58b0d6950,https://static.inaturalist.org/photos/7045765/medium.jpg,7089,Canada Goose,data/new_raw/images/ee6cf611-b6b8-4a13-8251-d9e58b0d6950.jpg
35526263-c4e1-4350-aca3-6301254d0e22,https://inaturalist-open-data.s3.amazonaws.com/photos/7049291/medium.jpeg,6930,Mallard,data/new_raw/images/35526263-c4e1-4350-aca3-6301254d0e22.jpg
c05a2e17-8c45-44ea-9b8e-ab7deadb7cf1,https://inaturalist-open-data.s3.amazonaws.com/photos/7049295/medium.jpeg,7089,Canada Goose,data/new_raw/images/c05a2e17-8c45-44ea-9b8e-ab7deadb7cf1.jpg
a3504e69-42a7-41c0-a681-a89632deccc8,https://static.inaturalist.org/photos/7049326/medium.jpg,46017,Eastern Gray Squirrel,data/new_raw/images/a3504e69-42a7-41c0-a681-a89632deccc8.jpg
cd325465-6841-44ed-a43e-f9a364b0179d,https://static.inaturalist.org/photos/7049383/medium.jpg,6930,Mallard,data/new_raw/images/cd325465-6841-44ed-a43e-f9a364b0179d.jpg
bc5f0b08-2f20-4901-a665-c46fbf9345d8,https://inaturalist-open-data.s3.amazonaws.com/photos/7049585/medium.jpeg,9744,Red-winged Blackbird,data/new_raw/images/bc5f0b08-2f20-4901-a665-c46fbf9345d8.jpg
dbb43697-cc21-4ba2-ac20-21095509b2a0,https://inaturalist-open-data.s3.amazonaws.com/photos/7049586/medium.jpg,7107,Wood Duck,data/new_raw/images/dbb43697-cc21-4ba2-ac20-21095509b2a0.jpg
b5c826d1-b7f2-4a78-acb1-f799d3d52b33,https://static.inaturalist.org/photos/7049639/medium.jpg,122767,Feral Pigeon,data/new_raw/images/b5c826d1-b7f2-4a78-acb1-f799d3d52b33.jpg
4c458b40-fc4d-473a-a021-2dae473ca6ca,https://static.inaturalist.org/photos/7059777/medium.jpeg,6930,Mallard,data/new_raw/images/4c458b40-fc4d-473a-a021-2dae473ca6ca.jpg
00316db9-3152-438e-8421-5f14b8d51c8c,https://static.inaturalist.org/photos/7059780/medium.jpeg,9744,Red-winged Blackbird,data/new_raw/images/00316db9-3152-438e-8421-5f14b8d51c8c.jpg
533b2367-2b31-4b51-ae1c-509771101b91,https://inaturalist-open-data.s3.amazonaws.com/photos/7051640/medium.jpeg,9915,Summer Tanager,data/new_raw/images/533b2367-2b31-4b51-ae1c-509771101b91.jpg
00492fab-e15e-4e6e-81ad-a25ebbeaa44e,https://inaturalist-open-data.s3.amazonaws.com/photos/7052310/medium.jpeg,14850,European Starling,data/new_raw/images/00492fab-e15e-4e6e-81ad-a25ebbeaa44e.jpg
de0b6e6a-7aa9-4596-8539-128f7905da9a,https://inaturalist-open-data.s3.amazonaws.com/photos/7052663/medium.jpg,12727,American Robin,data/new_raw/images/de0b6e6a-7aa9-4596-8539-128f7905da9a.jpg
063b5afb-98ef-4160-b5bd-2082066d8228,https://inaturalist-open-data.s3.amazonaws.com/photos/7052668/medium.jpeg,6930,Mallard,data/new_raw/images/063b5afb-98ef-4160-b5bd-2082066d8228.jpg
c5b1c7d5-a515-4abd-afa6-ecc690164ab6,https://inaturalist-open-data.s3.amazonaws.com/photos/7052829/medium.jpg,12890,Hermit Thrush,data/new_raw/images/c5b1c7d5-a515-4abd-afa6-ecc690164ab6.jpg
723f7a7a-8cd8-4cc4-855c-1066e22756e3,https://inaturalist-open-data.s3.amazonaws.com/photos/7052900/medium.jpeg,144815,Black-capped Chickadee,data/new_raw/images/723f7a7a-8cd8-4cc4-855c-1066e22756e3.jpg
f45b84b7-de7c-4f91-b978-e5e1096aae05,https://static.inaturalist.org/photos/7053354/medium.jpg,43111,Eastern Cottontail,data/new_raw/images/f45b84b7-de7c-4f91-b978-e5e1096aae05.jpg
a76fa286-4986-4bfe-8ba7-e3bc80679e74,https://static.inaturalist.org/photos/7054122/medium.jpg,12727,American Robin,data/new_raw/images/a76fa286-4986-4bfe-8ba7-e3bc80679e74.jpg
ce56acc6-343e-419e-9d56-bfe6168ad017,https://static.inaturalist.org/photos/7054422/medium.jpg,7089,Canada Goose,data/new_raw/images/ce56acc6-343e-419e-9d56-bfe6168ad017.jpg
b577d2fc-334e-4c50-bbf8-38053ea2a3f3,https://static.inaturalist.org/photos/7055038/medium.jpg,236935,Domestic Mallard,data/new_raw/images/b577d2fc-334e-4c50-bbf8-38053ea2a3f3.jpg
aaef2485-c491-4360-95d5-0b5e9ccdc969,https://static.inaturalist.org/photos/7055205/medium.jpg,43111,Eastern Cottontail,data/new_raw/images/aaef2485-c491-4360-95d5-0b5e9ccdc969.jpg
4ddb397a-ecd1-489f-a646-eef2cc1dcfbd,https://static.inaturalist.org/photos/7055540/medium.jpg,46017,Eastern Gray Squirrel,data/new_raw/images/4ddb397a-ecd1-489f-a646-eef2cc1dcfbd.jpg
11834773-8119-4d7d-b4d9-5e27ddab7301,https://static.inaturalist.org/photos/7056000/medium.jpg,7089,Canada Goose,data/new_raw/images/11834773-8119-4d7d-b4d9-5e27ddab7301.jpg
7d9c89ae-cb6f-4182-bd0e-de95269615c3,https://static.inaturalist.org/photos/7056126/medium.jpg,46017,Eastern Gray Squirrel,data/new_raw/images/7d9c89ae-cb6f-4182-bd0e-de95269615c3.jpg
0623919f-1c14-49be-a50c-ab4eaa0eb269,https://inaturalist-open-data.s3.amazonaws.com/photos/7056262/medium.jpg,13858,House Sparrow,data/new_raw/images/0623919f-1c14-49be-a50c-ab4eaa0eb269.jpg
ccf69db0-6a7e-430b-bc40-aad6c72db26b,https://inaturalist-open-data.s3.amazonaws.com/photos/7056474/medium.jpeg,7089,Canada Goose,data/new_raw/images/ccf69db0-6a7e-430b-bc40-aad6c72db26b.jpg
bcf01eac-efd5-42e3-97dc-54ca552318a7,https://inaturalist-open-data.s3.amazonaws.com/photos/7056647/medium.jpeg,1578489,American Herring Gull,data/new_raw/images/bcf01eac-efd5-42e3-97dc-54ca552318a7.jpg
183de84d-23ef-4bbb-b3ea-31cfc0f5e9a3,https://static.inaturalist.org/photos/7057595/medium.jpeg,9744,Red-winged Blackbird,data/new_raw/images/183de84d-23ef-4bbb-b3ea-31cfc0f5e9a3.jpg
b067d5a6-3df2-4daa-993d-3e4e2c6b8368,https://static.inaturalist.org/photos/7057921/medium.jpg,7089,Canada Goose,data/new_raw/images/b067d5a6-3df2-4daa-993d-3e4e2c6b8368.jpg
7415b79a-47c6-40b8-9766-46d1a298fb16,https://static.inaturalist.org/photos/7057916/medium.jpg,12727,American Robin,data/new_raw/images/7415b79a-47c6-40b8-9766-46d1a298fb16.jpg
b7d975bb-9751-4192-a9fc-19e19886a2a9,https://static.inaturalist.org/photos/7057970/medium.jpg,7107,Wood Duck,data/new_raw/images/b7d975bb-9751-4192-a9fc-19e19886a2a9.jpg
980f2abf-d8d1-45ca-9401-214a9a8ecbd9,https://static.inaturalist.org/photos/7058030/medium.jpg,6930,Mallard,data/new_raw/images/980f2abf-d8d1-45ca-9401-214a9a8ecbd9.jpg
90bb633f-f40b-45fc-96df-5e1daac2c770,https://static.inaturalist.org/photos/7058105/medium.jpg,13858,House Sparrow,data/new_raw/images/90bb633f-f40b-45fc-96df-5e1daac2c770.jpg
22b74835-158c-444c-96fd-d8728cd04ea3,https://static.inaturalist.org/photos/7058145/medium.jpg,46017,Eastern Gray Squirrel,data/new_raw/images/22b74835-158c-444c-96fd-d8728cd04ea3.jpg
b9ff4e46-7371-4d52-af6c-da6850b435ce,https://static.inaturalist.org/photos/7058295/medium.jpg,10094,Dark-eyed Junco,data/new_raw/images/b9ff4e46-7371-4d52-af6c-da6850b435ce.jpg
d1679757-cc27-4177-96be-90144751619a,https://static.inaturalist.org/photos/7058491/medium.jpg,43111,Eastern Cottontail,data/new_raw/images/d1679757-cc27-4177-96be-90144751619a.jpg
88a60ce2-b445-4a09-b911-b24e4a2cbdd5,https://static.inaturalist.org/photos/7058774/medium.jpg,46017,Eastern Gray Squirrel,data/new_raw/images/88a60ce2-b445-4a09-b911-b24e4a2cbdd5.jpg
e11e9fbf-bf39-4fc3-8951-57d11d88c124,https://static.inaturalist.org/photos/7058903/medium.jpg,46017,Eastern Gray Squirrel,data/new_raw/images/e11e9fbf-bf39-4fc3-8951-57d11d88c124.jpg
76ecafbf-2b80-4974-b6ed-58122c3854ee,https://static.inaturalist.org/photos/7058945/medium.jpg,6930,Mallard,data/new_raw/images/76ecafbf-2b80-4974-b6ed-58122c3854ee.jpg
b93ab457-419e-4d2d-8f4d-f5f14d019055,https://static.inaturalist.org/photos/7059048/medium.jpg,447155,Gulls,data/new_raw/images/b93ab457-419e-4d2d-8f4d-f5f14d019055.jpg
3398689f-e0db-4887-8870-2af172aea617,https://inaturalist-open-data.s3.amazonaws.com/photos/7059093/medium.jpeg,12727,American Robin,data/new_raw/images/3398689f-e0db-4887-8870-2af172aea617.jpg
9d7ba93c-5f20-4121-9a3d-0dca995ad483,https://static.inaturalist.org/photos/7059098/medium.jpg,7089,Canada Goose,data/new_raw/images/9d7ba93c-5f20-4121-9a3d-0dca995ad483.jpg
90211cb0-a80d-4e38-809a-0b72276398d7,https://inaturalist-open-data.s3.amazonaws.com/photos/7059746/medium.jpeg,43111,Eastern Cottontail,data/new_raw/images/90211cb0-a80d-4e38-809a-0b72276398d7.jpg
f23672a9-af11-4f71-98cc-1d55da2f097a,https://inaturalist-open-data.s3.amazonaws.com/photos/7059959/medium.jpeg,43111,Eastern Cottontail,data/new_raw/images/f23672a9-af11-4f71-98cc-1d55da2f097a.jpg
71da5cf6-8fb8-41c6-8435-abb876324d93,https://inaturalist-open-data.s3.amazonaws.com/photos/7060024/medium.jpeg,46017,Eastern Gray Squirrel,data/new_raw/images/71da5cf6-8fb8-41c6-8435-abb876324d93.jpg
8303bb53-a378-4251-befb-585ae5983611,https://static.inaturalist.org/photos/7060102/medium.jpg,13858,House Sparrow,data/new_raw/images/8303bb53-a378-4251-befb-585ae5983611.jpg
8f524d2f-2e23-4686-9fc6-3b2758be05a1,https://inaturalist-open-data.s3.amazonaws.com/photos/7062663/medium.jpeg,43111,Eastern Cottontail,data/new_raw/images/8f524d2f-2e23-4686-9fc6-3b2758be05a1.jpg
07e57046-de89-4d68-90f3-024ed08f1d74,https://static.inaturalist.org/photos/7060341/medium.jpg,14850,European Starling,data/new_raw/images/07e57046-de89-4d68-90f3-024ed08f1d74.jpg
ef4e55b3-deca-4b78-aef0-29aa2eb47e28,https://inaturalist-open-data.s3.amazonaws.com/photos/7060405/medium.jpeg,12727,American Robin,data/new_raw/images/ef4e55b3-deca-4b78-aef0-29aa2eb47e28.jpg
8a4b56c9-d2fe-426a-b85e-5d3d8f359208,https://inaturalist-open-data.s3.amazonaws.com/photos/7060541/medium.jpeg,12727,American Robin,data/new_raw/images/8a4b56c9-d2fe-426a-b85e-5d3d8f359208.jpg
3f9f7b20-40b7-45c3-880c-47e4cc037113,https://static.inaturalist.org/photos/7095164/medium.jpg,7089,Canada Goose,data/new_raw/images/3f9f7b20-40b7-45c3-880c-47e4cc037113.jpg
a89a8223-c21e-4b97-b6e7-b8f7cea47667,https://inaturalist-open-data.s3.amazonaws.com/photos/7063939/medium.jpeg,18463,Yellow-bellied Sapsucker,data/new_raw/images/a89a8223-c21e-4b97-b6e7-b8f7cea47667.jpg
c24531ba-3567-49a6-a348-bb61d71f4418,https://inaturalist-open-data.s3.amazonaws.com/photos/7064267/medium.jpeg,558433,Blue-winged Teal,data/new_raw/images/c24531ba-3567-49a6-a348-bb61d71f4418.jpg
695bad44-fae3-46e4-83e5-4625a91687b2,https://inaturalist-open-data.s3.amazonaws.com/photos/7064310/medium.jpeg,7458,Brown Creeper,data/new_raw/images/695bad44-fae3-46e4-83e5-4625a91687b2.jpg
9f6f1621-78c3-4136-8481-994496dc24a3,https://inaturalist-open-data.s3.amazonaws.com/photos/7064372/medium.jpeg,792988,Downy Woodpecker,data/new_raw/images/9f6f1621-78c3-4136-8481-994496dc24a3.jpg
9668e257-938d-421b-a694-b78bedf19ac1,https://inaturalist-open-data.s3.amazonaws.com/photos/7064666/medium.jpeg,46217,Eastern Chipmunk,data/new_raw/images/9668e257-938d-421b-a694-b78bedf19ac1.jpg
2a04b5a0-f5df-452d-bbd7-603bf3ca9bc3,https://inaturalist-open-data.s3.amazonaws.com/photos/7064889/medium.jpeg,9744,Red-winged Blackbird,data/new_raw/images/2a04b5a0-f5df-452d-bbd7-603bf3ca9bc3.jpg
136b094a-2e5a-4ec4-8c7c-abf6e652200c,https://inaturalist-open-data.s3.amazonaws.com/photos/7065106/medium.jpeg,144815,Black-capped Chickadee,data/new_raw/images/136b094a-2e5a-4ec4-8c7c-abf6e652200c.jpg
aba33523-d704-4bbf-a781-41ae40f6c771,https://inaturalist-open-data.s3.amazonaws.com/photos/7065158/medium.jpeg,9083,Northern Cardinal,data/new_raw/images/aba33523-d704-4bbf-a781-41ae40f6c771.jpg
319aae35-58fb-4bac-ab56-bc947b6599ef,https://inaturalist-open-data.s3.amazonaws.com/photos/7065795/medium.jpeg,505478,Domestic Chicken,data/new_raw/images/319aae35-58fb-4bac-ab56-bc947b6599ef.jpg
cdb472eb-5382-4bd1-ac64-e6f72005abdf,https://static.inaturalist.org/photos/7180094/medium.jpg,6930,Mallard,data/new_raw/images/cdb472eb-5382-4bd1-ac64-e6f72005abdf.jpg
49e3a5f4-70bb-4435-933a-08b043f18e23,https://static.inaturalist.org/photos/7066010/medium.jpg,3454,Mourning Dove,data/new_raw/images/49e3a5f4-70bb-4435-933a-08b043f18e23.jpg
0788e63c-0811-4e72-822d-ae51edd447f7,https://inaturalist-open-data.s3.amazonaws.com/photos/7066313/medium.jpeg,7089,Canada Goose,data/new_raw/images/0788e63c-0811-4e72-822d-ae51edd447f7.jpg
f987f00b-7f72-436e-bb6f-3fc6a76a8077,https://inaturalist-open-data.s3.amazonaws.com/photos/7067257/medium.jpg,13858,House Sparrow,data/new_raw/images/f987f00b-7f72-436e-bb6f-3fc6a76a8077.jpg
302b4fd0-c55e-40b0-93e0-71138d78443e,https://inaturalist-open-data.s3.amazonaws.com/photos/7067339/medium.jpeg,12727,American Robin,data/new_raw/images/302b4fd0-c55e-40b0-93e0-71138d78443e.jpg
c71728e4-6be7-430c-a894-75e7e2025319,https://static.inaturalist.org/photos/7072957/medium.jpeg,9083,Northern Cardinal,data/new_raw/images/c71728e4-6be7-430c-a894-75e7e2025319.jpg
cb14a04f-f34b-4d1a-9622-1874fd6541a8,https://static.inaturalist.org/photos/7074082/medium.jpg,9744,Red-winged Blackbird,data/new_raw/images/cb14a04f-f34b-4d1a-9622-1874fd6541a8.jpg
0f30796d-4950-4447-86c3-c6af43ae136d,https://static.inaturalist.org/photos/7074118/medium.jpg,7089,Canada Goose,data/new_raw/images/0f30796d-4950-4447-86c3-c6af43ae136d.jpg
552a5b62-bdfd-4e76-afee-fcb046cbe61c,https://static.inaturalist.org/photos/7074332/medium.jpg,46017,Eastern Gray Squirrel,data/new_raw/images/552a5b62-bdfd-4e76-afee-fcb046cbe61c.jpg
03ad0433-28ba-4762-9848-5b734e8bd899,https://inaturalist-open-data.s3.amazonaws.com/photos/7077578/medium.jpeg,46020,Eastern Fox Squirrel,data/new_raw/images/03ad0433-28ba-4762-9848-5b734e8bd899.jpg
f022ab65-6f6c-4484-9610-d1546879595c,https://inaturalist-open-data.s3.amazonaws.com/photos/7078385/medium.jpeg,43111,Eastern Cottontail,data/new_raw/images/f022ab65-6f6c-4484-9610-d1546879595c.jpg
7a2de02e-0a0e-444c-9090-70f035fad66a,https://inaturalist-open-data.s3.amazonaws.com/photos/7081120/medium.jpg,13858,House Sparrow,data/new_raw/images/7a2de02e-0a0e-444c-9090-70f035fad66a.jpg
8bda6240-0fbf-491d-9b26-2529d0bdc9dd,https://inaturalist-open-data.s3.amazonaws.com/photos/7082465/medium.jpg,6930,Mallard,data/new_raw/images/8bda6240-0fbf-491d-9b26-2529d0bdc9dd.jpg
b28b2473-1a2e-4551-b752-bf3f262ede77,https://static.inaturalist.org/photos/7082351/medium.jpeg,4956,Great Blue Heron,data/new_raw/images/b28b2473-1a2e-4551-b752-bf3f262ede77.jpg
8975854d-f27e-4b29-a121-061573eee7e1,https://static.inaturalist.org/photos/7082441/medium.jpeg,1454382,Double-crested Cormorant,data/new_raw/images/8975854d-f27e-4b29-a121-061573eee7e1.jpg
f835eeea-7416-4ab4-9974-586aad2f7e76,https://inaturalist-open-data.s3.amazonaws.com/photos/7082566/medium.jpg,6930,Mallard,data/new_raw/images/f835eeea-7416-4ab4-9974-586aad2f7e76.jpg
0e882e27-d342-4568-af9c-9d49870a9cdd,https://static.inaturalist.org/photos/7082518/medium.jpeg,4981,Black-crowned Night Heron,data/new_raw/images/0e882e27-d342-4568-af9c-9d49870a9cdd.jpg
df7bd4fe-4e93-4374-9cd8-1cd0d5b156e7,https://inaturalist-open-data.s3.amazonaws.com/photos/7082622/medium.jpg,122767,Feral Pigeon,data/new_raw/images/df7bd4fe-4e93-4374-9cd8-1cd0d5b156e7.jpg
6929f775-c639-4641-9fe8-e9a5bda9001b,https://inaturalist-open-data.s3.amazonaws.com/photos/7082638/medium.jpg,7458,Brown Creeper,data/new_raw/images/6929f775-c639-4641-9fe8-e9a5bda9001b.jpg
e9b70855-51d8-45ad-88dd-581fa31cf81d,https://inaturalist-open-data.s3.amazonaws.com/photos/7089905/medium.jpeg,43111,Eastern Cottontail,data/new_raw/images/e9b70855-51d8-45ad-88dd-581fa31cf81d.jpg
2221289d-589b-4514-a49c-f7e5e5f0b1af,https://static.inaturalist.org/photos/7090007/medium.jpg,46017,Eastern Gray Squirrel,data/new_raw/images/2221289d-589b-4514-a49c-f7e5e5f0b1af.jpg
9ad45a26-0aa4-4edf-9dae-68567172c97c,https://static.inaturalist.org/photos/7090045/medium.jpg,12727,American Robin,data/new_raw/images/9ad45a26-0aa4-4edf-9dae-68567172c97c.jpg
443ed7a9-29fb-47d5-96cb-c1b820fedfb8,https://inaturalist-open-data.s3.amazonaws.com/photos/7091231/medium.jpeg,122767,Feral Pigeon,data/new_raw/images/443ed7a9-29fb-47d5-96cb-c1b820fedfb8.jpg
56d10ea3-20d4-46ee-aa67-d7c2f5774866,https://static.inaturalist.org/photos/7091987/medium.jpg,7089,Canada Goose,data/new_raw/images/56d10ea3-20d4-46ee-aa67-d7c2f5774866.jpg
2ca6bc5f-a907-4239-a482-233fd211a79a,https://static.inaturalist.org/photos/7091998/medium.jpg,46017,Eastern Gray Squirrel,data/new_raw/images/2ca6bc5f-a907-4239-a482-233fd211a79a.jpg
db6ecc0e-c107-40f8-af52-0b37189eae99,https://static.inaturalist.org/photos/7179833/medium.jpg,7089,Canada Goose,data/new_raw/images/db6ecc0e-c107-40f8-af52-0b37189eae99.jpg
781b7dee-f38d-4712-8d0a-cbb3825c0602,https://inaturalist-open-data.s3.amazonaws.com/photos/7095960/medium.jpg,18463,Yellow-bellied Sapsucker,data/new_raw/images/781b7dee-f38d-4712-8d0a-cbb3825c0602.jpg
b64b573b-fb00-45fb-b939-b51d4960a514,https://static.inaturalist.org/photos/7097464/medium.jpg,42223,White-tailed Deer,data/new_raw/images/b64b573b-fb00-45fb-b939-b51d4960a514.jpg
6e5193cb-6f94-46b9-9ef7-406507580e53,https://static.inaturalist.org/photos/7099845/medium.jpeg,41663,Common Raccoon,data/new_raw/images/6e5193cb-6f94-46b9-9ef7-406507580e53.jpg
0aa27f0f-228c-48ed-9f6e-f1b63e3a9a0d,https://static.inaturalist.org/photos/7100001/medium.jpg,42051,Coyote,data/new_raw/images/0aa27f0f-228c-48ed-9f6e-f1b63e3a9a0d.jpg
a2dcec17-3f8f-40d3-977a-f776f0fc9fba,https://static.inaturalist.org/photos/7101728/medium.jpeg,40151,Mammals,data/new_raw/images/a2dcec17-3f8f-40d3-977a-f776f0fc9fba.jpg
c7502d9d-b838-4b81-9f09-90a622b4404c,https://static.inaturalist.org/photos/7101753/medium.jpeg,7089,Canada Goose,data/new_raw/images/c7502d9d-b838-4b81-9f09-90a622b4404c.jpg
f31f13f2-be4e-4619-b9f3-0fc653db7c1b,https://static.inaturalist.org/photos/7101775/medium.jpg,1454382,Double-crested Cormorant,data/new_raw/images/f31f13f2-be4e-4619-b9f3-0fc653db7c1b.jpg
cdf157aa-e804-4d93-a71b-ff26e6ac0846,https://inaturalist-open-data.s3.amazonaws.com/photos/7102138/medium.jpg,473,American Coot,data/new_raw/images/cdf157aa-e804-4d93-a71b-ff26e6ac0846.jpg
288b6213-20cd-44a5-a338-ec7c01dc9d25,https://static.inaturalist.org/photos/7112180/medium.jpg,46017,Eastern Gray Squirrel,data/new_raw/images/288b6213-20cd-44a5-a338-ec7c01dc9d25.jpg
d643b417-b75f-46e6-8b9a-2da60056393c,https://static.inaturalist.org/photos/7115799/medium.jpg,7089,Canada Goose,data/new_raw/images/d643b417-b75f-46e6-8b9a-2da60056393c.jpg
6ec57b9d-040c-4f7c-90d8-dc8b990ab7de,https://static.inaturalist.org/photos/7121852/medium.jpg,46017,Eastern Gray Squirrel,data/new_raw/images/6ec57b9d-040c-4f7c-90d8-dc8b990ab7de.jpg
0f133058-11ea-4564-a691-da98934f98e2,https://inaturalist-open-data.s3.amazonaws.com/photos/7128753/medium.jpeg,7089,Canada Goose,data/new_raw/images/0f133058-11ea-4564-a691-da98934f98e2.jpg
129d41bc-0337-477b-ab0c-9937cb1c1865,https://inaturalist-open-data.s3.amazonaws.com/photos/7128798/medium.jpg,4343,Large White-headed Gulls,data/new_raw/images/129d41bc-0337-477b-ab0c-9937cb1c1865.jpg
3700541a-6ee8-4b6b-9b14-18e89450566f,https://inaturalist-open-data.s3.amazonaws.com/photos/7128845/medium.jpeg,43111,Eastern Cottontail,data/new_raw/images/3700541a-6ee8-4b6b-9b14-18e89450566f.jpg
65e7dff2-fc36-448c-bc12-e1039f8f18c5,https://inaturalist-open-data.s3.amazonaws.com/photos/7128862/medium.jpeg,14850,European Starling,data/new_raw/images/65e7dff2-fc36-448c-bc12-e1039f8f18c5.jpg
3335b278-0745-40b3-813e-a291b315a4fa,https://inaturalist-open-data.s3.amazonaws.com/photos/7128944/medium.jpg,10094,Dark-eyed Junco,data/new_raw/images/3335b278-0745-40b3-813e-a291b315a4fa.jpg
9ce6dc92-4e43-4864-824d-ef9da94e0401,https://inaturalist-open-data.s3.amazonaws.com/photos/7129588/medium.jpeg,9424,Eastern Towhee,data/new_raw/images/9ce6dc92-4e43-4864-824d-ef9da94e0401.jpg
07e714bf-f7a3-463e-abfa-a3a7a9ceee1b,https://inaturalist-open-data.s3.amazonaws.com/photos/7129515/medium.jpeg,5212,Red-tailed Hawk,data/new_raw/images/07e714bf-f7a3-463e-abfa-a3a7a9ceee1b.jpg
b23f72b3-29e2-4675-87a1-0a7d1a05d0ce,https://inaturalist-open-data.s3.amazonaws.com/photos/7133156/medium.jpg,46017,Eastern Gray Squirrel,data/new_raw/images/b23f72b3-29e2-4675-87a1-0a7d1a05d0ce.jpg
6bf0f9e3-841e-4cae-8627-e5f21b38d277,https://inaturalist-open-data.s3.amazonaws.com/photos/7133092/medium.jpg,14850,European Starling,data/new_raw/images/6bf0f9e3-841e-4cae-8627-e5f21b38d277.jpg
d6f11bea-452f-476b-8847-213a6468c0d8,https://inaturalist-open-data.s3.amazonaws.com/photos/7133889/medium.jpg,12727,American Robin,data/new_raw/images/d6f11bea-452f-476b-8847-213a6468c0d8.jpg
4bf6a12b-e773-4aab-976f-c69ff951fb51,https://inaturalist-open-data.s3.amazonaws.com/photos/7133929/medium.jpg,9100,Song Sparrow,data/new_raw/images/4bf6a12b-e773-4aab-976f-c69ff951fb51.jpg
dc70dea0-6637-4aa0-a30a-85e1fe77ce6f,https://inaturalist-open-data.s3.amazonaws.com/photos/7133854/medium.jpg,6930,Mallard,data/new_raw/images/dc70dea0-6637-4aa0-a30a-85e1fe77ce6f.jpg
b6bd07cf-27e4-4ad4-bb4a-19280fc8f94c,https://inaturalist-open-data.s3.amazonaws.com/photos/7136745/medium.jpeg,42223,White-tailed Deer,data/new_raw/images/b6bd07cf-27e4-4ad4-bb4a-19280fc8f94c.jpg
3748700f-7cc9-466b-ab4e-c163afd77f34,https://inaturalist-open-data.s3.amazonaws.com/photos/7136754/medium.jpeg,7107,Wood Duck,data/new_raw/images/3748700f-7cc9-466b-ab4e-c163afd77f34.jpg
988e5fa3-ae55-438a-8d26-432daa1064c5,https://inaturalist-open-data.s3.amazonaws.com/photos/7136786/medium.jpeg,46217,Eastern Chipmunk,data/new_raw/images/988e5fa3-ae55-438a-8d26-432daa1064c5.jpg
c5b8ba8e-b135-4fa9-854c-39bbfa634216,https://inaturalist-open-data.s3.amazonaws.com/photos/7136802/medium.jpeg,42051,Coyote,data/new_raw/images/c5b8ba8e-b135-4fa9-854c-39bbfa634216.jpg
2b50a07b-2c53-4d1f-b008-5f24a0c22b05,https://inaturalist-open-data.s3.amazonaws.com/photos/7137184/medium.jpg,12727,American Robin,data/new_raw/images/2b50a07b-2c53-4d1f-b008-5f24a0c22b05.jpg
f4c3e79b-19b8-46ac-a41a-05bbff5da35d,https://inaturalist-open-data.s3.amazonaws.com/photos/7137194/medium.jpg,9184,White-throated Sparrow,data/new_raw/images/f4c3e79b-19b8-46ac-a41a-05bbff5da35d.jpg
269001ac-d81f-4d6f-b516-afa69abddfad,https://inaturalist-open-data.s3.amazonaws.com/photos/7137207/medium.jpg,43111,Eastern Cottontail,data/new_raw/images/269001ac-d81f-4d6f-b516-afa69abddfad.jpg
5b41497e-9abb-468f-8ae8-5d39ca719bb0,https://inaturalist-open-data.s3.amazonaws.com/photos/7137197/medium.jpg,14850,European Starling,data/new_raw/images/5b41497e-9abb-468f-8ae8-5d39ca719bb0.jpg
a39ceb0f-65dc-4b8b-bdc0-36a2a27871dc,https://inaturalist-open-data.s3.amazonaws.com/photos/7137195/medium.jpg,14850,European Starling,data/new_raw/images/a39ceb0f-65dc-4b8b-bdc0-36a2a27871dc.jpg
5384224d-e772-4f58-85a0-e453abbccef1,https://inaturalist-open-data.s3.amazonaws.com/photos/7137266/medium.jpg,6930,Mallard,data/new_raw/images/5384224d-e772-4f58-85a0-e453abbccef1.jpg
444f1149-851d-4846-bf52-7ccb3f9894cc,https://inaturalist-open-data.s3.amazonaws.com/photos/7137301/medium.jpg,46017,Eastern Gray Squirrel,data/new_raw/images/444f1149-851d-4846-bf52-7ccb3f9894cc.jpg
1a6eb20b-8487-424b-8f2b-782cd32063a1,https://inaturalist-open-data.s3.amazonaws.com/photos/7137323/medium.jpg,46017,Eastern Gray Squirrel,data/new_raw/images/1a6eb20b-8487-424b-8f2b-782cd32063a1.jpg
8b3439e3-ca89-438b-8737-06516b178c43,https://inaturalist-open-data.s3.amazonaws.com/photos/7137251/medium.jpeg,17008,Eastern Phoebe,data/new_raw/images/8b3439e3-ca89-438b-8737-06516b178c43.jpg
892e6dc5-0d18-4c15-8edd-babf1139a828,https://inaturalist-open-data.s3.amazonaws.com/photos/7137246/medium.jpeg,9744,Red-winged Blackbird,data/new_raw/images/892e6dc5-0d18-4c15-8edd-babf1139a828.jpg
87ad1d4e-7955-422c-980f-3da616bf3cff,https://inaturalist-open-data.s3.amazonaws.com/photos/7137302/medium.jpeg,558433,Blue-winged Teal,data/new_raw/images/87ad1d4e-7955-422c-980f-3da616bf3cff.jpg
9f9a0f83-365d-43c9-a33a-aaef5ad49cc9,https://inaturalist-open-data.s3.amazonaws.com/photos/7137731/medium.jpeg,9083,Northern Cardinal,data/new_raw/images/9f9a0f83-365d-43c9-a33a-aaef5ad49cc9.jpg
15df6ed5-944e-4c08-8c8c-1bc99a846f3a,https://inaturalist-open-data.s3.amazonaws.com/photos/7137738/medium.jpeg,6930,Mallard,data/new_raw/images/15df6ed5-944e-4c08-8c8c-1bc99a846f3a.jpg
e21226e5-7dde-4b6b-8b3f-4a878bf2e83f,https://inaturalist-open-data.s3.amazonaws.com/photos/7138133/medium.jpg,46017,Eastern Gray Squirrel,data/new_raw/images/e21226e5-7dde-4b6b-8b3f-4a878bf2e83f.jpg
6482f91e-1b36-4732-ba74-9c5e54acbe38,https://inaturalist-open-data.s3.amazonaws.com/photos/7138124/medium.jpg,7107,Wood Duck,data/new_raw/images/6482f91e-1b36-4732-ba74-9c5e54acbe38.jpg
a1d89850-ceb4-4c33-a52e-0b32cc3395f8,https://inaturalist-open-data.s3.amazonaws.com/photos/7138034/medium.jpg,9096,Swamp Sparrow,data/new_raw/images/a1d89850-ceb4-4c33-a52e-0b32cc3395f8.jpg
a50f5a20-0488-4d4a-84e5-6d564d877ddb,https://inaturalist-open-data.s3.amazonaws.com/photos/7138025/medium.jpg,6930,Mallard,data/new_raw/images/a50f5a20-0488-4d4a-84e5-6d564d877ddb.jpg
26ef2f75-e984-4086-9cf7-0d7bc50db4f8,https://inaturalist-open-data.s3.amazonaws.com/photos/7138114/medium.jpg,144815,Black-capped Chickadee,data/new_raw/images/26ef2f75-e984-4086-9cf7-0d7bc50db4f8.jpg
7dbff32c-f4b2-4e2b-99e4-419bb34b2fb9,https://inaturalist-open-data.s3.amazonaws.com/photos/7138200/medium.jpg,4364,Ring-billed Gull,data/new_raw/images/7dbff32c-f4b2-4e2b-99e4-419bb34b2fb9.jpg
895f97ee-8b84-43f5-a6a2-060b9855976e,https://inaturalist-open-data.s3.amazonaws.com/photos/7138147/medium.jpg,9744,Red-winged Blackbird,data/new_raw/images/895f97ee-8b84-43f5-a6a2-060b9855976e.jpg
b67182df-ad8b-4d32-ae18-9da52bf18a31,https://inaturalist-open-data.s3.amazonaws.com/photos/7138262/medium.jpg,9744,Red-winged Blackbird,data/new_raw/images/b67182df-ad8b-4d32-ae18-9da52bf18a31.jpg
08d71a3b-b466-4081-87eb-fe605161e392,https://inaturalist-open-data.s3.amazonaws.com/photos/7138148/medium.jpg,13858,House Sparrow,data/new_raw/images/08d71a3b-b466-4081-87eb-fe605161e392.jpg
bd506f04-217f-4f35-b72f-ac48a6fd9896,https://inaturalist-open-data.s3.amazonaws.com/photos/7138322/medium.jpg,7089,Canada Goose,data/new_raw/images/bd506f04-217f-4f35-b72f-ac48a6fd9896.jpg
f652f996-ef21-4ff3-82cf-2f4b96f118e0,https://inaturalist-open-data.s3.amazonaws.com/photos/7138290/medium.jpg,9083,Northern Cardinal,data/new_raw/images/f652f996-ef21-4ff3-82cf-2f4b96f118e0.jpg
3d3b5200-3c22-4a95-bc25-5c416e7c9184,https://inaturalist-open-data.s3.amazonaws.com/photos/7138432/medium.jpg,7089,Canada Goose,data/new_raw/images/3d3b5200-3c22-4a95-bc25-5c416e7c9184.jpg
cf7002b6-5ad8-4ed2-aae9-bb6b6a30bcca,https://inaturalist-open-data.s3.amazonaws.com/photos/7138451/medium.jpg,6912,"Ducks, Geese, and Swans",data/new_raw/images/cf7002b6-5ad8-4ed2-aae9-bb6b6a30bcca.jpg
a2825a85-3d11-4048-9dfa-1f03d9e5077b,https://inaturalist-open-data.s3.amazonaws.com/photos/7138493/medium.jpg,236935,Domestic Mallard,data/new_raw/images/a2825a85-3d11-4048-9dfa-1f03d9e5077b.jpg
aba8c192-e686-40a3-ba69-1a10c3f94e3f,https://inaturalist-open-data.s3.amazonaws.com/photos/7138508/medium.jpg,236935,Domestic Mallard,data/new_raw/images/aba8c192-e686-40a3-ba69-1a10c3f94e3f.jpg
caa22161-8113-4327-9d00-5c42464c6d9b,https://inaturalist-open-data.s3.amazonaws.com/photos/7138539/medium.jpg,46017,Eastern Gray Squirrel,data/new_raw/images/caa22161-8113-4327-9d00-5c42464c6d9b.jpg
b81d30b1-a053-476a-8be8-5726bd79d57c,https://inaturalist-open-data.s3.amazonaws.com/photos/7138574/medium.jpg,43111,Eastern Cottontail,data/new_raw/images/b81d30b1-a053-476a-8be8-5726bd79d57c.jpg
1450e748-efce-408d-98d5-c0fab3207561,https://inaturalist-open-data.s3.amazonaws.com/photos/7138605/medium.jpg,43111,Eastern Cottontail,data/new_raw/images/1450e748-efce-408d-98d5-c0fab3207561.jpg
e4be72db-6f97-47a1-88cb-837ec6d06b0b,https://inaturalist-open-data.s3.amazonaws.com/photos/7139057/medium.jpg,12727,American Robin,data/new_raw/images/e4be72db-6f97-47a1-88cb-837ec6d06b0b.jpg
957b6d1b-a478-4a49-8036-0d0dbe8bf499,https://inaturalist-open-data.s3.amazonaws.com/photos/7141353/medium.jpg,42223,White-tailed Deer,data/new_raw/images/957b6d1b-a478-4a49-8036-0d0dbe8bf499.jpg
649572a3-6ade-4c2b-b2ba-567b61027273,https://inaturalist-open-data.s3.amazonaws.com/photos/7145087/medium.jpeg,122767,Feral Pigeon,data/new_raw/images/649572a3-6ade-4c2b-b2ba-567b61027273.jpg
56a6215e-54a3-46d2-a7ee-4e06901dcd8c,https://inaturalist-open-data.s3.amazonaws.com/photos/7144957/medium.jpeg,10373,Brown-headed Cowbird,data/new_raw/images/56a6215e-54a3-46d2-a7ee-4e06901dcd8c.jpg
377e9743-3e35-4824-927f-13c4f14e0084,https://inaturalist-open-data.s3.amazonaws.com/photos/7144963/medium.jpeg,1289388,Ruby-crowned Kinglet,data/new_raw/images/377e9743-3e35-4824-927f-13c4f14e0084.jpg
81e0670f-d816-4260-88a5-1fe93decccd4,https://inaturalist-open-data.s3.amazonaws.com/photos/7145290/medium.jpeg,46017,Eastern Gray Squirrel,data/new_raw/images/81e0670f-d816-4260-88a5-1fe93decccd4.jpg
215aba80-88c1-4ac3-9044-31fb48121154,https://inaturalist-open-data.s3.amazonaws.com/photos/7147238/medium.jpeg,8229,Blue Jay,data/new_raw/images/215aba80-88c1-4ac3-9044-31fb48121154.jpg
b06c1ad2-f067-406a-b786-2caba4a1b299,https://inaturalist-open-data.s3.amazonaws.com/photos/7159774/medium.jpeg,9744,Red-winged Blackbird,data/new_raw/images/b06c1ad2-f067-406a-b786-2caba4a1b299.jpg
cec119ab-df6c-4ac3-9478-ceb156514ead,https://inaturalist-open-data.s3.amazonaws.com/photos/7160000/medium.jpeg,12890,Hermit Thrush,data/new_raw/images/cec119ab-df6c-4ac3-9478-ceb156514ead.jpg
a6d7595e-4da6-427e-9eb2-a4a1e919812c,https://inaturalist-open-data.s3.amazonaws.com/photos/7169212/medium.jpg,13858,House Sparrow,data/new_raw/images/a6d7595e-4da6-427e-9eb2-a4a1e919812c.jpg
4ff1fb9b-85c8-4c6b-b7a0-5bdb303db7bf,https://inaturalist-open-data.s3.amazonaws.com/photos/7169239/medium.jpg,14850,European Starling,data/new_raw/images/4ff1fb9b-85c8-4c6b-b7a0-5bdb303db7bf.jpg
fee2ee42-1187-463b-afb8-1b354c98c95c,https://inaturalist-open-data.s3.amazonaws.com/photos/7169243/medium.jpg,14850,European Starling,data/new_raw/images/fee2ee42-1187-463b-afb8-1b354c98c95c.jpg
30717741-79df-43c9-9ab9-01549f17da05,https://inaturalist-open-data.s3.amazonaws.com/photos/7169307/medium.jpg,46017,Eastern Gray Squirrel,data/new_raw/images/30717741-79df-43c9-9ab9-01549f17da05.jpg
002ec265-8e28-4d13-8970-3b78cca98480,https://inaturalist-open-data.s3.amazonaws.com/photos/7169258/medium.jpg,46017,Eastern Gray Squirrel,data/new_raw/images/002ec265-8e28-4d13-8970-3b78cca98480.jpg
cd41b3b2-f592-4f14-bcc8-9f32db549197,https://inaturalist-open-data.s3.amazonaws.com/photos/7169266/medium.jpg,14850,European Starling,data/new_raw/images/cd41b3b2-f592-4f14-bcc8-9f32db549197.jpg
97c2a758-c9f6-4bf0-813c-0f06e7982424,https://inaturalist-open-data.s3.amazonaws.com/photos/7169485/medium.jpg,14850,European Starling,data/new_raw/images/97c2a758-c9f6-4bf0-813c-0f06e7982424.jpg
49142da3-b870-4216-902a-e6f5ec39d617,https://inaturalist-open-data.s3.amazonaws.com/photos/7169573/medium.jpg,13858,House Sparrow,data/new_raw/images/49142da3-b870-4216-902a-e6f5ec39d617.jpg
94329d4b-7320-4f35-aedd-20276b799798,https://inaturalist-open-data.s3.amazonaws.com/photos/7169489/medium.jpg,14850,European Starling,data/new_raw/images/94329d4b-7320-4f35-aedd-20276b799798.jpg
9fc6b56d-efbf-4f4c-896b-9c0cc47b82b2,https://inaturalist-open-data.s3.amazonaws.com/photos/7172706/medium.jpg,7089,Canada Goose,data/new_raw/images/9fc6b56d-efbf-4f4c-896b-9c0cc47b82b2.jpg
cab016c0-e131-4851-acea-3d6ed95366d4,https://inaturalist-open-data.s3.amazonaws.com/photos/7172539/medium.jpg,7089,Canada Goose,data/new_raw/images/cab016c0-e131-4851-acea-3d6ed95366d4.jpg
7230e537-98b0-43a3-bec2-669058e9d0f3,https://inaturalist-open-data.s3.amazonaws.com/photos/7172748/medium.jpg,7089,Canada Goose,data/new_raw/images/7230e537-98b0-43a3-bec2-669058e9d0f3.jpg
108591da-7057-4ffa-a463-0eb3af15c714,https://inaturalist-open-data.s3.amazonaws.com/photos/7172835/medium.jpg,7089,Canada Goose,data/new_raw/images/108591da-7057-4ffa-a463-0eb3af15c714.jpg
a5a22839-15f1-4a3c-9574-11780a347138,https://inaturalist-open-data.s3.amazonaws.com/photos/7173589/medium.jpeg,9424,Eastern Towhee,data/new_raw/images/a5a22839-15f1-4a3c-9574-11780a347138.jpg
7f755180-848a-4c03-a20d-51deb89d0f1c,https://inaturalist-open-data.s3.amazonaws.com/photos/7174992/medium.jpeg,7493,Blue-gray Gnatcatcher,data/new_raw/images/7f755180-848a-4c03-a20d-51deb89d0f1c.jpg
ad713000-3ac2-48d6-90db-a4882212f29b,https://inaturalist-open-data.s3.amazonaws.com/photos/7174920/medium.jpeg,979757,Orange-crowned Warbler,data/new_raw/images/ad713000-3ac2-48d6-90db-a4882212f29b.jpg
2b838a85-d326-4f59-841e-fba6007e3613,https://inaturalist-open-data.s3.amazonaws.com/photos/7174936/medium.jpeg,14801,White-breasted Nuthatch,data/new_raw/images/2b838a85-d326-4f59-841e-fba6007e3613.jpg
2ada6c6c-9657-481b-ae5a-e987c851b0bf,https://inaturalist-open-data.s3.amazonaws.com/photos/7175007/medium.jpeg,2548,Belted Kingfisher,data/new_raw/images/2ada6c6c-9657-481b-ae5a-e987c851b0bf.jpg
102442fe-fdbc-4c8f-962c-74db10fb7bb7,https://inaturalist-open-data.s3.amazonaws.com/photos/7175422/medium.jpeg,132704,Myrtle Warbler,data/new_raw/images/102442fe-fdbc-4c8f-962c-74db10fb7bb7.jpg
8f35880b-ccee-4e78-a1f8-00b72da884fa,https://static.inaturalist.org/photos/7179911/medium.jpg,46017,Eastern Gray Squirrel,data/new_raw/images/8f35880b-ccee-4e78-a1f8-00b72da884fa.jpg
b6ae8a38-3a7b-4eea-94d1-81603e0c1621,https://static.inaturalist.org/photos/7179934/medium.jpg,43111,Eastern Cottontail,data/new_raw/images/b6ae8a38-3a7b-4eea-94d1-81603e0c1621.jpg
a9b2bf66-75f0-4bb8-a84d-e615db443978,https://static.inaturalist.org/photos/7179942/medium.jpg,13858,House Sparrow,data/new_raw/images/a9b2bf66-75f0-4bb8-a84d-e615db443978.jpg
7552e52a-dd7e-48ed-aa57-61a28d1e4667,https://static.inaturalist.org/photos/7179980/medium.jpg,6930,Mallard,data/new_raw/images/7552e52a-dd7e-48ed-aa57-61a28d1e4667.jpg
0142d21f-6469-4a90-a832-e75cd4dd4c42,https://static.inaturalist.org/photos/7180001/medium.jpg,7089,Canada Goose,data/new_raw/images/0142d21f-6469-4a90-a832-e75cd4dd4c42.jpg
4fccb1e3-eb58-445f-ac57-e1ca0c27bdee,https://static.inaturalist.org/photos/7180063/medium.jpg,4364,Ring-billed Gull,data/new_raw/images/4fccb1e3-eb58-445f-ac57-e1ca0c27bdee.jpg
5bec5ed6-4d67-4d15-9e51-19406c370066,https://static.inaturalist.org/photos/7180075/medium.jpg,4364,Ring-billed Gull,data/new_raw/images/5bec5ed6-4d67-4d15-9e51-19406c370066.jpg
3b7f8770-95ac-4920-9166-9c8448bf59e2,https://inaturalist-open-data.s3.amazonaws.com/photos/7189075/medium.jpg,46017,Eastern Gray Squirrel,data/new_raw/images/3b7f8770-95ac-4920-9166-9c8448bf59e2.jpg
0c082606-84dc-4b86-ad42-8fe78d868eaf,https://inaturalist-open-data.s3.amazonaws.com/photos/7189108/medium.jpg,43111,Eastern Cottontail,data/new_raw/images/0c082606-84dc-4b86-ad42-8fe78d868eaf.jpg
47fd1230-b42e-4cb7-81dd-bc081844791e,https://inaturalist-open-data.s3.amazonaws.com/photos/7189128/medium.jpg,7089,Canada Goose,data/new_raw/images/47fd1230-b42e-4cb7-81dd-bc081844791e.jpg
39bae326-8b70-4d87-812a-b5184bbec2d6,https://inaturalist-open-data.s3.amazonaws.com/photos/7189141/medium.jpg,6930,Mallard,data/new_raw/images/39bae326-8b70-4d87-812a-b5184bbec2d6.jpg
40fc87a0-d932-482b-86ea-a91d9c942930,https://inaturalist-open-data.s3.amazonaws.com/photos/7189149/medium.jpg,6930,Mallard,data/new_raw/images/40fc87a0-d932-482b-86ea-a91d9c942930.jpg
f9d23f00-e38a-4416-b043-28fca87a2bfc,https://inaturalist-open-data.s3.amazonaws.com/photos/7189351/medium.jpg,7089,Canada Goose,data/new_raw/images/f9d23f00-e38a-4416-b043-28fca87a2bfc.jpg
d1fe8881-ccbb-4516-b44e-59dea4d9eb80,https://inaturalist-open-data.s3.amazonaws.com/photos/7189366/medium.jpg,6930,Mallard,data/new_raw/images/d1fe8881-ccbb-4516-b44e-59dea4d9eb80.jpg
6b7f4b11-29f9-45c4-8d95-896d2253bd38,https://inaturalist-open-data.s3.amazonaws.com/photos/7189432/medium.jpg,46020,Eastern Fox Squirrel,data/new_raw/images/6b7f4b11-29f9-45c4-8d95-896d2253bd38.jpg
03bfb2aa-7c50-4397-a728-dc730625b763,https://inaturalist-open-data.s3.amazonaws.com/photos/7190049/medium.jpg,13858,House Sparrow,data/new_raw/images/03bfb2aa-7c50-4397-a728-dc730625b763.jpg
27592511-bf87-4324-9ef9-0d776fac1ee1,https://inaturalist-open-data.s3.amazonaws.com/photos/7193998/medium.jpg,5020,Green Heron,data/new_raw/images/27592511-bf87-4324-9ef9-0d776fac1ee1.jpg
18ece796-dca2-4b2f-9e30-d38cc2e17359,https://inaturalist-open-data.s3.amazonaws.com/photos/7193999/medium.jpg,4981,Black-crowned Night Heron,data/new_raw/images/18ece796-dca2-4b2f-9e30-d38cc2e17359.jpg
0bb84632-b038-480b-97d8-91aa0720aad0,https://inaturalist-open-data.s3.amazonaws.com/photos/7195405/medium.jpeg,46217,Eastern Chipmunk,data/new_raw/images/0bb84632-b038-480b-97d8-91aa0720aad0.jpg
de418272-0f5c-43f9-93d1-555c3db38f64,https://inaturalist-open-data.s3.amazonaws.com/photos/7199682/medium.jpeg,4364,Ring-billed Gull,data/new_raw/images/de418272-0f5c-43f9-93d1-555c3db38f64.jpg
ac4643da-7a9d-488e-9b60-a004a271d88b,https://inaturalist-open-data.s3.amazonaws.com/photos/7199995/medium.jpeg,12727,American Robin,data/new_raw/images/ac4643da-7a9d-488e-9b60-a004a271d88b.jpg
47cb3fb0-0a41-4fed-8329-e365256fddde,https://inaturalist-open-data.s3.amazonaws.com/photos/7200042/medium.jpeg,46017,Eastern Gray Squirrel,data/new_raw/images/47cb3fb0-0a41-4fed-8329-e365256fddde.jpg
1ada8685-fa8a-4b18-a334-5ebf7e8da9b7,https://static.inaturalist.org/photos/7200216/medium.jpg,18236,Northern Flicker,data/new_raw/images/1ada8685-fa8a-4b18-a334-5ebf7e8da9b7.jpg
231282f0-650a-4d56-8a95-0e13d4d4af40,https://inaturalist-open-data.s3.amazonaws.com/photos/7200055/medium.jpeg,14850,European Starling,data/new_raw/images/231282f0-650a-4d56-8a95-0e13d4d4af40.jpg
84844afd-bf50-43d6-b184-23a1afffb0cf,https://inaturalist-open-data.s3.amazonaws.com/photos/7200106/medium.jpeg,4364,Ring-billed Gull,data/new_raw/images/84844afd-bf50-43d6-b184-23a1afffb0cf.jpg
ebe26f16-aa0b-435a-9653-7d76e5dac32f,https://inaturalist-open-data.s3.amazonaws.com/photos/7200240/medium.jpeg,43111,Eastern Cottontail,data/new_raw/images/ebe26f16-aa0b-435a-9653-7d76e5dac32f.jpg
daca39c7-455b-49f6-ad24-69c86844658b,https://inaturalist-open-data.s3.amazonaws.com/photos/7200289/medium.jpeg,13858,House Sparrow,data/new_raw/images/daca39c7-455b-49f6-ad24-69c86844658b.jpg
34d59b13-9472-4d88-9164-6bd892d777f0,https://inaturalist-open-data.s3.amazonaws.com/photos/7200709/medium.jpeg,9744,Red-winged Blackbird,data/new_raw/images/34d59b13-9472-4d88-9164-6bd892d777f0.jpg
fb307479-b0c8-4ce1-a916-e388754f6487,https://inaturalist-open-data.s3.amazonaws.com/photos/7200762/medium.jpeg,9744,Red-winged Blackbird,data/new_raw/images/fb307479-b0c8-4ce1-a916-e388754f6487.jpg
15b7f59d-76e4-4835-80b9-565582f29501,https://inaturalist-open-data.s3.amazonaws.com/photos/7200803/medium.jpeg,8021,American Crow,data/new_raw/images/15b7f59d-76e4-4835-80b9-565582f29501.jpg
f3be100f-bceb-466c-ad61-4a7b816e1518,https://inaturalist-open-data.s3.amazonaws.com/photos/7200899/medium.jpeg,12727,American Robin,data/new_raw/images/f3be100f-bceb-466c-ad61-4a7b816e1518.jpg
1a19aa22-0150-4b75-9d5e-e3fed314e6e6,https://inaturalist-open-data.s3.amazonaws.com/photos/7201676/medium.jpeg,4364,Ring-billed Gull,data/new_raw/images/1a19aa22-0150-4b75-9d5e-e3fed314e6e6.jpg
b122d195-78bb-42da-8928-84e2db7d0e4b,https://inaturalist-open-data.s3.amazonaws.com/photos/7201849/medium.jpeg,13858,House Sparrow,data/new_raw/images/b122d195-78bb-42da-8928-84e2db7d0e4b.jpg
68882c6d-24c5-4831-bfac-c773a8f838e8,https://inaturalist-open-data.s3.amazonaws.com/photos/7202075/medium.jpeg,9602,Common Grackle,data/new_raw/images/68882c6d-24c5-4831-bfac-c773a8f838e8.jpg
d9e7a13c-4a62-4d7e-9066-a26305f16704,https://inaturalist-open-data.s3.amazonaws.com/photos/7202100/medium.jpeg,6930,Mallard,data/new_raw/images/d9e7a13c-4a62-4d7e-9066-a26305f16704.jpg
4f9cbf10-3902-4525-bdf5-183a3077296b,https://inaturalist-open-data.s3.amazonaws.com/photos/7202329/medium.jpeg,6930,Mallard,data/new_raw/images/4f9cbf10-3902-4525-bdf5-183a3077296b.jpg
ebf9dc93-841c-4805-ba7a-ebe3abfc501f,https://static.inaturalist.org/photos/7202554/medium.jpg,9083,Northern Cardinal,data/new_raw/images/ebf9dc93-841c-4805-ba7a-ebe3abfc501f.jpg
57e0e4ef-8f3e-4c86-a215-77e358bd5e60,https://static.inaturalist.org/photos/7202724/medium.jpg,9424,Eastern Towhee,data/new_raw/images/57e0e4ef-8f3e-4c86-a215-77e358bd5e60.jpg
bffd6f9c-739c-46ad-9a61-efbea287b970,https://inaturalist-open-data.s3.amazonaws.com/photos/7202854/medium.jpeg,7107,Wood Duck,data/new_raw/images/bffd6f9c-739c-46ad-9a61-efbea287b970.jpg
747c1c50-302d-4c23-8292-c48b09274daa,https://inaturalist-open-data.s3.amazonaws.com/photos/7202906/medium.jpeg,5020,Green Heron,data/new_raw/images/747c1c50-302d-4c23-8292-c48b09274daa.jpg
8c94a90e-36b1-48e1-995d-2f40941d0d0e,https://static.inaturalist.org/photos/7203036/medium.jpg,7107,Wood Duck,data/new_raw/images/8c94a90e-36b1-48e1-995d-2f40941d0d0e.jpg
246b29e0-b563-4d32-a566-f9e1a21adad4,https://static.inaturalist.org/photos/7203541/medium.jpg,9083,Northern Cardinal,data/new_raw/images/246b29e0-b563-4d32-a566-f9e1a21adad4.jpg
338e3316-e0f0-4080-bb00-36ecd7ec3c17,https://static.inaturalist.org/photos/7203830/medium.jpg,18463,Yellow-bellied Sapsucker,data/new_raw/images/338e3316-e0f0-4080-bb00-36ecd7ec3c17.jpg
d3aa9dba-43b1-49e5-9753-6acede9f9402,https://inaturalist-open-data.s3.amazonaws.com/photos/7206882/medium.jpg,7562,Northern House Wren,data/new_raw/images/d3aa9dba-43b1-49e5-9753-6acede9f9402.jpg
05f94f8b-f701-488f-9df0-431496f4be30,https://inaturalist-open-data.s3.amazonaws.com/photos/7207556/medium.jpeg,13858,House Sparrow,data/new_raw/images/05f94f8b-f701-488f-9df0-431496f4be30.jpg
57bf45b4-1e99-46a9-abd8-97e454549a50,https://inaturalist-open-data.s3.amazonaws.com/photos/7207544/medium.jpeg,11867,Purple Martin,data/new_raw/images/57bf45b4-1e99-46a9-abd8-97e454549a50.jpg
d91adfbd-85ae-478c-87cb-2815654bf813,https://inaturalist-open-data.s3.amazonaws.com/photos/7207599/medium.jpeg,7458,Brown Creeper,data/new_raw/images/d91adfbd-85ae-478c-87cb-2815654bf813.jpg
2cc01d91-5b1f-49b7-a17c-c42ee1c6f4d3,https://inaturalist-open-data.s3.amazonaws.com/photos/7207613/medium.jpeg,12890,Hermit Thrush,data/new_raw/images/2cc01d91-5b1f-49b7-a17c-c42ee1c6f4d3.jpg
a6ba135c-be38-402a-8256-e9109787cd60,https://inaturalist-open-data.s3.amazonaws.com/photos/7210079/medium.jpg,14850,European Starling,data/new_raw/images/a6ba135c-be38-402a-8256-e9109787cd60.jpg
e75aa070-6680-491f-bdbb-3df67615979e,https://static.inaturalist.org/photos/7211460/medium.jpg,43111,Eastern Cottontail,data/new_raw/images/e75aa070-6680-491f-bdbb-3df67615979e.jpg
9f5c7c73-8b83-4024-8805-15e1fac9d8d2,https://static.inaturalist.org/photos/7212016/medium.jpg,7089,Canada Goose,data/new_raw/images/9f5c7c73-8b83-4024-8805-15e1fac9d8d2.jpg
f3e541ab-6332-4b0d-a401-efab627ec08d,https://static.inaturalist.org/photos/7212034/medium.jpg,9744,Red-winged Blackbird,data/new_raw/images/f3e541ab-6332-4b0d-a401-efab627ec08d.jpg
0fd2ed5f-4570-45aa-857a-ffea7a925e12,https://static.inaturalist.org/photos/7212080/medium.jpg,45994,Tree Squirrels,data/new_raw/images/0fd2ed5f-4570-45aa-857a-ffea7a925e12.jpg
e991ecd8-7e17-43b5-b417-f6d13d233f6d,https://static.inaturalist.org/photos/7212159/medium.jpg,12727,American Robin,data/new_raw/images/e991ecd8-7e17-43b5-b417-f6d13d233f6d.jpg
48519542-303b-4f2a-b40b-03b19be0526a,https://static.inaturalist.org/photos/7212205/medium.jpg,6930,Mallard,data/new_raw/images/48519542-303b-4f2a-b40b-03b19be0526a.jpg
479bdc3c-33f9-477c-b5e2-fc6de4618dda,https://static.inaturalist.org/photos/7213022/medium.jpg,14850,European Starling,data/new_raw/images/479bdc3c-33f9-477c-b5e2-fc6de4618dda.jpg
9cc9f827-ac6b-4bc9-832d-deb46732b996,https://static.inaturalist.org/photos/7215134/medium.jpg,43111,Eastern Cottontail,data/new_raw/images/9cc9f827-ac6b-4bc9-832d-deb46732b996.jpg
6c780b01-a437-4723-898e-d3cd64e89b87,https://static.inaturalist.org/photos/7215625/medium.jpg,12727,American Robin,data/new_raw/images/6c780b01-a437-4723-898e-d3cd64e89b87.jpg
06e3446c-d5a6-45c4-8e98-534db0be0439,https://inaturalist-open-data.s3.amazonaws.com/photos/7215344/medium.jpg,10479,Lark Sparrow,data/new_raw/images/06e3446c-d5a6-45c4-8e98-534db0be0439.jpg
efdf8057-7f74-4a7f-a91a-d95e419b5096,https://inaturalist-open-data.s3.amazonaws.com/photos/7215831/medium.jpg,43111,Eastern Cottontail,data/new_raw/images/efdf8057-7f74-4a7f-a91a-d95e419b5096.jpg
a67e7a71-6227-46d6-9b92-0a66da899834,https://inaturalist-open-data.s3.amazonaws.com/photos/7215522/medium.jpeg,8021,American Crow,data/new_raw/images/a67e7a71-6227-46d6-9b92-0a66da899834.jpg
71c4b5b7-f188-4da7-a9f0-1c114e3f75f5,https://inaturalist-open-data.s3.amazonaws.com/photos/7215555/medium.jpeg,7089,Canada Goose,data/new_raw/images/71c4b5b7-f188-4da7-a9f0-1c114e3f75f5.jpg
502cd36e-3923-4203-88b9-b8237cce6e9f,https://inaturalist-open-data.s3.amazonaws.com/photos/7215537/medium.jpeg,18236,Northern Flicker,data/new_raw/images/502cd36e-3923-4203-88b9-b8237cce6e9f.jpg
0d4249e4-be4d-42d9-9c30-14d214f1c8a4,https://inaturalist-open-data.s3.amazonaws.com/photos/7215560/medium.jpeg,11935,Tree Swallow,data/new_raw/images/0d4249e4-be4d-42d9-9c30-14d214f1c8a4.jpg
b6fee576-743b-4bd2-92d8-18745ff0fc39,https://inaturalist-open-data.s3.amazonaws.com/photos/7215574/medium.jpeg,4793,Killdeer,data/new_raw/images/b6fee576-743b-4bd2-92d8-18745ff0fc39.jpg
3cfe72b6-a734-4f1d-8dc4-53564e98f8c0,https://inaturalist-open-data.s3.amazonaws.com/photos/7215648/medium.jpeg,14886,Northern Mockingbird,data/new_raw/images/3cfe72b6-a734-4f1d-8dc4-53564e98f8c0.jpg
91914ae0-c5cc-4b01-b594-e023ee3ef10b,https://inaturalist-open-data.s3.amazonaws.com/photos/7215664/medium.jpeg,14898,Brown Thrasher,data/new_raw/images/91914ae0-c5cc-4b01-b594-e023ee3ef10b.jpg
aeaa7089-a44e-43c0-801b-ad3e6b3acc2b,https://inaturalist-open-data.s3.amazonaws.com/photos/7215676/medium.jpeg,9602,Common Grackle,data/new_raw/images/aeaa7089-a44e-43c0-801b-ad3e6b3acc2b.jpg
72da37a0-4a75-478f-aff4-54b6def791ac,https://inaturalist-open-data.s3.amazonaws.com/photos/7215687/medium.jpeg,18463,Yellow-bellied Sapsucker,data/new_raw/images/72da37a0-4a75-478f-aff4-54b6def791ac.jpg
235b5502-3c8f-4ef2-9b36-a5340d9b101d,https://inaturalist-open-data.s3.amazonaws.com/photos/7215702/medium.jpeg,11970,Northern Rough-winged Swallow,data/new_raw/images/235b5502-3c8f-4ef2-9b36-a5340d9b101d.jpg
5c3c4fe4-a897-4f3c-bf5d-6058036911f0,https://inaturalist-open-data.s3.amazonaws.com/photos/7215713/medium.jpeg,9528,Eastern Meadowlark,data/new_raw/images/5c3c4fe4-a897-4f3c-bf5d-6058036911f0.jpg
89ab3613-0942-4887-aa91-a765c76f3560,https://inaturalist-open-data.s3.amazonaws.com/photos/7215728/medium.jpeg,122767,Feral Pigeon,data/new_raw/images/89ab3613-0942-4887-aa91-a765c76f3560.jpg
f077616f-f718-4ec8-bab6-b65b711823a2,https://inaturalist-open-data.s3.amazonaws.com/photos/7217786/medium.jpeg,42223,White-tailed Deer,data/new_raw/images/f077616f-f718-4ec8-bab6-b65b711823a2.jpg
30491e09-2c68-4bbd-b3a6-c73fcaa96a3d,https://inaturalist-open-data.s3.amazonaws.com/photos/7217824/medium.jpeg,41663,Common Raccoon,data/new_raw/images/30491e09-2c68-4bbd-b3a6-c73fcaa96a3d.jpg
41ecb357-622f-4cf2-8919-099d281ac4b8,https://inaturalist-open-data.s3.amazonaws.com/photos/7217801/medium.jpeg,14886,Northern Mockingbird,data/new_raw/images/41ecb357-622f-4cf2-8919-099d281ac4b8.jpg
fc28ef5e-76ea-492e-b6ac-d64bd9d12201,https://inaturalist-open-data.s3.amazonaws.com/photos/7217830/medium.jpeg,117100,Golden-crowned Kinglet,data/new_raw/images/fc28ef5e-76ea-492e-b6ac-d64bd9d12201.jpg
19d99cce-7b59-4f59-9304-4e7538678870,https://inaturalist-open-data.s3.amazonaws.com/photos/7219579/medium.jpg,44576,Brown Rat,data/new_raw/images/19d99cce-7b59-4f59-9304-4e7538678870.jpg
1e03a7d7-f43d-4e54-8637-aade7af74584,https://inaturalist-open-data.s3.amazonaws.com/photos/7219779/medium.jpg,46017,Eastern Gray Squirrel,data/new_raw/images/1e03a7d7-f43d-4e54-8637-aade7af74584.jpg
ed694f33-5daa-423f-aebb-a9c418047a31,https://inaturalist-open-data.s3.amazonaws.com/photos/7219967/medium.jpg,7107,Wood Duck,data/new_raw/images/ed694f33-5daa-423f-aebb-a9c418047a31.jpg
af87eebf-ae3f-4b1c-8461-c0a3f20b781f,https://inaturalist-open-data.s3.amazonaws.com/photos/7220267/medium.jpg,6930,Mallard,data/new_raw/images/af87eebf-ae3f-4b1c-8461-c0a3f20b781f.jpg
02c53965-1b5e-4116-81ce-23de4eb6a72a,https://inaturalist-open-data.s3.amazonaws.com/photos/7220307/medium.jpg,558433,Blue-winged Teal,data/new_raw/images/02c53965-1b5e-4116-81ce-23de4eb6a72a.jpg
ba2f75e3-1e87-48ac-be12-7284ee1091e3,https://inaturalist-open-data.s3.amazonaws.com/photos/7220337/medium.jpg,43584,Human,data/new_raw/images/ba2f75e3-1e87-48ac-be12-7284ee1091e3.jpg
cf2f3a26-3b47-45ee-9ef1-26ab1428bf38,https://inaturalist-open-data.s3.amazonaws.com/photos/7220351/medium.jpg,6937,Green-winged Teal,data/new_raw/images/cf2f3a26-3b47-45ee-9ef1-26ab1428bf38.jpg
8ceb97c5-a632-4f7b-843c-53b7bcb9d23b,https://inaturalist-open-data.s3.amazonaws.com/photos/7220463/medium.jpg,7054,Lesser Scaup,data/new_raw/images/8ceb97c5-a632-4f7b-843c-53b7bcb9d23b.jpg
8f04cec8-3b26-41df-a6f6-a0a59539ac9f,https://inaturalist-open-data.s3.amazonaws.com/photos/7220511/medium.jpg,6993,Bufflehead,data/new_raw/images/8f04cec8-3b26-41df-a6f6-a0a59539ac9f.jpg
4085de2c-8100-4b87-9d1e-aefb20a7122b,https://static.inaturalist.org/photos/7220637/medium.jpg,43111,Eastern Cottontail,data/new_raw/images/4085de2c-8100-4b87-9d1e-aefb20a7122b.jpg
ac84b401-306d-4833-94f6-da8eabcc5b98,https://static.inaturalist.org/photos/7220813/medium.jpg,43111,Eastern Cottontail,data/new_raw/images/ac84b401-306d-4833-94f6-da8eabcc5b98.jpg
3a580315-3942-4459-b287-ee3472fdf4bb,https://inaturalist-open-data.s3.amazonaws.com/photos/7220596/medium.jpg,6996,Red-breasted Merganser,data/new_raw/images/3a580315-3942-4459-b287-ee3472fdf4bb.jpg
9f780255-5465-4b1c-b7e7-413f2a4a18b7,https://inaturalist-open-data.s3.amazonaws.com/photos/7221090/medium.jpg,1454382,Double-crested Cormorant,data/new_raw/images/9f780255-5465-4b1c-b7e7-413f2a4a18b7.jpg
c4aa8df3-5377-4f41-ad40-b8ceb6bc6e9e,https://inaturalist-open-data.s3.amazonaws.com/photos/7221147/medium.jpg,4956,Great Blue Heron,data/new_raw/images/c4aa8df3-5377-4f41-ad40-b8ceb6bc6e9e.jpg
42929b21-bb47-4704-a6f2-f1aeb5a61577,https://inaturalist-open-data.s3.amazonaws.com/photos/7221265/medium.jpg,4981,Black-crowned Night Heron,data/new_raw/images/42929b21-bb47-4704-a6f2-f1aeb5a61577.jpg
e6140916-2412-4c8a-83f8-4f975cc3f229,https://inaturalist-open-data.s3.amazonaws.com/photos/7221377/medium.jpg,473,American Coot,data/new_raw/images/e6140916-2412-4c8a-83f8-4f975cc3f229.jpg
b1bb6711-6fcc-484a-a0a2-b7c332115386,https://inaturalist-open-data.s3.amazonaws.com/photos/7221419/medium.jpg,508048,Sandhill Crane,data/new_raw/images/b1bb6711-6fcc-484a-a0a2-b7c332115386.jpg
74c39636-1088-4537-b8ae-2c1ba15a3cb0,https://inaturalist-open-data.s3.amazonaws.com/photos/7221578/medium.jpg,4364,Ring-billed Gull,data/new_raw/images/74c39636-1088-4537-b8ae-2c1ba15a3cb0.jpg
d958fefc-cca4-4ced-bd24-15dc0c06039d,https://inaturalist-open-data.s3.amazonaws.com/photos/7221682/medium.jpg,1578489,American Herring Gull,data/new_raw/images/d958fefc-cca4-4ced-bd24-15dc0c06039d.jpg
825229a2-5c3f-49be-b0e8-f36da1977966,https://inaturalist-open-data.s3.amazonaws.com/photos/7221712/medium.jpg,144537,Caspian Tern,data/new_raw/images/825229a2-5c3f-49be-b0e8-f36da1977966.jpg
5db476f9-56e7-40b9-a475-1e95ef10b18f,https://inaturalist-open-data.s3.amazonaws.com/photos/7222421/medium.jpg,11970,Northern Rough-winged Swallow,data/new_raw/images/5db476f9-56e7-40b9-a475-1e95ef10b18f.jpg
973a2797-325c-41ba-ae52-c77a0ce990ec,https://inaturalist-open-data.s3.amazonaws.com/photos/7222745/medium.jpg,144815,Black-capped Chickadee,data/new_raw/images/973a2797-325c-41ba-ae52-c77a0ce990ec.jpg
d9ff295b-e29d-4634-8270-e431773a7a33,https://inaturalist-open-data.s3.amazonaws.com/photos/7222989/medium.jpg,7458,Brown Creeper,data/new_raw/images/d9ff295b-e29d-4634-8270-e431773a7a33.jpg
34ac0d89-684a-444c-a685-4389cea81cb9,https://inaturalist-open-data.s3.amazonaws.com/photos/7223462/medium.jpg,12727,American Robin,data/new_raw/images/34ac0d89-684a-444c-a685-4389cea81cb9.jpg
5c7ed6d3-42e3-456b-a9af-26092dd9ade4,https://inaturalist-open-data.s3.amazonaws.com/photos/7223707/medium.jpg,145242,Palm Warbler,data/new_raw/images/5c7ed6d3-42e3-456b-a9af-26092dd9ade4.jpg
8573cab9-f4bd-43c8-84a0-ce58d12d4a9e,https://inaturalist-open-data.s3.amazonaws.com/photos/7224236/medium.jpg,9135,Chipping Sparrow,data/new_raw/images/8573cab9-f4bd-43c8-84a0-ce58d12d4a9e.jpg
9575f19f-c6b7-485d-9c8e-40a8653becf3,https://inaturalist-open-data.s3.amazonaws.com/photos/7224373/medium.jpg,343340,Eastern Red Fox Sparrow,data/new_raw/images/9575f19f-c6b7-485d-9c8e-40a8653becf3.jpg
608ac0d2-71ec-4354-852a-16e0ebdfb124,https://inaturalist-open-data.s3.amazonaws.com/photos/7224538/medium.jpg,9096,Swamp Sparrow,data/new_raw/images/608ac0d2-71ec-4354-852a-16e0ebdfb124.jpg
7b08a4e6-d207-4e47-900a-c4aedff6788b,https://inaturalist-open-data.s3.amazonaws.com/photos/7224697/medium.jpg,9184,White-throated Sparrow,data/new_raw/images/7b08a4e6-d207-4e47-900a-c4aedff6788b.jpg
1f6d1ae6-b42f-4976-8fae-c6ce2a0e0218,https://inaturalist-open-data.s3.amazonaws.com/photos/7225318/medium.jpg,13858,House Sparrow,data/new_raw/images/1f6d1ae6-b42f-4976-8fae-c6ce2a0e0218.jpg
67648dc1-e213-4453-8b52-c2db41b9ac67,https://inaturalist-open-data.s3.amazonaws.com/photos/7225344/medium.jpeg,9100,Song Sparrow,data/new_raw/images/67648dc1-e213-4453-8b52-c2db41b9ac67.jpg
1136d586-806c-4fe2-acec-0d36fb93ccf6,https://inaturalist-open-data.s3.amazonaws.com/photos/7227714/medium.jpg,145310,American Goldfinch,data/new_raw/images/1136d586-806c-4fe2-acec-0d36fb93ccf6.jpg
f43a81ed-283d-40c3-aded-be12e337fb4e,https://inaturalist-open-data.s3.amazonaws.com/photos/7229198/medium.jpg,18205,Red-bellied Woodpecker,data/new_raw/images/f43a81ed-283d-40c3-aded-be12e337fb4e.jpg
f1a88354-1dbf-4f6e-abf8-8f1d0b0834a8,https://inaturalist-open-data.s3.amazonaws.com/photos/7228938/medium.jpg,13858,House Sparrow,data/new_raw/images/f1a88354-1dbf-4f6e-abf8-8f1d0b0834a8.jpg
7fb4393e-af3a-43cf-9166-19bb318169cb,https://inaturalist-open-data.s3.amazonaws.com/photos/7228952/medium.jpg,14850,European Starling,data/new_raw/images/7fb4393e-af3a-43cf-9166-19bb318169cb.jpg
9d1eab56-e654-4919-b847-0f8fbd2ea913,https://inaturalist-open-data.s3.amazonaws.com/photos/7228878/medium.jpg,13858,House Sparrow,data/new_raw/images/9d1eab56-e654-4919-b847-0f8fbd2ea913.jpg
1b6c0c3c-811d-4e2a-b4cf-b93b7bab094d,https://inaturalist-open-data.s3.amazonaws.com/photos/7229042/medium.jpg,14850,European Starling,data/new_raw/images/1b6c0c3c-811d-4e2a-b4cf-b93b7bab094d.jpg
4674a911-8a35-4cbd-91fd-3f3287e20ea1,https://inaturalist-open-data.s3.amazonaws.com/photos/7229055/medium.jpg,14850,European Starling,data/new_raw/images/4674a911-8a35-4cbd-91fd-3f3287e20ea1.jpg
2f95c94e-aee0-4656-bef4-cf6fb903ac41,https://inaturalist-open-data.s3.amazonaws.com/photos/7229654/medium.jpeg,12727,American Robin,data/new_raw/images/2f95c94e-aee0-4656-bef4-cf6fb903ac41.jpg
3d747b81-aa5d-42ff-aea0-07f0729c1ef7,https://inaturalist-open-data.s3.amazonaws.com/photos/7230137/medium.jpeg,792988,Downy Woodpecker,data/new_raw/images/3d747b81-aa5d-42ff-aea0-07f0729c1ef7.jpg
00f4bb2f-8381-481f-962a-d68996f13b0d,https://inaturalist-open-data.s3.amazonaws.com/photos/7230126/medium.jpeg,9184,White-throated Sparrow,data/new_raw/images/00f4bb2f-8381-481f-962a-d68996f13b0d.jpg
e45fcd00-008d-42dc-863b-2a435e5c936a,https://inaturalist-open-data.s3.amazonaws.com/photos/7229921/medium.jpg,4364,Ring-billed Gull,data/new_raw/images/e45fcd00-008d-42dc-863b-2a435e5c936a.jpg
847e0d6c-937e-4769-b827-e8a68a9f0b7b,https://inaturalist-open-data.s3.amazonaws.com/photos/7229941/medium.jpg,1454382,Double-crested Cormorant,data/new_raw/images/847e0d6c-937e-4769-b827-e8a68a9f0b7b.jpg
326c018a-7965-41c6-a69e-e2d8f41110b1,https://inaturalist-open-data.s3.amazonaws.com/photos/7229955/medium.jpg,12890,Hermit Thrush,data/new_raw/images/326c018a-7965-41c6-a69e-e2d8f41110b1.jpg
8edc95f9-8088-4d42-961a-ab0d8c51da3b,https://inaturalist-open-data.s3.amazonaws.com/photos/7229957/medium.jpg,12890,Hermit Thrush,data/new_raw/images/8edc95f9-8088-4d42-961a-ab0d8c51da3b.jpg
92bcab98-39d7-4721-bfde-57cd5217b56e,https://inaturalist-open-data.s3.amazonaws.com/photos/7229963/medium.jpg,9602,Common Grackle,data/new_raw/images/92bcab98-39d7-4721-bfde-57cd5217b56e.jpg
ea5f7021-8dfc-4635-8781-3e21bd26f7de,https://inaturalist-open-data.s3.amazonaws.com/photos/7231406/medium.jpg,43111,Eastern Cottontail,data/new_raw/images/ea5f7021-8dfc-4635-8781-3e21bd26f7de.jpg
e8e540cb-c8d9-4524-bba9-85f96061b72b,https://inaturalist-open-data.s3.amazonaws.com/photos/7231415/medium.jpg,14850,European Starling,data/new_raw/images/e8e540cb-c8d9-4524-bba9-85f96061b72b.jpg
222197c4-e66c-4625-b2db-95fb019fe6e8,https://inaturalist-open-data.s3.amazonaws.com/photos/7231356/medium.jpg,9602,Common Grackle,data/new_raw/images/222197c4-e66c-4625-b2db-95fb019fe6e8.jpg
c1100e03-fdbc-4a0c-adb7-0cdcef1c1b7d,https://inaturalist-open-data.s3.amazonaws.com/photos/7231423/medium.jpg,12727,American Robin,data/new_raw/images/c1100e03-fdbc-4a0c-adb7-0cdcef1c1b7d.jpg
064cf8f8-54ec-4e73-9d58-fdba4fad67a8,https://inaturalist-open-data.s3.amazonaws.com/photos/7232012/medium.jpg,9602,Common Grackle,data/new_raw/images/064cf8f8-54ec-4e73-9d58-fdba4fad67a8.jpg
4a513eff-ccdf-4d15-9ef5-dd481cc3e3a9,https://inaturalist-open-data.s3.amazonaws.com/photos/7232005/medium.jpg,12727,American Robin,data/new_raw/images/4a513eff-ccdf-4d15-9ef5-dd481cc3e3a9.jpg
25757ce4-98d0-401e-983d-5216f7a07599,https://inaturalist-open-data.s3.amazonaws.com/photos/7231994/medium.jpg,9602,Common Grackle,data/new_raw/images/25757ce4-98d0-401e-983d-5216f7a07599.jpg
ff3c2731-da6b-43f8-a230-f30aa8062068,https://inaturalist-open-data.s3.amazonaws.com/photos/7232027/medium.jpg,12727,American Robin,data/new_raw/images/ff3c2731-da6b-43f8-a230-f30aa8062068.jpg
969d2e42-168a-4630-a735-399be72e158b,https://inaturalist-open-data.s3.amazonaws.com/photos/7232030/medium.jpg,9602,Common Grackle,data/new_raw/images/969d2e42-168a-4630-a735-399be72e158b.jpg
7cc997a6-6a06-4d77-93cc-b246d0660bfe,https://inaturalist-open-data.s3.amazonaws.com/photos/7232041/medium.jpg,9744,Red-winged Blackbird,data/new_raw/images/7cc997a6-6a06-4d77-93cc-b246d0660bfe.jpg
1a87b2d2-3823-4ba6-8cdb-f1536b5e79e2,https://inaturalist-open-data.s3.amazonaws.com/photos/7232144/medium.jpg,12727,American Robin,data/new_raw/images/1a87b2d2-3823-4ba6-8cdb-f1536b5e79e2.jpg
eb3b4e6f-3982-466e-908d-e9a4737f3af1,https://inaturalist-open-data.s3.amazonaws.com/photos/7232178/medium.jpg,9744,Red-winged Blackbird,data/new_raw/images/eb3b4e6f-3982-466e-908d-e9a4737f3af1.jpg
0081c22c-c492-417d-a71b-37f608ae28d4,https://inaturalist-open-data.s3.amazonaws.com/photos/7232171/medium.jpg,12727,American Robin,data/new_raw/images/0081c22c-c492-417d-a71b-37f608ae28d4.jpg
7c4ad9f0-58a1-4c2d-95fc-2830f93ad19e,https://inaturalist-open-data.s3.amazonaws.com/photos/7232089/medium.jpg,9184,White-throated Sparrow,data/new_raw/images/7c4ad9f0-58a1-4c2d-95fc-2830f93ad19e.jpg
ca939356-0368-4ac4-a868-b45d3084152c,https://inaturalist-open-data.s3.amazonaws.com/photos/7232182/medium.jpg,12727,American Robin,data/new_raw/images/ca939356-0368-4ac4-a868-b45d3084152c.jpg
d3d38e67-c3c8-45d4-9679-f75837a57951,https://inaturalist-open-data.s3.amazonaws.com/photos/7232245/medium.jpg,9744,Red-winged Blackbird,data/new_raw/images/d3d38e67-c3c8-45d4-9679-f75837a57951.jpg
8cf7eae6-996e-4510-832c-d6c4dd41a90c,https://inaturalist-open-data.s3.amazonaws.com/photos/7232261/medium.jpg,12727,American Robin,data/new_raw/images/8cf7eae6-996e-4510-832c-d6c4dd41a90c.jpg
ab8c4d47-da78-4df3-a0d3-6eb0c56cedac,https://inaturalist-open-data.s3.amazonaws.com/photos/7232480/medium.jpg,46017,Eastern Gray Squirrel,data/new_raw/images/ab8c4d47-da78-4df3-a0d3-6eb0c56cedac.jpg
6ca6ee9a-6b18-4cc1-9e51-2f2f45c00bd5,https://inaturalist-open-data.s3.amazonaws.com/photos/7232488/medium.jpg,12727,American Robin,data/new_raw/images/6ca6ee9a-6b18-4cc1-9e51-2f2f45c00bd5.jpg
602f117d-842f-4551-968d-0986e0ad5ff6,https://inaturalist-open-data.s3.amazonaws.com/photos/7232506/medium.jpg,12890,Hermit Thrush,data/new_raw/images/602f117d-842f-4551-968d-0986e0ad5ff6.jpg
ab737711-5837-4412-9271-351ec834c203,https://inaturalist-open-data.s3.amazonaws.com/photos/7232500/medium.jpg,46017,Eastern Gray Squirrel,data/new_raw/images/ab737711-5837-4412-9271-351ec834c203.jpg
4500d722-f329-4261-9d0b-d49f8c903cff,https://inaturalist-open-data.s3.amazonaws.com/photos/7232516/medium.jpg,12890,Hermit Thrush,data/new_raw/images/4500d722-f329-4261-9d0b-d49f8c903cff.jpg
a828f8ea-c1fe-4256-90ff-73e09c71e3c0,https://inaturalist-open-data.s3.amazonaws.com/photos/7232519/medium.jpg,9744,Red-winged Blackbird,data/new_raw/images/a828f8ea-c1fe-4256-90ff-73e09c71e3c0.jpg
143de83c-24ab-4c15-ab19-674afe6dfeb7,https://inaturalist-open-data.s3.amazonaws.com/photos/7232524/medium.jpg,12727,American Robin,data/new_raw/images/143de83c-24ab-4c15-ab19-674afe6dfeb7.jpg
1fe5e26a-76b9-4137-9151-92f8c516fdb2,https://inaturalist-open-data.s3.amazonaws.com/photos/7232529/medium.jpg,12727,American Robin,data/new_raw/images/1fe5e26a-76b9-4137-9151-92f8c516fdb2.jpg
9e598b77-b8b0-4c1b-90f1-77cc57decad1,https://inaturalist-open-data.s3.amazonaws.com/photos/7232536/medium.jpg,9602,Common Grackle,data/new_raw/images/9e598b77-b8b0-4c1b-90f1-77cc57decad1.jpg
ad1291c6-94aa-47c8-ab5c-da63d48534dd,https://inaturalist-open-data.s3.amazonaws.com/photos/7232542/medium.jpg,46017,Eastern Gray Squirrel,data/new_raw/images/ad1291c6-94aa-47c8-ab5c-da63d48534dd.jpg
619fe68e-835d-4007-a7e7-8ba0664b658b,https://inaturalist-open-data.s3.amazonaws.com/photos/7232544/medium.jpg,14850,European Starling,data/new_raw/images/619fe68e-835d-4007-a7e7-8ba0664b658b.jpg
f8dd522b-b692-4fe2-a30b-f61fd7cd39b3,https://inaturalist-open-data.s3.amazonaws.com/photos/7232547/medium.jpg,9744,Red-winged Blackbird,data/new_raw/images/f8dd522b-b692-4fe2-a30b-f61fd7cd39b3.jpg
760889fc-fe2a-477e-b95b-5684aa4dcb54,https://inaturalist-open-data.s3.amazonaws.com/photos/7232552/medium.jpg,9744,Red-winged Blackbird,data/new_raw/images/760889fc-fe2a-477e-b95b-5684aa4dcb54.jpg
94e19d3b-954a-41a4-b744-aa5f72f50f87,https://inaturalist-open-data.s3.amazonaws.com/photos/7232559/medium.jpg,12727,American Robin,data/new_raw/images/94e19d3b-954a-41a4-b744-aa5f72f50f87.jpg
f6e3f1f1-cce1-42bc-809f-c582629dc974,https://inaturalist-open-data.s3.amazonaws.com/photos/7232823/medium.jpg,12727,American Robin,data/new_raw/images/f6e3f1f1-cce1-42bc-809f-c582629dc974.jpg
12d91907-5d2e-4744-83c5-75305e2769e4,https://inaturalist-open-data.s3.amazonaws.com/photos/7232826/medium.jpg,46017,Eastern Gray Squirrel,data/new_raw/images/12d91907-5d2e-4744-83c5-75305e2769e4.jpg
bd280bdd-0cc0-4555-b9f5-f53491a35307,https://inaturalist-open-data.s3.amazonaws.com/photos/7232828/medium.jpg,9184,White-throated Sparrow,data/new_raw/images/bd280bdd-0cc0-4555-b9f5-f53491a35307.jpg
923cf914-b1de-4bce-b8e9-ea2791dbac0a,https://inaturalist-open-data.s3.amazonaws.com/photos/7232831/medium.jpg,9184,White-throated Sparrow,data/new_raw/images/923cf914-b1de-4bce-b8e9-ea2791dbac0a.jpg
e783cd8c-ace7-435d-874c-a566a86fe720,https://inaturalist-open-data.s3.amazonaws.com/photos/7232832/medium.jpg,9744,Red-winged Blackbird,data/new_raw/images/e783cd8c-ace7-435d-874c-a566a86fe720.jpg
d5d19725-7423-45c7-8591-4202c24f39a5,https://inaturalist-open-data.s3.amazonaws.com/photos/7232835/medium.jpg,9744,Red-winged Blackbird,data/new_raw/images/d5d19725-7423-45c7-8591-4202c24f39a5.jpg
3c373760-31b5-46cb-9a76-79a465ae4d34,https://inaturalist-open-data.s3.amazonaws.com/photos/7232837/medium.jpg,9744,Red-winged Blackbird,data/new_raw/images/3c373760-31b5-46cb-9a76-79a465ae4d34.jpg
de750f8a-b708-48b0-9a32-1046cbb23c89,https://inaturalist-open-data.s3.amazonaws.com/photos/7232843/medium.jpg,14850,European Starling,data/new_raw/images/de750f8a-b708-48b0-9a32-1046cbb23c89.jpg
6b466a54-605c-4d7b-b15f-247a54441e65,https://inaturalist-open-data.s3.amazonaws.com/photos/7232914/medium.jpg,13858,House Sparrow,data/new_raw/images/6b466a54-605c-4d7b-b15f-247a54441e65.jpg
e1023859-7584-49ee-894a-24015a0ce8b7,https://static.inaturalist.org/photos/7236533/medium.jpg,46017,Eastern Gray Squirrel,data/new_raw/images/e1023859-7584-49ee-894a-24015a0ce8b7.jpg
fc46da30-e835-431d-aa2b-3111a139f998,https://static.inaturalist.org/photos/7240899/medium.jpg,4981,Black-crowned Night Heron,data/new_raw/images/fc46da30-e835-431d-aa2b-3111a139f998.jpg
a08b2bbc-be73-47f4-b86d-f383d2905cea,https://static.inaturalist.org/photos/7240912/medium.jpg,199840,House Finch,data/new_raw/images/a08b2bbc-be73-47f4-b86d-f383d2905cea.jpg
a893e7ba-676d-4f34-b930-55832984182f,https://static.inaturalist.org/photos/7240997/medium.jpg,7089,Canada Goose,data/new_raw/images/a893e7ba-676d-4f34-b930-55832984182f.jpg
633b4f23-0feb-4b95-91f9-ef1036db862f,https://static.inaturalist.org/photos/7241356/medium.jpg,9744,Red-winged Blackbird,data/new_raw/images/633b4f23-0feb-4b95-91f9-ef1036db862f.jpg
588b5684-c985-4b5c-a870-ea6e1e4b1616,https://inaturalist-open-data.s3.amazonaws.com/photos/7241627/medium.jpg,9744,Red-winged Blackbird,data/new_raw/images/588b5684-c985-4b5c-a870-ea6e1e4b1616.jpg
ebc52137-7188-4f1d-ad0a-2abc7714af5b,https://static.inaturalist.org/photos/7242057/medium.jpg,42223,White-tailed Deer,data/new_raw/images/ebc52137-7188-4f1d-ad0a-2abc7714af5b.jpg
9210a101-f69d-4a8e-b23f-b6613457c0dd,https://inaturalist-open-data.s3.amazonaws.com/photos/7242339/medium.jpg,9744,Red-winged Blackbird,data/new_raw/images/9210a101-f69d-4a8e-b23f-b6613457c0dd.jpg
438a980b-bdd9-4c93-8d6d-865a1e43eeee,https://inaturalist-open-data.s3.amazonaws.com/photos/7243476/medium.jpg,12727,American Robin,data/new_raw/images/438a980b-bdd9-4c93-8d6d-865a1e43eeee.jpg
0a19be92-0816-44c2-853b-7fa687ac0e76,https://static.inaturalist.org/photos/7245829/medium.jpg,43111,Eastern Cottontail,data/new_raw/images/0a19be92-0816-44c2-853b-7fa687ac0e76.jpg
59c251fb-53a2-4d38-b5dd-59e0cd11d4a0,https://static.inaturalist.org/photos/7246664/medium.jpg,11867,Purple Martin,data/new_raw/images/59c251fb-53a2-4d38-b5dd-59e0cd11d4a0.jpg
91b2c7a3-14b8-4b90-b235-3304a005ebb8,https://static.inaturalist.org/photos/7246721/medium.jpg,473,American Coot,data/new_raw/images/91b2c7a3-14b8-4b90-b235-3304a005ebb8.jpg
9844172b-a517-4981-aa2f-a56af0f4c71a,https://static.inaturalist.org/photos/7246748/medium.jpg,6930,Mallard,data/new_raw/images/9844172b-a517-4981-aa2f-a56af0f4c71a.jpg
eb4b26d6-831d-41c0-b915-d698a69c3c5b,https://static.inaturalist.org/photos/7246812/medium.jpg,7043,"Scaups, Pochards, and Allies",data/new_raw/images/eb4b26d6-831d-41c0-b915-d698a69c3c5b.jpg
0d26975e-88da-49b2-8c8e-9e5f93cf4b6a,https://static.inaturalist.org/photos/7248146/medium.jpg,9602,Common Grackle,data/new_raw/images/0d26975e-88da-49b2-8c8e-9e5f93cf4b6a.jpg
8195b22e-de0f-438a-86de-ea6805720475,https://inaturalist-open-data.s3.amazonaws.com/photos/7248151/medium.jpeg,5212,Red-tailed Hawk,data/new_raw/images/8195b22e-de0f-438a-86de-ea6805720475.jpg
00ca1032-42bc-4906-bb11-54b66574cfe1,https://static.inaturalist.org/photos/7248169/medium.jpg,12727,American Robin,data/new_raw/images/00ca1032-42bc-4906-bb11-54b66574cfe1.jpg
92b7a58c-a40e-4561-b29c-f501eb518bf5,https://inaturalist-open-data.s3.amazonaws.com/photos/7248286/medium.jpeg,46017,Eastern Gray Squirrel,data/new_raw/images/92b7a58c-a40e-4561-b29c-f501eb518bf5.jpg
8cb88ae6-a525-4704-ba79-f311b26d1267,https://inaturalist-open-data.s3.amazonaws.com/photos/7248325/medium.jpeg,12727,American Robin,data/new_raw/images/8cb88ae6-a525-4704-ba79-f311b26d1267.jpg
8193f569-74f1-49f0-aeb3-b384005ef5fa,https://inaturalist-open-data.s3.amazonaws.com/photos/7248578/medium.jpeg,42223,White-tailed Deer,data/new_raw/images/8193f569-74f1-49f0-aeb3-b384005ef5fa.jpg
2a248beb-2521-4ee2-b3d6-11d4e9419b98,https://inaturalist-open-data.s3.amazonaws.com/photos/7248577/medium.jpeg,43111,Eastern Cottontail,data/new_raw/images/2a248beb-2521-4ee2-b3d6-11d4e9419b98.jpg
83473eb8-48a2-4c72-9630-3bb6f3cc5415,https://inaturalist-open-data.s3.amazonaws.com/photos/7248620/medium.jpeg,4981,Black-crowned Night Heron,data/new_raw/images/83473eb8-48a2-4c72-9630-3bb6f3cc5415.jpg
ab7a25f0-c990-4712-8016-1eef673df77a,https://static.inaturalist.org/photos/7248847/medium.jpg,4364,Ring-billed Gull,data/new_raw/images/ab7a25f0-c990-4712-8016-1eef673df77a.jpg
2353775f-988a-4990-9b2c-49d3bc4ad82a,https://inaturalist-open-data.s3.amazonaws.com/photos/7248851/medium.jpeg,6930,Mallard,data/new_raw/images/2353775f-988a-4990-9b2c-49d3bc4ad82a.jpg
da1888b0-65af-4108-868e-dea84330bd5e,https://inaturalist-open-data.s3.amazonaws.com/photos/7249164/medium.jpeg,7089,Canada Goose,data/new_raw/images/da1888b0-65af-4108-868e-dea84330bd5e.jpg
a5315b49-2f15-487f-a79a-a75bee741372,https://inaturalist-open-data.s3.amazonaws.com/photos/7249261/medium.jpeg,9744,Red-winged Blackbird,data/new_raw/images/a5315b49-2f15-487f-a79a-a75bee741372.jpg
f27cb9b3-b3fc-4182-9a65-c2bd5efad793,https://inaturalist-open-data.s3.amazonaws.com/photos/7249442/medium.jpeg,9744,Red-winged Blackbird,data/new_raw/images/f27cb9b3-b3fc-4182-9a65-c2bd5efad793.jpg
21b2075f-e545-4b59-818a-bd64cda464b4,https://inaturalist-open-data.s3.amazonaws.com/photos/7249469/medium.jpeg,9744,Red-winged Blackbird,data/new_raw/images/21b2075f-e545-4b59-818a-bd64cda464b4.jpg
cad3af90-8bf8-47e4-a17f-6866e10c8c82,https://inaturalist-open-data.s3.amazonaws.com/photos/7250017/medium.jpeg,12727,American Robin,data/new_raw/images/cad3af90-8bf8-47e4-a17f-6866e10c8c82.jpg
aecf2a6a-2fc5-4ee9-9846-4155a01ec790,https://inaturalist-open-data.s3.amazonaws.com/photos/7250059/medium.jpeg,46017,Eastern Gray Squirrel,data/new_raw/images/aecf2a6a-2fc5-4ee9-9846-4155a01ec790.jpg
d2617604-88ce-453e-b2d7-14893c4e7cdd,https://static.inaturalist.org/photos/7250583/medium.jpg,120479,Domestic Greylag Goose,data/new_raw/images/d2617604-88ce-453e-b2d7-14893c4e7cdd.jpg
3878f61d-772f-4de9-a525-df47b9f89461,https://static.inaturalist.org/photos/7251109/medium.jpg,7089,Canada Goose,data/new_raw/images/3878f61d-772f-4de9-a525-df47b9f89461.jpg
f887e815-313a-442d-a6ed-9923213a830a,https://static.inaturalist.org/photos/7251211/medium.jpg,7107,Wood Duck,data/new_raw/images/f887e815-313a-442d-a6ed-9923213a830a.jpg
c9e6e126-e443-4176-ba72-69ebf177dae1,https://static.inaturalist.org/photos/7251328/medium.jpg,7107,Wood Duck,data/new_raw/images/c9e6e126-e443-4176-ba72-69ebf177dae1.jpg
d284ccc6-6635-4f2e-95e3-c6d452347721,https://static.inaturalist.org/photos/7251417/medium.jpg,6930,Mallard,data/new_raw/images/d284ccc6-6635-4f2e-95e3-c6d452347721.jpg
56481e04-0f17-4151-b02d-27d5ef30cefc,https://inaturalist-open-data.s3.amazonaws.com/photos/7253824/medium.jpg,12727,American Robin,data/new_raw/images/56481e04-0f17-4151-b02d-27d5ef30cefc.jpg
a36d65a5-74d9-4bd0-b358-1d8f03ad36f6,https://static.inaturalist.org/photos/7253938/medium.jpeg,43111,Eastern Cottontail,data/new_raw/images/a36d65a5-74d9-4bd0-b358-1d8f03ad36f6.jpg
a6be2384-72bc-4507-881a-377d91f89c21,https://static.inaturalist.org/photos/7254110/medium.jpeg,236935,Domestic Mallard,data/new_raw/images/a6be2384-72bc-4507-881a-377d91f89c21.jpg
a8e158a6-79cc-4cae-8841-6a41119d932b,https://static.inaturalist.org/photos/7254127/medium.jpeg,43111,Eastern Cottontail,data/new_raw/images/a8e158a6-79cc-4cae-8841-6a41119d932b.jpg
e4138a43-d3a1-4c15-9d56-5071c6c48876,https://static.inaturalist.org/photos/7254156/medium.jpeg,4364,Ring-billed Gull,data/new_raw/images/e4138a43-d3a1-4c15-9d56-5071c6c48876.jpg
03ec016f-ac74-45c9-a285-3c5bed4a137a,https://static.inaturalist.org/photos/7254182/medium.jpeg,5020,Green Heron,data/new_raw/images/03ec016f-ac74-45c9-a285-3c5bed4a137a.jpg
ef4accf8-768f-477a-98ad-8a3ac06bbf3c,https://inaturalist-open-data.s3.amazonaws.com/photos/7254608/medium.jpg,13858,House Sparrow,data/new_raw/images/ef4accf8-768f-477a-98ad-8a3ac06bbf3c.jpg
8a4cfb76-631a-4bce-be0a-2425d2708301,https://static.inaturalist.org/photos/7254912/medium.jpg,18463,Yellow-bellied Sapsucker,data/new_raw/images/8a4cfb76-631a-4bce-be0a-2425d2708301.jpg
1537f306-c9ad-43ad-98f6-503c64fe393a,https://inaturalist-open-data.s3.amazonaws.com/photos/7254417/medium.jpeg,14898,Brown Thrasher,data/new_raw/images/1537f306-c9ad-43ad-98f6-503c64fe393a.jpg
8f345c37-72f6-4a59-8bc8-8b0c4318f75e,https://inaturalist-open-data.s3.amazonaws.com/photos/7254432/medium.jpeg,9184,White-throated Sparrow,data/new_raw/images/8f345c37-72f6-4a59-8bc8-8b0c4318f75e.jpg
faa2cbee-cb63-4d74-8654-0b92f7e80078,https://inaturalist-open-data.s3.amazonaws.com/photos/7254442/medium.jpeg,10094,Dark-eyed Junco,data/new_raw/images/faa2cbee-cb63-4d74-8654-0b92f7e80078.jpg
dadc03f3-2fb5-42bd-b00e-3fda46ffc6c1,https://inaturalist-open-data.s3.amazonaws.com/photos/7254479/medium.jpeg,11970,Northern Rough-winged Swallow,data/new_raw/images/dadc03f3-2fb5-42bd-b00e-3fda46ffc6c1.jpg
c5945ae1-7eb0-4f17-b887-cac58c42a5ee,https://inaturalist-open-data.s3.amazonaws.com/photos/7254464/medium.jpeg,12890,Hermit Thrush,data/new_raw/images/c5945ae1-7eb0-4f17-b887-cac58c42a5ee.jpg
64b2e9cd-1646-4825-9c89-8ca3b66299fa,https://inaturalist-open-data.s3.amazonaws.com/photos/7254560/medium.jpeg,9083,Northern Cardinal,data/new_raw/images/64b2e9cd-1646-4825-9c89-8ca3b66299fa.jpg
0693983e-17b0-414d-b6b8-631ccc5f1674,https://inaturalist-open-data.s3.amazonaws.com/photos/7254600/medium.jpeg,9096,Swamp Sparrow,data/new_raw/images/0693983e-17b0-414d-b6b8-631ccc5f1674.jpg
1e53b9fe-f726-4b3e-a840-c8c4c8ef78b9,https://inaturalist-open-data.s3.amazonaws.com/photos/7254769/medium.jpeg,8229,Blue Jay,data/new_raw/images/1e53b9fe-f726-4b3e-a840-c8c4c8ef78b9.jpg
df062443-7c4e-4b84-8b81-deb73324872b,https://inaturalist-open-data.s3.amazonaws.com/photos/7254726/medium.jpeg,792988,Downy Woodpecker,data/new_raw/images/df062443-7c4e-4b84-8b81-deb73324872b.jpg
9ef4ecd5-e0a1-4afa-b450-3dcdde2c349e,https://inaturalist-open-data.s3.amazonaws.com/photos/7254864/medium.jpeg,9424,Eastern Towhee,data/new_raw/images/9ef4ecd5-e0a1-4afa-b450-3dcdde2c349e.jpg
2fb5c5fe-8372-49f3-9b8a-44389a123687,https://inaturalist-open-data.s3.amazonaws.com/photos/7254883/medium.jpeg,9100,Song Sparrow,data/new_raw/images/2fb5c5fe-8372-49f3-9b8a-44389a123687.jpg
2b686fcd-f296-4857-bceb-7a631e99da6b,https://inaturalist-open-data.s3.amazonaws.com/photos/7254928/medium.jpeg,5212,Red-tailed Hawk,data/new_raw/images/2b686fcd-f296-4857-bceb-7a631e99da6b.jpg
83a210dd-9591-4f7b-9f87-3d6f31bde151,https://static.inaturalist.org/photos/7255251/medium.jpg,13858,House Sparrow,data/new_raw/images/83a210dd-9591-4f7b-9f87-3d6f31bde151.jpg
ff688535-7aa9-45e1-9f39-3f4a77d1b353,https://inaturalist-open-data.s3.amazonaws.com/photos/7257030/medium.jpeg,1289388,Ruby-crowned Kinglet,data/new_raw/images/ff688535-7aa9-45e1-9f39-3f4a77d1b353.jpg
145dfd15-e998-49cc-aa57-3ef2d89cb090,https://inaturalist-open-data.s3.amazonaws.com/photos/7257078/medium.jpeg,46217,Eastern Chipmunk,data/new_raw/images/145dfd15-e998-49cc-aa57-3ef2d89cb090.jpg
d9920ef3-f949-4b7f-af5a-19f9385ccf3f,https://inaturalist-open-data.s3.amazonaws.com/photos/7256984/medium.jpeg,9602,Common Grackle,data/new_raw/images/d9920ef3-f949-4b7f-af5a-19f9385ccf3f.jpg
5a623f4f-3377-4e23-b94a-da3214c94719,https://inaturalist-open-data.s3.amazonaws.com/photos/7257102/medium.jpeg,9156,Fox Sparrow,data/new_raw/images/5a623f4f-3377-4e23-b94a-da3214c94719.jpg
e13385bb-3691-45c2-9cd2-f207d14d5132,https://inaturalist-open-data.s3.amazonaws.com/photos/7257168/medium.jpeg,10373,Brown-headed Cowbird,data/new_raw/images/e13385bb-3691-45c2-9cd2-f207d14d5132.jpg
9f3af367-f463-4fc6-ad64-83352498ff58,https://inaturalist-open-data.s3.amazonaws.com/photos/7257191/medium.jpeg,145233,Northern Parula,data/new_raw/images/9f3af367-f463-4fc6-ad64-83352498ff58.jpg
ac8fcb03-4277-433d-b5a3-b8ff959afd4b,https://inaturalist-open-data.s3.amazonaws.com/photos/7257234/medium.jpeg,117100,Golden-crowned Kinglet,data/new_raw/images/ac8fcb03-4277-433d-b5a3-b8ff959afd4b.jpg
ec0e011a-86af-41e8-aa69-f636b8a2bb58,https://inaturalist-open-data.s3.amazonaws.com/photos/7257211/medium.jpeg,3454,Mourning Dove,data/new_raw/images/ec0e011a-86af-41e8-aa69-f636b8a2bb58.jpg
d5bbdc18-6275-4956-ba9a-19f1a3dfd046,https://inaturalist-open-data.s3.amazonaws.com/photos/7257285/medium.jpeg,14801,White-breasted Nuthatch,data/new_raw/images/d5bbdc18-6275-4956-ba9a-19f1a3dfd046.jpg
67c5b48c-1a9e-416f-b724-f23b46f51463,https://inaturalist-open-data.s3.amazonaws.com/photos/7257367/medium.jpeg,144815,Black-capped Chickadee,data/new_raw/images/67c5b48c-1a9e-416f-b724-f23b46f51463.jpg
bbdb9bb7-62f1-4936-af58-e7955348eccc,https://inaturalist-open-data.s3.amazonaws.com/photos/7257436/medium.jpeg,18236,Northern Flicker,data/new_raw/images/bbdb9bb7-62f1-4936-af58-e7955348eccc.jpg
abdf8ad9-ed9b-4ddf-87c1-6e84e5a04c89,https://inaturalist-open-data.s3.amazonaws.com/photos/7257419/medium.jpeg,11935,Tree Swallow,data/new_raw/images/abdf8ad9-ed9b-4ddf-87c1-6e84e5a04c89.jpg
052625fa-a55b-499b-960c-1c02edbab719,https://inaturalist-open-data.s3.amazonaws.com/photos/7257487/medium.jpeg,4364,Ring-billed Gull,data/new_raw/images/052625fa-a55b-499b-960c-1c02edbab719.jpg
4017f565-873d-45e5-806a-82743c61e6df,https://inaturalist-open-data.s3.amazonaws.com/photos/7257521/medium.jpeg,4793,Killdeer,data/new_raw/images/4017f565-873d-45e5-806a-82743c61e6df.jpg
5f0fe46c-6683-48cc-b93e-a082ad1e5f21,https://inaturalist-open-data.s3.amazonaws.com/photos/7257525/medium.jpeg,8021,American Crow,data/new_raw/images/5f0fe46c-6683-48cc-b93e-a082ad1e5f21.jpg
7972a381-9ba8-4862-a0d3-8444f35d348c,https://inaturalist-open-data.s3.amazonaws.com/photos/7257528/medium.jpeg,1454382,Double-crested Cormorant,data/new_raw/images/7972a381-9ba8-4862-a0d3-8444f35d348c.jpg
7d748e19-d358-4e50-8b52-b92b642bdd1d,https://inaturalist-open-data.s3.amazonaws.com/photos/7257537/medium.jpeg,7562,Northern House Wren,data/new_raw/images/7d748e19-d358-4e50-8b52-b92b642bdd1d.jpg
92a74818-1719-4250-9e92-715ab58e3fb8,https://inaturalist-open-data.s3.amazonaws.com/photos/7257558/medium.jpeg,4209,Horned Grebe,data/new_raw/images/92a74818-1719-4250-9e92-715ab58e3fb8.jpg
f2d53d15-e3c1-455e-8177-7aa3cb25cd6b,https://static.inaturalist.org/photos/7259106/medium.jpg,6930,Mallard,data/new_raw/images/f2d53d15-e3c1-455e-8177-7aa3cb25cd6b.jpg
951a9060-5b7e-4455-a3a7-ea98dc1f0032,https://static.inaturalist.org/photos/7260856/medium.jpg,43111,Eastern Cottontail,data/new_raw/images/951a9060-5b7e-4455-a3a7-ea98dc1f0032.jpg
2c17eae7-4497-4fcf-b1e7-d3a589349dbe,https://inaturalist-open-data.s3.amazonaws.com/photos/7262274/medium.jpeg,122767,Feral Pigeon,data/new_raw/images/2c17eae7-4497-4fcf-b1e7-d3a589349dbe.jpg
5dbcbeb4-f349-4dad-b7a3-13096099c71f,https://inaturalist-open-data.s3.amazonaws.com/photos/7262280/medium.jpeg,9083,Northern Cardinal,data/new_raw/images/5dbcbeb4-f349-4dad-b7a3-13096099c71f.jpg
97cfb35a-aead-4a42-b666-5a15e16a2f29,https://inaturalist-open-data.s3.amazonaws.com/photos/7262289/medium.jpeg,46017,Eastern Gray Squirrel,data/new_raw/images/97cfb35a-aead-4a42-b666-5a15e16a2f29.jpg
185a84f3-3e92-436a-a67f-186ca4ade5b7,https://inaturalist-open-data.s3.amazonaws.com/photos/7269044/medium.jpg,9176,White-crowned Sparrow,data/new_raw/images/185a84f3-3e92-436a-a67f-186ca4ade5b7.jpg
f79e574e-ff9d-4aac-9264-9008b316faff,https://inaturalist-open-data.s3.amazonaws.com/photos/7270533/medium.jpg,8021,American Crow,data/new_raw/images/f79e574e-ff9d-4aac-9264-9008b316faff.jpg
4c749f7c-0f95-424a-9202-269dad9bfe52,https://inaturalist-open-data.s3.amazonaws.com/photos/7270754/medium.jpg,120479,Domestic Greylag Goose,data/new_raw/images/4c749f7c-0f95-424a-9202-269dad9bfe52.jpg
b15c499c-c77f-4f12-93f6-11c3f7718458,https://inaturalist-open-data.s3.amazonaws.com/photos/7271268/medium.jpg,10373,Brown-headed Cowbird,data/new_raw/images/b15c499c-c77f-4f12-93f6-11c3f7718458.jpg
2e38b0be-03fe-466c-9930-94902da82afd,https://inaturalist-open-data.s3.amazonaws.com/photos/7274825/medium.jpg,9602,Common Grackle,data/new_raw/images/2e38b0be-03fe-466c-9930-94902da82afd.jpg
563a7a9d-7f67-4daf-8a11-91aec167f5a1,https://inaturalist-open-data.s3.amazonaws.com/photos/7274811/medium.jpg,9602,Common Grackle,data/new_raw/images/563a7a9d-7f67-4daf-8a11-91aec167f5a1.jpg
d2542373-79e9-4159-a611-a04cba2e322c,https://inaturalist-open-data.s3.amazonaws.com/photos/7274869/medium.jpg,9602,Common Grackle,data/new_raw/images/d2542373-79e9-4159-a611-a04cba2e322c.jpg
5a22e713-23bc-4062-81c4-67c00d077cc1,https://inaturalist-open-data.s3.amazonaws.com/photos/7274863/medium.jpg,9602,Common Grackle,data/new_raw/images/5a22e713-23bc-4062-81c4-67c00d077cc1.jpg
ccec4187-4d1a-46c2-a944-81de87da4ac1,https://inaturalist-open-data.s3.amazonaws.com/photos/7274872/medium.jpg,9602,Common Grackle,data/new_raw/images/ccec4187-4d1a-46c2-a944-81de87da4ac1.jpg
6317e645-30cc-488f-9fb2-5ea50abc9a5a,https://inaturalist-open-data.s3.amazonaws.com/photos/7274875/medium.jpg,9083,Northern Cardinal,data/new_raw/images/6317e645-30cc-488f-9fb2-5ea50abc9a5a.jpg
bff22708-5ef4-4a6c-aa91-451806cf9700,https://inaturalist-open-data.s3.amazonaws.com/photos/7274879/medium.jpg,9184,White-throated Sparrow,data/new_raw/images/bff22708-5ef4-4a6c-aa91-451806cf9700.jpg
8ff862c1-4150-4aeb-9738-620e73f37fc0,https://inaturalist-open-data.s3.amazonaws.com/photos/7274886/medium.jpg,9083,Northern Cardinal,data/new_raw/images/8ff862c1-4150-4aeb-9738-620e73f37fc0.jpg
4ce343f5-12a7-4722-babb-14f10635acbf,https://inaturalist-open-data.s3.amazonaws.com/photos/7274905/medium.jpg,43111,Eastern Cottontail,data/new_raw/images/4ce343f5-12a7-4722-babb-14f10635acbf.jpg
595b3af6-be80-48b2-affb-975452637477,https://inaturalist-open-data.s3.amazonaws.com/photos/7275141/medium.jpg,43111,Eastern Cottontail,data/new_raw/images/595b3af6-be80-48b2-affb-975452637477.jpg
2a3dd761-d654-49ad-82e6-e79f739e13d7,https://inaturalist-open-data.s3.amazonaws.com/photos/7275181/medium.jpg,9744,Red-winged Blackbird,data/new_raw/images/2a3dd761-d654-49ad-82e6-e79f739e13d7.jpg
22fd0dd9-b78e-43c4-990f-e2b88d40aedb,https://inaturalist-open-data.s3.amazonaws.com/photos/7275186/medium.jpg,18236,Northern Flicker,data/new_raw/images/22fd0dd9-b78e-43c4-990f-e2b88d40aedb.jpg
a0934b01-ecec-4d27-9c3f-ce9d3b7f4a8b,https://inaturalist-open-data.s3.amazonaws.com/photos/7275193/medium.jpg,12727,American Robin,data/new_raw/images/a0934b01-ecec-4d27-9c3f-ce9d3b7f4a8b.jpg
dc0c1c87-a875-40a8-a0a0-97edd6ecece8,https://inaturalist-open-data.s3.amazonaws.com/photos/7275194/medium.jpg,12890,Hermit Thrush,data/new_raw/images/dc0c1c87-a875-40a8-a0a0-97edd6ecece8.jpg
7256d891-02b1-4364-8a3a-2b09f78d3edc,https://inaturalist-open-data.s3.amazonaws.com/photos/7275202/medium.jpg,9744,Red-winged Blackbird,data/new_raw/images/7256d891-02b1-4364-8a3a-2b09f78d3edc.jpg
bac2bd20-8645-44ee-a152-73cf420a72f9,https://inaturalist-open-data.s3.amazonaws.com/photos/7275206/medium.jpg,14850,European Starling,data/new_raw/images/bac2bd20-8645-44ee-a152-73cf420a72f9.jpg
2539549b-af75-4254-a89f-87c85d7e3f65,https://inaturalist-open-data.s3.amazonaws.com/photos/7275211/medium.jpg,12890,Hermit Thrush,data/new_raw/images/2539549b-af75-4254-a89f-87c85d7e3f65.jpg
ce485431-6a1b-483b-8547-54f29530e3b6,https://inaturalist-open-data.s3.amazonaws.com/photos/7275214/medium.jpg,12890,Hermit Thrush,data/new_raw/images/ce485431-6a1b-483b-8547-54f29530e3b6.jpg
bff75979-f29e-4c96-9ad9-d2acc9c2277f,https://inaturalist-open-data.s3.amazonaws.com/photos/7275209/medium.jpg,14850,European Starling,data/new_raw/images/bff75979-f29e-4c96-9ad9-d2acc9c2277f.jpg
54bcf759-98f5-47ba-b5e6-9eafd06c41ae,https://inaturalist-open-data.s3.amazonaws.com/photos/7275325/medium.jpg,9602,Common Grackle,data/new_raw/images/54bcf759-98f5-47ba-b5e6-9eafd06c41ae.jpg
97a30449-71ef-4419-834f-df28254c56cb,https://inaturalist-open-data.s3.amazonaws.com/photos/7275330/medium.jpg,9602,Common Grackle,data/new_raw/images/97a30449-71ef-4419-834f-df28254c56cb.jpg
e5038ad2-38bb-4217-bc89-316a1bf3c73c,https://inaturalist-open-data.s3.amazonaws.com/photos/7275331/medium.jpg,14850,European Starling,data/new_raw/images/e5038ad2-38bb-4217-bc89-316a1bf3c73c.jpg
e6d7ec0a-b442-44ea-8000-8475c65b745e,https://inaturalist-open-data.s3.amazonaws.com/photos/7275336/medium.jpg,9744,Red-winged Blackbird,data/new_raw/images/e6d7ec0a-b442-44ea-8000-8475c65b745e.jpg
18090847-2703-400b-9aee-456dc758b0d5,https://inaturalist-open-data.s3.amazonaws.com/photos/7275338/medium.jpg,9184,White-throated Sparrow,data/new_raw/images/18090847-2703-400b-9aee-456dc758b0d5.jpg
a5e1808a-e82c-426c-b0e2-8bad3c3e0054,https://inaturalist-open-data.s3.amazonaws.com/photos/7275374/medium.jpg,1289388,Ruby-crowned Kinglet,data/new_raw/images/a5e1808a-e82c-426c-b0e2-8bad3c3e0054.jpg
1b5897aa-0279-4e7a-a5f4-6bbde2c383cc,https://inaturalist-open-data.s3.amazonaws.com/photos/7275352/medium.jpg,9602,Common Grackle,data/new_raw/images/1b5897aa-0279-4e7a-a5f4-6bbde2c383cc.jpg
b029a6d4-a645-4efc-bd9d-0810fe3c2c36,https://inaturalist-open-data.s3.amazonaws.com/photos/7275415/medium.jpg,46017,Eastern Gray Squirrel,data/new_raw/images/b029a6d4-a645-4efc-bd9d-0810fe3c2c36.jpg
126cc2f9-5070-4857-8e85-1105524231ac,https://inaturalist-open-data.s3.amazonaws.com/photos/7275447/medium.jpg,144815,Black-capped Chickadee,data/new_raw/images/126cc2f9-5070-4857-8e85-1105524231ac.jpg
a7bc9b74-cfa7-4d16-a008-659912384c00,https://inaturalist-open-data.s3.amazonaws.com/photos/7275454/medium.jpg,9744,Red-winged Blackbird,data/new_raw/images/a7bc9b74-cfa7-4d16-a008-659912384c00.jpg
7304e5c6-6600-453f-90da-26104c5830f2,https://inaturalist-open-data.s3.amazonaws.com/photos/7275456/medium.jpg,43111,Eastern Cottontail,data/new_raw/images/7304e5c6-6600-453f-90da-26104c5830f2.jpg
bd39af86-3081-4109-a2b0-930b4bb44bbf,https://inaturalist-open-data.s3.amazonaws.com/photos/7275461/medium.jpg,9744,Red-winged Blackbird,data/new_raw/images/bd39af86-3081-4109-a2b0-930b4bb44bbf.jpg
582dcbc3-3178-4362-b561-ab6d027d66bf,https://inaturalist-open-data.s3.amazonaws.com/photos/7275462/medium.jpg,12890,Hermit Thrush,data/new_raw/images/582dcbc3-3178-4362-b561-ab6d027d66bf.jpg
e5ebac1a-5f4a-45f0-b482-e217f369a2d6,https://inaturalist-open-data.s3.amazonaws.com/photos/7275464/medium.jpg,10094,Dark-eyed Junco,data/new_raw/images/e5ebac1a-5f4a-45f0-b482-e217f369a2d6.jpg
af42bb20-4232-4c45-8cc8-6ae64e3d554c,https://inaturalist-open-data.s3.amazonaws.com/photos/7276365/medium.jpg,43111,Eastern Cottontail,data/new_raw/images/af42bb20-4232-4c45-8cc8-6ae64e3d554c.jpg
81a662fe-c40c-4c6d-bf82-9eb9a80afe56,https://inaturalist-open-data.s3.amazonaws.com/photos/7278000/medium.jpg,4981,Black-crowned Night Heron,data/new_raw/images/81a662fe-c40c-4c6d-bf82-9eb9a80afe56.jpg
11025efb-af6e-48ae-820a-cef79e20ab87,https://inaturalist-open-data.s3.amazonaws.com/photos/7279239/medium.jpg,9744,Red-winged Blackbird,data/new_raw/images/11025efb-af6e-48ae-820a-cef79e20ab87.jpg
dd15bf26-6da3-4272-b829-73a79ab55060,https://inaturalist-open-data.s3.amazonaws.com/photos/7279106/medium.jpeg,19349,Monk Parakeet,data/new_raw/images/dd15bf26-6da3-4272-b829-73a79ab55060.jpg
34889dbe-233d-4ea2-8619-cf967633f44b,https://inaturalist-open-data.s3.amazonaws.com/photos/7279213/medium.jpeg,1578489,American Herring Gull,data/new_raw/images/34889dbe-233d-4ea2-8619-cf967633f44b.jpg
fa8e337b-67b0-45db-8f2f-8338507952f7,https://inaturalist-open-data.s3.amazonaws.com/photos/7279656/medium.jpeg,7044,Ring-necked Duck,data/new_raw/images/fa8e337b-67b0-45db-8f2f-8338507952f7.jpg
c3688dfb-3c22-496f-a7ab-e7719ea7b059,https://inaturalist-open-data.s3.amazonaws.com/photos/7281004/medium.jpeg,45763,Muskrat,data/new_raw/images/c3688dfb-3c22-496f-a7ab-e7719ea7b059.jpg
9f41a848-818e-431b-9b2c-79b3c4d1ed21,https://inaturalist-open-data.s3.amazonaws.com/photos/7279662/medium.jpeg,6921,Mute Swan,data/new_raw/images/9f41a848-818e-431b-9b2c-79b3c4d1ed21.jpg
bc12823a-756c-422e-8dbe-68811c4e6e86,https://inaturalist-open-data.s3.amazonaws.com/photos/7279657/medium.jpeg,4246,Pied-billed Grebe,data/new_raw/images/bc12823a-756c-422e-8dbe-68811c4e6e86.jpg
84ddc370-1242-496b-a5b5-9cc6f97f04c2,https://inaturalist-open-data.s3.amazonaws.com/photos/7279894/medium.jpeg,4981,Black-crowned Night Heron,data/new_raw/images/84ddc370-1242-496b-a5b5-9cc6f97f04c2.jpg
4d42ffa3-3e77-46f1-a04f-39adf06b7ea3,https://inaturalist-open-data.s3.amazonaws.com/photos/7280772/medium.jpeg,4756,Turkey Vulture,data/new_raw/images/4d42ffa3-3e77-46f1-a04f-39adf06b7ea3.jpg
bbb6e2ec-d498-45bf-8866-5e39f42f4ec1,https://inaturalist-open-data.s3.amazonaws.com/photos/7280898/medium.jpeg,4665,American Kestrel,data/new_raw/images/bbb6e2ec-d498-45bf-8866-5e39f42f4ec1.jpg
b245f49b-c5db-4c72-bc75-b436d353d7b6,https://inaturalist-open-data.s3.amazonaws.com/photos/7283993/medium.jpeg,4956,Great Blue Heron,data/new_raw/images/b245f49b-c5db-4c72-bc75-b436d353d7b6.jpg
2754ad64-7c23-4092-a2e9-68a482482cff,https://inaturalist-open-data.s3.amazonaws.com/photos/7284044/medium.jpeg,6921,Mute Swan,data/new_raw/images/2754ad64-7c23-4092-a2e9-68a482482cff.jpg
560529e0-54f7-47f7-8c3b-6c6f33bae83c,https://inaturalist-open-data.s3.amazonaws.com/photos/7283988/medium.jpeg,144455,Great Egret,data/new_raw/images/560529e0-54f7-47f7-8c3b-6c6f33bae83c.jpg
1546346b-7067-4b08-83ce-3a66384774f6,https://inaturalist-open-data.s3.amazonaws.com/photos/7284139/medium.jpeg,558439,Gadwall,data/new_raw/images/1546346b-7067-4b08-83ce-3a66384774f6.jpg
17cf572a-0f71-4c71-b30e-b6b721a7480e,https://inaturalist-open-data.s3.amazonaws.com/photos/7284133/medium.jpeg,7057,Canvasback,data/new_raw/images/17cf572a-0f71-4c71-b30e-b6b721a7480e.jpg
a0043be8-1804-4633-a319-2f40b34179d8,https://inaturalist-open-data.s3.amazonaws.com/photos/7284135/medium.jpeg,850859,Ruddy Duck,data/new_raw/images/a0043be8-1804-4633-a319-2f40b34179d8.jpg
0686696a-d098-4dbd-95e9-cfdbb44f5120,https://inaturalist-open-data.s3.amazonaws.com/photos/7284138/medium.jpeg,558438,Northern Shoveler,data/new_raw/images/0686696a-d098-4dbd-95e9-cfdbb44f5120.jpg
b47e848e-8fb4-4e15-a70a-4ec7809b482b,https://inaturalist-open-data.s3.amazonaws.com/photos/7284822/medium.jpg,5020,Green Heron,data/new_raw/images/b47e848e-8fb4-4e15-a70a-4ec7809b482b.jpg
dc70f87a-1d7d-4507-a5e6-c1a6570efac0,https://inaturalist-open-data.s3.amazonaws.com/photos/7285557/medium.jpeg,144455,Great Egret,data/new_raw/images/dc70f87a-1d7d-4507-a5e6-c1a6570efac0.jpg
735c5631-11a3-4f3c-9bd7-ff2f20503f68,https://static.inaturalist.org/photos/7290949/medium.jpg,14850,European Starling,data/new_raw/images/735c5631-11a3-4f3c-9bd7-ff2f20503f68.jpg
c208e690-8640-4847-a807-1fced679e5a4,https://inaturalist-open-data.s3.amazonaws.com/photos/7295686/medium.jpeg,19349,Monk Parakeet,data/new_raw/images/c208e690-8640-4847-a807-1fced679e5a4.jpg
8a48cfd6-dbc0-496a-b2b5-93df1cdec233,https://static.inaturalist.org/photos/7298545/medium.jpg,12727,American Robin,data/new_raw/images/8a48cfd6-dbc0-496a-b2b5-93df1cdec233.jpg
53d71230-c177-4641-9583-1d38cd58ebb4,https://inaturalist-open-data.s3.amazonaws.com/photos/7307634/medium.jpg,9744,Red-winged Blackbird,data/new_raw/images/53d71230-c177-4641-9583-1d38cd58ebb4.jpg
c207b925-c523-4318-b637-534a483a95bd,https://static.inaturalist.org/photos/7312405/medium.jpg,3936,American Woodcock,data/new_raw/images/c207b925-c523-4318-b637-534a483a95bd.jpg
d54e7e14-e1cd-4772-80d6-f1d451bd52e5,https://static.inaturalist.org/photos/7313388/medium.jpg,9744,Red-winged Blackbird,data/new_raw/images/d54e7e14-e1cd-4772-80d6-f1d451bd52e5.jpg
5da5fecb-0924-4a07-8c20-445c6f7b2f0f,https://static.inaturalist.org/photos/7314238/medium.jpeg,848323,"Primates, Rodents, and Allies",data/new_raw/images/5da5fecb-0924-4a07-8c20-445c6f7b2f0f.jpg
cfcb6a58-4e46-4759-a76a-bd6a6ac675be,https://static.inaturalist.org/photos/7314262/medium.jpeg,7089,Canada Goose,data/new_raw/images/cfcb6a58-4e46-4759-a76a-bd6a6ac675be.jpg
54e30acb-037e-4b4d-a9a5-ade35cb82359,https://static.inaturalist.org/photos/7314534/medium.jpeg,9744,Red-winged Blackbird,data/new_raw/images/54e30acb-037e-4b4d-a9a5-ade35cb82359.jpg
46f6bd1f-d7a6-4870-bc96-a2b846562647,https://static.inaturalist.org/photos/7317543/medium.jpg,3454,Mourning Dove,data/new_raw/images/46f6bd1f-d7a6-4870-bc96-a2b846562647.jpg
c82c68c2-dbf8-4295-aa03-d30783929848,https://static.inaturalist.org/photos/7323117/medium.jpg,14850,European Starling,data/new_raw/images/c82c68c2-dbf8-4295-aa03-d30783929848.jpg
da250708-6d8e-4067-9053-bea90ba41fc8,https://static.inaturalist.org/photos/7327201/medium.jpg,9083,Northern Cardinal,data/new_raw/images/da250708-6d8e-4067-9053-bea90ba41fc8.jpg
ad33f356-bc20-45a2-ace9-168593add1ab,https://inaturalist-open-data.s3.amazonaws.com/photos/7342650/medium.jpg,9092,Lincoln's Sparrow,data/new_raw/images/ad33f356-bc20-45a2-ace9-168593add1ab.jpg
0d863740-d05e-4ea8-b3de-0f75e2a0b9ae,https://inaturalist-open-data.s3.amazonaws.com/photos/7342713/medium.jpg,72458,Spotted Sandpiper,data/new_raw/images/0d863740-d05e-4ea8-b3de-0f75e2a0b9ae.jpg
c165b1aa-3c7d-481e-82dc-44c052a9c864,https://static.inaturalist.org/photos/7351068/medium.jpg,12727,American Robin,data/new_raw/images/c165b1aa-3c7d-481e-82dc-44c052a9c864.jpg
13628d7b-1647-4408-8d4f-c0b4135c36ba,https://static.inaturalist.org/photos/7351100/medium.jpg,12727,American Robin,data/new_raw/images/13628d7b-1647-4408-8d4f-c0b4135c36ba.jpg
dbf577af-8d14-485c-ae37-f004767ff885,https://static.inaturalist.org/photos/7351122/medium.jpg,122767,Feral Pigeon,data/new_raw/images/dbf577af-8d14-485c-ae37-f004767ff885.jpg
bc5af9c5-30df-4efa-88a1-34612b1d6a61,https://static.inaturalist.org/photos/7351153/medium.jpg,122767,Feral Pigeon,data/new_raw/images/bc5af9c5-30df-4efa-88a1-34612b1d6a61.jpg
274e7ce3-0eff-4620-8fa2-4e5f434ed00c,https://static.inaturalist.org/photos/7351148/medium.jpg,4364,Ring-billed Gull,data/new_raw/images/274e7ce3-0eff-4620-8fa2-4e5f434ed00c.jpg
6a41b4ca-a977-4fb1-b1b1-3574c6cdf1ea,https://static.inaturalist.org/photos/7351216/medium.jpg,13858,House Sparrow,data/new_raw/images/6a41b4ca-a977-4fb1-b1b1-3574c6cdf1ea.jpg
14c1d081-1094-4015-99ec-1ac22ca683e2,https://inaturalist-open-data.s3.amazonaws.com/photos/7352451/medium.jpeg,17008,Eastern Phoebe,data/new_raw/images/14c1d081-1094-4015-99ec-1ac22ca683e2.jpg
e3bf8d60-2946-4a3d-b7cb-66b781ee3734,https://static.inaturalist.org/photos/7356120/medium.jpg,43111,Eastern Cottontail,data/new_raw/images/e3bf8d60-2946-4a3d-b7cb-66b781ee3734.jpg
b2838f4b-3166-4bbb-a75f-c8911fe67725,https://inaturalist-open-data.s3.amazonaws.com/photos/7363238/medium.jpeg,6930,Mallard,data/new_raw/images/b2838f4b-3166-4bbb-a75f-c8911fe67725.jpg
2d10016d-3d19-480d-8398-e16395bffd49,https://static.inaturalist.org/photos/7369428/medium.jpg,6930,Mallard,data/new_raw/images/2d10016d-3d19-480d-8398-e16395bffd49.jpg
a239cfcf-bf5d-4159-b810-cdfe6c26a3df,https://static.inaturalist.org/photos/7380424/medium.jpg,1579017,Cooper's Hawk,data/new_raw/images/a239cfcf-bf5d-4159-b810-cdfe6c26a3df.jpg
46d85fb5-91ed-43da-b919-6811aa834b5b,https://static.inaturalist.org/photos/7387876/medium.jpg,46020,Eastern Fox Squirrel,data/new_raw/images/46d85fb5-91ed-43da-b919-6811aa834b5b.jpg
b2857bd3-5fdd-4549-b61b-403dff0fcede,https://inaturalist-open-data.s3.amazonaws.com/photos/7395152/medium.jpg,558438,Northern Shoveler,data/new_raw/images/b2857bd3-5fdd-4549-b61b-403dff0fcede.jpg
62c4956e-f06f-4879-be96-0450c1111e1f,https://inaturalist-open-data.s3.amazonaws.com/photos/7395149/medium.jpg,7057,Canvasback,data/new_raw/images/62c4956e-f06f-4879-be96-0450c1111e1f.jpg
68d909f1-8376-4d1c-9a7b-0a028b0c3291,https://inaturalist-open-data.s3.amazonaws.com/photos/7395151/medium.jpg,162,Sora,data/new_raw/images/68d909f1-8376-4d1c-9a7b-0a028b0c3291.jpg
9ff1cbe5-dd90-42a0-a9df-031fc39f39e4,https://inaturalist-open-data.s3.amazonaws.com/photos/7395150/medium.jpg,72458,Spotted Sandpiper,data/new_raw/images/9ff1cbe5-dd90-42a0-a9df-031fc39f39e4.jpg
72639941-ab7d-406a-b862-99daa6971fb3,https://inaturalist-open-data.s3.amazonaws.com/photos/7395153/medium.jpg,243,Virginia Rail,data/new_raw/images/72639941-ab7d-406a-b862-99daa6971fb3.jpg
5e68e0e2-e3d1-4874-a07c-4db884197f34,https://inaturalist-open-data.s3.amazonaws.com/photos/7395154/medium.jpg,4334,American White Pelican,data/new_raw/images/5e68e0e2-e3d1-4874-a07c-4db884197f34.jpg
ae169b90-35c6-4007-a4c5-1f9357074627,https://inaturalist-open-data.s3.amazonaws.com/photos/7395155/medium.jpg,3893,Lesser Yellowlegs,data/new_raw/images/ae169b90-35c6-4007-a4c5-1f9357074627.jpg
22838816-347f-45a5-a9e0-c8e2a95cb9e0,https://static.inaturalist.org/photos/7398735/medium.jpg,7089,Canada Goose,data/new_raw/images/22838816-347f-45a5-a9e0-c8e2a95cb9e0.jpg
3c748128-68c1-453e-8ce1-516077be0e57,https://inaturalist-open-data.s3.amazonaws.com/photos/7398890/medium.jpeg,9083,Northern Cardinal,data/new_raw/images/3c748128-68c1-453e-8ce1-516077be0e57.jpg
95e57d43-3ac8-4f58-9fa2-d272851acd2d,https://inaturalist-open-data.s3.amazonaws.com/photos/7398904/medium.jpeg,122767,Feral Pigeon,data/new_raw/images/95e57d43-3ac8-4f58-9fa2-d272851acd2d.jpg
ab3dc529-3436-4ec8-8335-e7dea4381da1,https://inaturalist-open-data.s3.amazonaws.com/photos/7407355/medium.jpg,13858,House Sparrow,data/new_raw/images/ab3dc529-3436-4ec8-8335-e7dea4381da1.jpg
c10242a6-7145-497f-9985-43bd797a5e76,https://inaturalist-open-data.s3.amazonaws.com/photos/7407356/medium.jpg,43111,Eastern Cottontail,data/new_raw/images/c10242a6-7145-497f-9985-43bd797a5e76.jpg
cd38b9a1-9351-49b2-99f8-f8c4b388b63c,https://inaturalist-open-data.s3.amazonaws.com/photos/7407357/medium.jpg,14850,European Starling,data/new_raw/images/cd38b9a1-9351-49b2-99f8-f8c4b388b63c.jpg
aefaae8a-ecef-4fa4-ac80-20d3cac46cc3,https://inaturalist-open-data.s3.amazonaws.com/photos/7407359/medium.jpg,4364,Ring-billed Gull,data/new_raw/images/aefaae8a-ecef-4fa4-ac80-20d3cac46cc3.jpg
a64f4777-66e6-434f-b859-482a94755b60,https://inaturalist-open-data.s3.amazonaws.com/photos/7407360/medium.jpg,7089,Canada Goose,data/new_raw/images/a64f4777-66e6-434f-b859-482a94755b60.jpg
d43fdbc1-77f9-4274-ac1f-086e464f399b,https://inaturalist-open-data.s3.amazonaws.com/photos/7407366/medium.jpg,46017,Eastern Gray Squirrel,data/new_raw/images/d43fdbc1-77f9-4274-ac1f-086e464f399b.jpg
2a3109e9-4381-4117-b194-4b58d6d93852,https://inaturalist-open-data.s3.amazonaws.com/photos/7407367/medium.jpg,13858,House Sparrow,data/new_raw/images/2a3109e9-4381-4117-b194-4b58d6d93852.jpg
d72e96fc-4ee8-42c1-a2a9-fdd893572655,https://inaturalist-open-data.s3.amazonaws.com/photos/7407368/medium.jpg,13858,House Sparrow,data/new_raw/images/d72e96fc-4ee8-42c1-a2a9-fdd893572655.jpg
770833d6-5d26-4df6-a72d-aa1f1964d9a2,https://inaturalist-open-data.s3.amazonaws.com/photos/7436286/medium.jpg,46017,Eastern Gray Squirrel,data/new_raw/images/770833d6-5d26-4df6-a72d-aa1f1964d9a2.jpg
8b5a0d69-e018-40fb-9a16-bc3dfabd2084,https://inaturalist-open-data.s3.amazonaws.com/photos/7436296/medium.jpg,13858,House Sparrow,data/new_raw/images/8b5a0d69-e018-40fb-9a16-bc3dfabd2084.jpg
7da2d18e-f2e8-4e47-9493-e4b701a67acc,https://inaturalist-open-data.s3.amazonaws.com/photos/7440432/medium.jpeg,43584,Human,data/new_raw/images/7da2d18e-f2e8-4e47-9493-e4b701a67acc.jpg
33d696cd-481e-4f0a-99aa-b5a9f2674440,https://inaturalist-open-data.s3.amazonaws.com/photos/7439730/medium.jpeg,47144,Domestic Dog,data/new_raw/images/33d696cd-481e-4f0a-99aa-b5a9f2674440.jpg
908104bb-c23f-4640-a19d-59faa4850ac0,https://inaturalist-open-data.s3.amazonaws.com/photos/7438512/medium.jpg,122767,Feral Pigeon,data/new_raw/images/908104bb-c23f-4640-a19d-59faa4850ac0.jpg
63e937f3-a67a-416e-87c5-d76a5f04b96f,https://inaturalist-open-data.s3.amazonaws.com/photos/7450368/medium.jpeg,17402,Blue-headed Vireo,data/new_raw/images/63e937f3-a67a-416e-87c5-d76a5f04b96f.jpg
676dadbc-5238-40a8-ba2f-cef0d8b3e25d,https://inaturalist-open-data.s3.amazonaws.com/photos/7450836/medium.jpeg,238505,Western Palm Warbler,data/new_raw/images/676dadbc-5238-40a8-ba2f-cef0d8b3e25d.jpg
908a488c-2e1c-4672-86bc-726f26b968e0,https://inaturalist-open-data.s3.amazonaws.com/photos/7450843/medium.jpeg,7493,Blue-gray Gnatcatcher,data/new_raw/images/908a488c-2e1c-4672-86bc-726f26b968e0.jpg
bfb13e47-764e-46e3-9f20-9c91eea1ffac,https://inaturalist-open-data.s3.amazonaws.com/photos/7451538/medium.jpg,12727,American Robin,data/new_raw/images/bfb13e47-764e-46e3-9f20-9c91eea1ffac.jpg
53ddcaa2-bb34-40e5-b1ad-4c0a059ae58a,https://static.inaturalist.org/photos/7456130/medium.jpg,1289388,Ruby-crowned Kinglet,data/new_raw/images/53ddcaa2-bb34-40e5-b1ad-4c0a059ae58a.jpg
c5687b66-281e-46fa-be2e-3bde7c43e9e2,https://inaturalist-open-data.s3.amazonaws.com/photos/7458362/medium.jpeg,43584,Human,data/new_raw/images/c5687b66-281e-46fa-be2e-3bde7c43e9e2.jpg
e9367906-eaa1-4205-add8-9fad9936637b,https://inaturalist-open-data.s3.amazonaws.com/photos/7462226/medium.jpeg,46217,Eastern Chipmunk,data/new_raw/images/e9367906-eaa1-4205-add8-9fad9936637b.jpg
bf3241cc-4c9c-435b-8219-33e4132d3807,https://inaturalist-open-data.s3.amazonaws.com/photos/7462777/medium.jpeg,43584,Human,data/new_raw/images/bf3241cc-4c9c-435b-8219-33e4132d3807.jpg
686adb90-c1cc-4dc9-87c2-084d95e4f4cf,https://inaturalist-open-data.s3.amazonaws.com/photos/7463028/medium.jpeg,46217,Eastern Chipmunk,data/new_raw/images/686adb90-c1cc-4dc9-87c2-084d95e4f4cf.jpg
fe415382-3a40-41c4-86e0-02a8a5e13c0a,https://inaturalist-open-data.s3.amazonaws.com/photos/7463340/medium.jpeg,42223,White-tailed Deer,data/new_raw/images/fe415382-3a40-41c4-86e0-02a8a5e13c0a.jpg
93a521a4-3062-4257-b727-59daebfd01f1,https://inaturalist-open-data.s3.amazonaws.com/photos/7463161/medium.jpeg,46217,Eastern Chipmunk,data/new_raw/images/93a521a4-3062-4257-b727-59daebfd01f1.jpg
faf42ef3-a737-4642-b891-c1a67e79059a,https://inaturalist-open-data.s3.amazonaws.com/photos/7463409/medium.jpeg,43584,Human,data/new_raw/images/faf42ef3-a737-4642-b891-c1a67e79059a.jpg
015a9153-909b-4c9a-b03b-697efe07ace6,https://inaturalist-open-data.s3.amazonaws.com/photos/7463302/medium.jpeg,46217,Eastern Chipmunk,data/new_raw/images/015a9153-909b-4c9a-b03b-697efe07ace6.jpg
8db65574-fa30-4e10-a685-b5cfee643605,https://inaturalist-open-data.s3.amazonaws.com/photos/7462447/medium.jpeg,43584,Human,data/new_raw/images/8db65574-fa30-4e10-a685-b5cfee643605.jpg
018b4294-39e5-47e9-9d2e-e89bc82a2233,https://inaturalist-open-data.s3.amazonaws.com/photos/7463437/medium.jpeg,43584,Human,data/new_raw/images/018b4294-39e5-47e9-9d2e-e89bc82a2233.jpg
f46d6163-53d0-4fa6-bc8f-258b65e95806,https://inaturalist-open-data.s3.amazonaws.com/photos/7463256/medium.jpeg,43584,Human,data/new_raw/images/f46d6163-53d0-4fa6-bc8f-258b65e95806.jpg
e97b250a-f03c-4b13-aa19-f16b98668075,https://inaturalist-open-data.s3.amazonaws.com/photos/7463203/medium.jpeg,45763,Muskrat,data/new_raw/images/e97b250a-f03c-4b13-aa19-f16b98668075.jpg
866af34e-d7b0-4b25-807a-b7a62f1a8fa8,https://inaturalist-open-data.s3.amazonaws.com/photos/7462523/medium.jpeg,46217,Eastern Chipmunk,data/new_raw/images/866af34e-d7b0-4b25-807a-b7a62f1a8fa8.jpg
b30d0f4c-8637-44cf-93bc-9467eaa69721,https://inaturalist-open-data.s3.amazonaws.com/photos/7463328/medium.jpeg,45763,Muskrat,data/new_raw/images/b30d0f4c-8637-44cf-93bc-9467eaa69721.jpg
5b692888-2369-459d-b44e-33122ae21c6a,https://inaturalist-open-data.s3.amazonaws.com/photos/7463179/medium.jpeg,46217,Eastern Chipmunk,data/new_raw/images/5b692888-2369-459d-b44e-33122ae21c6a.jpg
a4ec369f-1b74-466b-a44b-593331fb06d0,https://inaturalist-open-data.s3.amazonaws.com/photos/7463320/medium.jpeg,45763,Muskrat,data/new_raw/images/a4ec369f-1b74-466b-a44b-593331fb06d0.jpg
fe71ca32-8c05-4000-b860-1b1364f915f7,https://inaturalist-open-data.s3.amazonaws.com/photos/7463360/medium.jpeg,42223,White-tailed Deer,data/new_raw/images/fe71ca32-8c05-4000-b860-1b1364f915f7.jpg
2ff54bca-28a6-4640-ae25-b2edabb052f3,https://inaturalist-open-data.s3.amazonaws.com/photos/7463502/medium.jpeg,43584,Human,data/new_raw/images/2ff54bca-28a6-4640-ae25-b2edabb052f3.jpg
cc4a5e16-5992-43ba-9706-4d8f98f616f1,https://inaturalist-open-data.s3.amazonaws.com/photos/7463584/medium.jpeg,43584,Human,data/new_raw/images/cc4a5e16-5992-43ba-9706-4d8f98f616f1.jpg
4fd1f6f4-5724-48ce-9f32-00151497a41a,https://inaturalist-open-data.s3.amazonaws.com/photos/7463609/medium.jpeg,43584,Human,data/new_raw/images/4fd1f6f4-5724-48ce-9f32-00151497a41a.jpg
eb4540cb-8cae-488a-8670-a3252037c06f,https://inaturalist-open-data.s3.amazonaws.com/photos/7463611/medium.jpeg,43584,Human,data/new_raw/images/eb4540cb-8cae-488a-8670-a3252037c06f.jpg
5cee0072-47ef-4013-913a-a745465a8172,https://inaturalist-open-data.s3.amazonaws.com/photos/7463627/medium.jpeg,43584,Human,data/new_raw/images/5cee0072-47ef-4013-913a-a745465a8172.jpg
3e48bd0e-8586-480b-a4c8-e0d8e170bf3d,https://inaturalist-open-data.s3.amazonaws.com/photos/7464998/medium.jpeg,18463,Yellow-bellied Sapsucker,data/new_raw/images/3e48bd0e-8586-480b-a4c8-e0d8e170bf3d.jpg
8a83beb2-3248-40e1-b79b-98c7c417679e,https://inaturalist-open-data.s3.amazonaws.com/photos/7466407/medium.jpeg,9184,White-throated Sparrow,data/new_raw/images/8a83beb2-3248-40e1-b79b-98c7c417679e.jpg
552a9108-59b5-4475-a249-49ffa5d8f620,https://inaturalist-open-data.s3.amazonaws.com/photos/7466460/medium.jpeg,6930,Mallard,data/new_raw/images/552a9108-59b5-4475-a249-49ffa5d8f620.jpg
e9260af6-68f3-4dec-a837-9b0073d263b9,https://inaturalist-open-data.s3.amazonaws.com/photos/7466484/medium.jpeg,14850,European Starling,data/new_raw/images/e9260af6-68f3-4dec-a837-9b0073d263b9.jpg
808ea39b-810e-4577-b593-e14be1bac302,https://inaturalist-open-data.s3.amazonaws.com/photos/7466498/medium.jpeg,13858,House Sparrow,data/new_raw/images/808ea39b-810e-4577-b593-e14be1bac302.jpg
1dd14eb3-df5e-43dc-b0bd-8cdb0c9a35a0,https://inaturalist-open-data.s3.amazonaws.com/photos/7466505/medium.jpeg,4246,Pied-billed Grebe,data/new_raw/images/1dd14eb3-df5e-43dc-b0bd-8cdb0c9a35a0.jpg
8f439a25-10b7-4b4b-944c-9448a1049793,https://inaturalist-open-data.s3.amazonaws.com/photos/7466510/medium.jpeg,117100,Golden-crowned Kinglet,data/new_raw/images/8f439a25-10b7-4b4b-944c-9448a1049793.jpg
61f5300a-1414-4fc4-9140-b7181b79f455,https://inaturalist-open-data.s3.amazonaws.com/photos/7466512/medium.jpeg,5020,Green Heron,data/new_raw/images/61f5300a-1414-4fc4-9140-b7181b79f455.jpg
416d9f5d-5d28-4f4f-9c77-71616263d817,https://inaturalist-open-data.s3.amazonaws.com/photos/7466514/medium.jpeg,9083,Northern Cardinal,data/new_raw/images/416d9f5d-5d28-4f4f-9c77-71616263d817.jpg
0313c067-54c7-4fd7-98d4-b70d33f3e9ed,https://inaturalist-open-data.s3.amazonaws.com/photos/7466516/medium.jpeg,12727,American Robin,data/new_raw/images/0313c067-54c7-4fd7-98d4-b70d33f3e9ed.jpg
c0e12d62-2fef-4d8e-ba1f-755f307e68c8,https://inaturalist-open-data.s3.amazonaws.com/photos/7466525/medium.jpeg,6996,Red-breasted Merganser,data/new_raw/images/c0e12d62-2fef-4d8e-ba1f-755f307e68c8.jpg
b23f4fd2-7d37-447b-a618-564437e7400c,https://inaturalist-open-data.s3.amazonaws.com/photos/7466537/medium.jpeg,10373,Brown-headed Cowbird,data/new_raw/images/b23f4fd2-7d37-447b-a618-564437e7400c.jpg
ef5a4a33-71a1-4650-bd12-164987e5f60e,https://inaturalist-open-data.s3.amazonaws.com/photos/7466544/medium.jpeg,9083,Northern Cardinal,data/new_raw/images/ef5a4a33-71a1-4650-bd12-164987e5f60e.jpg
941f9050-2179-4795-ad09-1bdb7d07af77,https://inaturalist-open-data.s3.amazonaws.com/photos/7466545/medium.jpeg,4364,Ring-billed Gull,data/new_raw/images/941f9050-2179-4795-ad09-1bdb7d07af77.jpg
fd4e27be-4b35-4177-b58a-3ea7032330d5,https://inaturalist-open-data.s3.amazonaws.com/photos/7466548/medium.jpeg,9744,Red-winged Blackbird,data/new_raw/images/fd4e27be-4b35-4177-b58a-3ea7032330d5.jpg
27488af3-7183-4ec5-9961-f44bfcd785dc,https://inaturalist-open-data.s3.amazonaws.com/photos/7466551/medium.jpeg,792988,Downy Woodpecker,data/new_raw/images/27488af3-7183-4ec5-9961-f44bfcd785dc.jpg
1d31c424-5083-4eee-ab48-c4fe1c9f4c35,https://inaturalist-open-data.s3.amazonaws.com/photos/7466553/medium.jpeg,18463,Yellow-bellied Sapsucker,data/new_raw/images/1d31c424-5083-4eee-ab48-c4fe1c9f4c35.jpg
b7efd94e-f64c-43fa-aa5a-7522c0536259,https://inaturalist-open-data.s3.amazonaws.com/photos/7466564/medium.jpeg,18236,Northern Flicker,data/new_raw/images/b7efd94e-f64c-43fa-aa5a-7522c0536259.jpg
423fdaf4-9dc3-4698-8333-75d0d6d26c9c,https://inaturalist-open-data.s3.amazonaws.com/photos/7466567/medium.jpeg,7089,Canada Goose,data/new_raw/images/423fdaf4-9dc3-4698-8333-75d0d6d26c9c.jpg
4b779838-3d84-4878-b24f-1865ae7d7ce3,https://inaturalist-open-data.s3.amazonaws.com/photos/7466569/medium.jpeg,9100,Song Sparrow,data/new_raw/images/4b779838-3d84-4878-b24f-1865ae7d7ce3.jpg
5f20bc6d-820d-4064-ae7d-a9d38c9672f2,https://inaturalist-open-data.s3.amazonaws.com/photos/7466571/medium.jpeg,4246,Pied-billed Grebe,data/new_raw/images/5f20bc6d-820d-4064-ae7d-a9d38c9672f2.jpg
9a03c442-14ce-49bb-aa76-ae5f87394519,https://inaturalist-open-data.s3.amazonaws.com/photos/7466573/medium.jpeg,7089,Canada Goose,data/new_raw/images/9a03c442-14ce-49bb-aa76-ae5f87394519.jpg
9f28c028-1713-4888-98ce-c768d028ec1e,https://inaturalist-open-data.s3.amazonaws.com/photos/7466574/medium.jpeg,4626,Common Loon,data/new_raw/images/9f28c028-1713-4888-98ce-c768d028ec1e.jpg
27a7960d-a216-42d0-bb1b-75c8d9e01c25,https://inaturalist-open-data.s3.amazonaws.com/photos/7466575/medium.jpeg,4209,Horned Grebe,data/new_raw/images/27a7960d-a216-42d0-bb1b-75c8d9e01c25.jpg
23a83966-fdfb-4f81-b129-0cda61d4a83a,https://inaturalist-open-data.s3.amazonaws.com/photos/7466576/medium.jpeg,6996,Red-breasted Merganser,data/new_raw/images/23a83966-fdfb-4f81-b129-0cda61d4a83a.jpg
f0489dd2-2688-4098-a2a1-8b6aab2b1eab,https://inaturalist-open-data.s3.amazonaws.com/photos/7466577/medium.jpeg,9744,Red-winged Blackbird,data/new_raw/images/f0489dd2-2688-4098-a2a1-8b6aab2b1eab.jpg
fad48466-4837-4783-98dd-f9aa3905b468,https://inaturalist-open-data.s3.amazonaws.com/photos/7466583/medium.jpeg,6930,Mallard,data/new_raw/images/fad48466-4837-4783-98dd-f9aa3905b468.jpg
0bf076f9-9aef-4032-aa1c-53bf20879795,https://inaturalist-open-data.s3.amazonaws.com/photos/7466578/medium.jpeg,5212,Red-tailed Hawk,data/new_raw/images/0bf076f9-9aef-4032-aa1c-53bf20879795.jpg
3af331f1-c4b4-487c-8895-e4d3f3ae8149,https://inaturalist-open-data.s3.amazonaws.com/photos/7466584/medium.jpeg,4626,Common Loon,data/new_raw/images/3af331f1-c4b4-487c-8895-e4d3f3ae8149.jpg
eb741b6a-8a69-4fc8-a7c4-260855b23b1d,https://inaturalist-open-data.s3.amazonaws.com/photos/7466590/medium.jpeg,5212,Red-tailed Hawk,data/new_raw/images/eb741b6a-8a69-4fc8-a7c4-260855b23b1d.jpg
50977681-1650-42d7-a3ee-87336b5a62ec,https://inaturalist-open-data.s3.amazonaws.com/photos/7466604/medium.jpeg,11935,Tree Swallow,data/new_raw/images/50977681-1650-42d7-a3ee-87336b5a62ec.jpg
474c964a-69b3-441c-8afb-cc5bbb470686,https://inaturalist-open-data.s3.amazonaws.com/photos/7466609/medium.jpeg,8021,American Crow,data/new_raw/images/474c964a-69b3-441c-8afb-cc5bbb470686.jpg
7ee500aa-ad8a-4ad5-8f01-5f59066724d3,https://inaturalist-open-data.s3.amazonaws.com/photos/7466612/medium.jpeg,9100,Song Sparrow,data/new_raw/images/7ee500aa-ad8a-4ad5-8f01-5f59066724d3.jpg
bc5f96c9-d819-4bd4-a8c1-217fd01b8dee,https://inaturalist-open-data.s3.amazonaws.com/photos/7466618/medium.jpeg,9083,Northern Cardinal,data/new_raw/images/bc5f96c9-d819-4bd4-a8c1-217fd01b8dee.jpg
3719ca7c-b2bb-4faf-9023-0e40e542a651,https://inaturalist-open-data.s3.amazonaws.com/photos/7466624/medium.jpeg,474210,American Tree Sparrow,data/new_raw/images/3719ca7c-b2bb-4faf-9023-0e40e542a651.jpg
18b13889-8543-4922-8e78-802287661c66,https://inaturalist-open-data.s3.amazonaws.com/photos/7466629/medium.jpeg,9100,Song Sparrow,data/new_raw/images/18b13889-8543-4922-8e78-802287661c66.jpg
db714577-c511-4974-9e80-711e7c464836,https://inaturalist-open-data.s3.amazonaws.com/photos/7466637/medium.jpeg,473,American Coot,data/new_raw/images/db714577-c511-4974-9e80-711e7c464836.jpg
c5987fa3-35fc-4320-b78c-83b32ac68af3,https://inaturalist-open-data.s3.amazonaws.com/photos/7466633/medium.jpeg,7054,Lesser Scaup,data/new_raw/images/c5987fa3-35fc-4320-b78c-83b32ac68af3.jpg
21b301ac-fd84-47e5-8e7b-dc082e36dffa,https://inaturalist-open-data.s3.amazonaws.com/photos/7466639/medium.jpeg,473,American Coot,data/new_raw/images/21b301ac-fd84-47e5-8e7b-dc082e36dffa.jpg
fe73bf38-fcdb-4764-a879-b6e9bc5f1115,https://inaturalist-open-data.s3.amazonaws.com/photos/7466657/medium.jpeg,6993,Bufflehead,data/new_raw/images/fe73bf38-fcdb-4764-a879-b6e9bc5f1115.jpg
e5d11c8a-c37e-4a3a-a040-a98f2ce75c16,https://inaturalist-open-data.s3.amazonaws.com/photos/8195989/medium.jpeg,43794,American Beaver,data/new_raw/images/e5d11c8a-c37e-4a3a-a040-a98f2ce75c16.jpg
dd086eb9-e7f5-4435-9b92-fe9bde25997f,https://inaturalist-open-data.s3.amazonaws.com/photos/7466680/medium.jpeg,473,American Coot,data/new_raw/images/dd086eb9-e7f5-4435-9b92-fe9bde25997f.jpg
cd19d14e-6a0d-4b26-8452-af4f9b17c5ad,https://inaturalist-open-data.s3.amazonaws.com/photos/7466684/medium.jpeg,6993,Bufflehead,data/new_raw/images/cd19d14e-6a0d-4b26-8452-af4f9b17c5ad.jpg
02252f91-9659-4486-88b9-32b0be2299ea,https://inaturalist-open-data.s3.amazonaws.com/photos/7466687/medium.jpeg,8021,American Crow,data/new_raw/images/02252f91-9659-4486-88b9-32b0be2299ea.jpg
be2b9aa0-89ec-42d1-b734-3a2d0d429736,https://inaturalist-open-data.s3.amazonaws.com/photos/7466688/medium.jpeg,17008,Eastern Phoebe,data/new_raw/images/be2b9aa0-89ec-42d1-b734-3a2d0d429736.jpg
cdb70c95-b6a6-47bf-8dae-f5b908d1c8cb,https://inaturalist-open-data.s3.amazonaws.com/photos/7466691/medium.jpeg,4364,Ring-billed Gull,data/new_raw/images/cdb70c95-b6a6-47bf-8dae-f5b908d1c8cb.jpg
1275af58-ded8-429e-90d8-f6525660cab1,https://inaturalist-open-data.s3.amazonaws.com/photos/7466692/medium.jpeg,6996,Red-breasted Merganser,data/new_raw/images/1275af58-ded8-429e-90d8-f6525660cab1.jpg
036061c0-d835-4279-b0b8-766cd6fc4590,https://inaturalist-open-data.s3.amazonaws.com/photos/7466695/medium.jpeg,1454382,Double-crested Cormorant,data/new_raw/images/036061c0-d835-4279-b0b8-766cd6fc4590.jpg
270b6eaf-373c-4f37-a0e9-40a1a37a4894,https://inaturalist-open-data.s3.amazonaws.com/photos/7466697/medium.jpeg,4756,Turkey Vulture,data/new_raw/images/270b6eaf-373c-4f37-a0e9-40a1a37a4894.jpg
fddb219a-cdd6-42c5-ba0a-59da71604050,https://inaturalist-open-data.s3.amazonaws.com/photos/7466699/medium.jpeg,10094,Dark-eyed Junco,data/new_raw/images/fddb219a-cdd6-42c5-ba0a-59da71604050.jpg
618e2092-4dc4-4630-a7ef-4811563e0451,https://inaturalist-open-data.s3.amazonaws.com/photos/7466721/medium.jpeg,6996,Red-breasted Merganser,data/new_raw/images/618e2092-4dc4-4630-a7ef-4811563e0451.jpg
88a17d07-da87-45eb-ab5a-c83b9be002b7,https://inaturalist-open-data.s3.amazonaws.com/photos/7466728/medium.jpeg,4209,Horned Grebe,data/new_raw/images/88a17d07-da87-45eb-ab5a-c83b9be002b7.jpg
2047f5fe-00ed-464f-b2d0-f89c34253bca,https://inaturalist-open-data.s3.amazonaws.com/photos/7467963/medium.jpeg,9083,Northern Cardinal,data/new_raw/images/2047f5fe-00ed-464f-b2d0-f89c34253bca.jpg
7d7825bc-b849-4e7e-8d03-63c8145bd369,https://inaturalist-open-data.s3.amazonaws.com/photos/7467964/medium.jpeg,46017,Eastern Gray Squirrel,data/new_raw/images/7d7825bc-b849-4e7e-8d03-63c8145bd369.jpg
5bbbea56-9ec8-4aba-ad3d-99ab2b130970,https://inaturalist-open-data.s3.amazonaws.com/photos/7470067/medium.jpeg,6996,Red-breasted Merganser,data/new_raw/images/5bbbea56-9ec8-4aba-ad3d-99ab2b130970.jpg
b3bd182e-05ea-4570-92e7-87601b772066,https://inaturalist-open-data.s3.amazonaws.com/photos/7470155/medium.jpeg,10094,Dark-eyed Junco,data/new_raw/images/b3bd182e-05ea-4570-92e7-87601b772066.jpg
3b2c9aa1-da72-42a4-b011-697a3b30db56,https://inaturalist-open-data.s3.amazonaws.com/photos/7470246/medium.jpeg,145310,American Goldfinch,data/new_raw/images/3b2c9aa1-da72-42a4-b011-697a3b30db56.jpg
e23d3ad5-d025-41f6-afe3-ad178021f2d3,https://inaturalist-open-data.s3.amazonaws.com/photos/7470337/medium.jpeg,4956,Great Blue Heron,data/new_raw/images/e23d3ad5-d025-41f6-afe3-ad178021f2d3.jpg
1ef043c8-77e4-4baf-839f-5f9abf21c7c7,https://inaturalist-open-data.s3.amazonaws.com/photos/7470339/medium.jpeg,4364,Ring-billed Gull,data/new_raw/images/1ef043c8-77e4-4baf-839f-5f9abf21c7c7.jpg
9ba38f61-f944-4a78-938e-f509a698824e,https://inaturalist-open-data.s3.amazonaws.com/photos/7470341/medium.jpeg,12727,American Robin,data/new_raw/images/9ba38f61-f944-4a78-938e-f509a698824e.jpg
86ddd58e-d40e-4224-8ca7-40a4af210dc8,https://inaturalist-open-data.s3.amazonaws.com/photos/7470344/medium.jpeg,14850,European Starling,data/new_raw/images/86ddd58e-d40e-4224-8ca7-40a4af210dc8.jpg
e847235c-1c31-44d0-b334-865349fda607,https://inaturalist-open-data.s3.amazonaws.com/photos/7470350/medium.jpeg,7089,Canada Goose,data/new_raw/images/e847235c-1c31-44d0-b334-865349fda607.jpg
febb53ca-d885-4809-89d2-49d2f9a6827a,https://inaturalist-open-data.s3.amazonaws.com/photos/7470353/medium.jpeg,10373,Brown-headed Cowbird,data/new_raw/images/febb53ca-d885-4809-89d2-49d2f9a6827a.jpg
31e55958-0c7d-4261-b8dd-52d47f5efc78,https://inaturalist-open-data.s3.amazonaws.com/photos/7470357/medium.jpeg,9100,Song Sparrow,data/new_raw/images/31e55958-0c7d-4261-b8dd-52d47f5efc78.jpg
52ee5ae9-a537-4e72-a8a3-c2845f79ea94,https://inaturalist-open-data.s3.amazonaws.com/photos/7470369/medium.jpeg,18463,Yellow-bellied Sapsucker,data/new_raw/images/52ee5ae9-a537-4e72-a8a3-c2845f79ea94.jpg
5f3a78e7-0397-4cdf-9cc9-eb9e43a3e52d,https://inaturalist-open-data.s3.amazonaws.com/photos/7470372/medium.jpeg,46017,Eastern Gray Squirrel,data/new_raw/images/5f3a78e7-0397-4cdf-9cc9-eb9e43a3e52d.jpg
5950ab8e-7177-4bf0-b489-8749b550d382,https://inaturalist-open-data.s3.amazonaws.com/photos/7470375/medium.jpeg,4246,Pied-billed Grebe,data/new_raw/images/5950ab8e-7177-4bf0-b489-8749b550d382.jpg
38e25317-ed81-49fc-af33-fd2cb1a0b89a,https://inaturalist-open-data.s3.amazonaws.com/photos/7470386/medium.jpeg,9744,Red-winged Blackbird,data/new_raw/images/38e25317-ed81-49fc-af33-fd2cb1a0b89a.jpg
34a0d4a4-3e99-46d3-b9f6-1b4646735855,https://inaturalist-open-data.s3.amazonaws.com/photos/7470398/medium.jpeg,473,American Coot,data/new_raw/images/34a0d4a4-3e99-46d3-b9f6-1b4646735855.jpg
63497b0a-8bee-4e5e-b0a9-9c6d56b3d75f,https://inaturalist-open-data.s3.amazonaws.com/photos/7470402/medium.jpeg,7089,Canada Goose,data/new_raw/images/63497b0a-8bee-4e5e-b0a9-9c6d56b3d75f.jpg
5e1a402e-6495-4e66-9cfb-c95f072b671f,https://inaturalist-open-data.s3.amazonaws.com/photos/7470408/medium.jpeg,1454382,Double-crested Cormorant,data/new_raw/images/5e1a402e-6495-4e66-9cfb-c95f072b671f.jpg
faa8a33d-71ae-47dd-af54-f7bcf926ba7e,https://inaturalist-open-data.s3.amazonaws.com/photos/7470411/medium.jpeg,11935,Tree Swallow,data/new_raw/images/faa8a33d-71ae-47dd-af54-f7bcf926ba7e.jpg
f6b41608-b0cb-4ebe-8a44-7b0444a0d8a6,https://inaturalist-open-data.s3.amazonaws.com/photos/7470425/medium.jpeg,473,American Coot,data/new_raw/images/f6b41608-b0cb-4ebe-8a44-7b0444a0d8a6.jpg
9b5be4b4-0f35-4325-8543-c7a99f0155c9,https://inaturalist-open-data.s3.amazonaws.com/photos/7470431/medium.jpeg,6930,Mallard,data/new_raw/images/9b5be4b4-0f35-4325-8543-c7a99f0155c9.jpg
74115b46-b9a8-44d5-ade9-17fc78303680,https://inaturalist-open-data.s3.amazonaws.com/photos/7470432/medium.jpeg,144537,Caspian Tern,data/new_raw/images/74115b46-b9a8-44d5-ade9-17fc78303680.jpg
bfd9a90e-e660-4314-a0fa-292c80a097bb,https://inaturalist-open-data.s3.amazonaws.com/photos/7470448/medium.jpeg,8021,American Crow,data/new_raw/images/bfd9a90e-e660-4314-a0fa-292c80a097bb.jpg
b765fb1a-5803-4708-872a-1ac89b9aacc9,https://inaturalist-open-data.s3.amazonaws.com/photos/7470450/medium.jpeg,2548,Belted Kingfisher,data/new_raw/images/b765fb1a-5803-4708-872a-1ac89b9aacc9.jpg
d8e92dca-5160-44c6-a668-19cca1a64b9d,https://inaturalist-open-data.s3.amazonaws.com/photos/7470490/medium.jpeg,144537,Caspian Tern,data/new_raw/images/d8e92dca-5160-44c6-a668-19cca1a64b9d.jpg
0e3d283a-0452-47b5-afc4-2e2586bc922b,https://inaturalist-open-data.s3.amazonaws.com/photos/7470501/medium.jpeg,145245,Yellow-rumped Warbler,data/new_raw/images/0e3d283a-0452-47b5-afc4-2e2586bc922b.jpg
49c3ede4-a382-41a6-9744-933b171318c2,https://inaturalist-open-data.s3.amazonaws.com/photos/7470514/medium.jpeg,7089,Canada Goose,data/new_raw/images/49c3ede4-a382-41a6-9744-933b171318c2.jpg
e1d8480c-dfe2-4dfc-a950-5b22ee8b4ceb,https://inaturalist-open-data.s3.amazonaws.com/photos/7470515/medium.jpeg,473,American Coot,data/new_raw/images/e1d8480c-dfe2-4dfc-a950-5b22ee8b4ceb.jpg
7c48be27-2125-449f-917d-8db73203f71f,https://inaturalist-open-data.s3.amazonaws.com/photos/7470517/medium.jpeg,9744,Red-winged Blackbird,data/new_raw/images/7c48be27-2125-449f-917d-8db73203f71f.jpg
67e65fab-2479-4753-b5c9-77059df299e8,https://inaturalist-open-data.s3.amazonaws.com/photos/7470524/medium.jpeg,8021,American Crow,data/new_raw/images/67e65fab-2479-4753-b5c9-77059df299e8.jpg
0e48fca1-9622-47ee-99e3-2924dda72e6a,https://inaturalist-open-data.s3.amazonaws.com/photos/7470546/medium.jpeg,144815,Black-capped Chickadee,data/new_raw/images/0e48fca1-9622-47ee-99e3-2924dda72e6a.jpg
208184f5-f128-4b8c-9fbe-9ccb76daa5e2,https://inaturalist-open-data.s3.amazonaws.com/photos/7470556/medium.jpeg,7458,Brown Creeper,data/new_raw/images/208184f5-f128-4b8c-9fbe-9ccb76daa5e2.jpg
e0da0a8e-54ae-420d-9dd3-d1b5debfd2c4,https://inaturalist-open-data.s3.amazonaws.com/photos/7470567/medium.jpeg,6996,Red-breasted Merganser,data/new_raw/images/e0da0a8e-54ae-420d-9dd3-d1b5debfd2c4.jpg
89dbf58b-dc61-4533-b8f9-51d404b655d9,https://inaturalist-open-data.s3.amazonaws.com/photos/7470576/medium.jpeg,9135,Chipping Sparrow,data/new_raw/images/89dbf58b-dc61-4533-b8f9-51d404b655d9.jpg
ed4fc7a5-be13-430c-b229-5c2329d9897e,https://static.inaturalist.org/photos/7476999/medium.jpg,42223,White-tailed Deer,data/new_raw/images/ed4fc7a5-be13-430c-b229-5c2329d9897e.jpg
f0aa2db5-eaf2-4ae9-96b7-9f841ba7fdff,https://static.inaturalist.org/photos/7477365/medium.jpg,6924,American Black Duck,data/new_raw/images/f0aa2db5-eaf2-4ae9-96b7-9f841ba7fdff.jpg
364c367e-1ac6-41d3-864f-85882d05a8e6,https://static.inaturalist.org/photos/7477413/medium.jpg,42223,White-tailed Deer,data/new_raw/images/364c367e-1ac6-41d3-864f-85882d05a8e6.jpg
e8515587-280b-4fd6-b9e9-3e1f140d07b7,https://static.inaturalist.org/photos/7478740/medium.jpg,9083,Northern Cardinal,data/new_raw/images/e8515587-280b-4fd6-b9e9-3e1f140d07b7.jpg
9defbbb2-d958-46d8-931f-b2152dcb14c2,https://inaturalist-open-data.s3.amazonaws.com/photos/7481860/medium.jpeg,7089,Canada Goose,data/new_raw/images/9defbbb2-d958-46d8-931f-b2152dcb14c2.jpg
45aedcd9-d3e9-4043-9178-0421539604f9,https://inaturalist-open-data.s3.amazonaws.com/photos/7481844/medium.jpeg,7089,Canada Goose,data/new_raw/images/45aedcd9-d3e9-4043-9178-0421539604f9.jpg
676a0dd1-cf03-4a84-ada5-2015009479c5,https://inaturalist-open-data.s3.amazonaws.com/photos/7481833/medium.jpeg,7493,Blue-gray Gnatcatcher,data/new_raw/images/676a0dd1-cf03-4a84-ada5-2015009479c5.jpg
67a42a3a-a8f7-4462-b936-96935cbdfd10,https://inaturalist-open-data.s3.amazonaws.com/photos/7481878/medium.jpeg,1454382,Double-crested Cormorant,data/new_raw/images/67a42a3a-a8f7-4462-b936-96935cbdfd10.jpg
79ebc5a0-3982-4b20-b315-8d747e5f402b,https://inaturalist-open-data.s3.amazonaws.com/photos/7481895/medium.jpeg,4364,Ring-billed Gull,data/new_raw/images/79ebc5a0-3982-4b20-b315-8d747e5f402b.jpg
cbf0c620-7c09-4d15-a00e-ddd5ac3187e1,https://inaturalist-open-data.s3.amazonaws.com/photos/7481901/medium.jpeg,9083,Northern Cardinal,data/new_raw/images/cbf0c620-7c09-4d15-a00e-ddd5ac3187e1.jpg
36f83c88-6ef9-4c92-b9ed-af0d5afad62f,https://inaturalist-open-data.s3.amazonaws.com/photos/7481907/medium.jpeg,13858,House Sparrow,data/new_raw/images/36f83c88-6ef9-4c92-b9ed-af0d5afad62f.jpg
93d9f979-f4d0-483e-a503-eefb6010b705,https://inaturalist-open-data.s3.amazonaws.com/photos/7481909/medium.jpeg,7458,Brown Creeper,data/new_raw/images/93d9f979-f4d0-483e-a503-eefb6010b705.jpg
4dca2316-03fc-4932-bfc0-4ff1bd701c2b,https://inaturalist-open-data.s3.amazonaws.com/photos/7481911/medium.jpeg,792988,Downy Woodpecker,data/new_raw/images/4dca2316-03fc-4932-bfc0-4ff1bd701c2b.jpg
b0014006-cc2d-4f57-bc0f-40a5ffa61251,https://inaturalist-open-data.s3.amazonaws.com/photos/7481914/medium.jpeg,14850,European Starling,data/new_raw/images/b0014006-cc2d-4f57-bc0f-40a5ffa61251.jpg
16fc0987-e6df-43fb-8d78-7a4a9aed2bd0,https://inaturalist-open-data.s3.amazonaws.com/photos/7481916/medium.jpeg,9100,Song Sparrow,data/new_raw/images/16fc0987-e6df-43fb-8d78-7a4a9aed2bd0.jpg
bcb71ba9-afe6-4bd4-b069-adf2c4a0a264,https://inaturalist-open-data.s3.amazonaws.com/photos/7481919/medium.jpeg,9744,Red-winged Blackbird,data/new_raw/images/bcb71ba9-afe6-4bd4-b069-adf2c4a0a264.jpg
c53af9c7-7851-46ca-915e-c67b4e8f9515,https://inaturalist-open-data.s3.amazonaws.com/photos/7481933/medium.jpeg,7089,Canada Goose,data/new_raw/images/c53af9c7-7851-46ca-915e-c67b4e8f9515.jpg
43c22cf2-1db2-4ceb-afda-d998b7307d82,https://inaturalist-open-data.s3.amazonaws.com/photos/7481938/medium.jpeg,6996,Red-breasted Merganser,data/new_raw/images/43c22cf2-1db2-4ceb-afda-d998b7307d82.jpg
8f2c06ae-6902-4818-8230-b182b14c0018,https://inaturalist-open-data.s3.amazonaws.com/photos/7481944/medium.jpeg,7054,Lesser Scaup,data/new_raw/images/8f2c06ae-6902-4818-8230-b182b14c0018.jpg
c4185dd6-f77f-4088-9414-61fa09475dc5,https://inaturalist-open-data.s3.amazonaws.com/photos/7481946/medium.jpeg,11901,Barn Swallow,data/new_raw/images/c4185dd6-f77f-4088-9414-61fa09475dc5.jpg
cf84ca28-e5c6-4f26-b928-ebedad222d66,https://inaturalist-open-data.s3.amazonaws.com/photos/7481945/medium.jpeg,11935,Tree Swallow,data/new_raw/images/cf84ca28-e5c6-4f26-b928-ebedad222d66.jpg
265cf839-321c-42bb-ba7d-c93f3abfc197,https://inaturalist-open-data.s3.amazonaws.com/photos/7481949/medium.jpeg,9602,Common Grackle,data/new_raw/images/265cf839-321c-42bb-ba7d-c93f3abfc197.jpg
e6c06ab4-03a8-4ba1-a60f-645252b596e7,https://inaturalist-open-data.s3.amazonaws.com/photos/7481952/medium.jpeg,1454382,Double-crested Cormorant,data/new_raw/images/e6c06ab4-03a8-4ba1-a60f-645252b596e7.jpg
822a9883-9a29-431c-8e06-8dc25d376218,https://inaturalist-open-data.s3.amazonaws.com/photos/7481955/medium.jpeg,9744,Red-winged Blackbird,data/new_raw/images/822a9883-9a29-431c-8e06-8dc25d376218.jpg
8010c6a6-27b8-4ca9-8d9c-a7f9be9d50ad,https://inaturalist-open-data.s3.amazonaws.com/photos/7481964/medium.jpeg,145242,Palm Warbler,data/new_raw/images/8010c6a6-27b8-4ca9-8d9c-a7f9be9d50ad.jpg
80926fd0-c159-448c-9d4c-3ea70a51885b,https://inaturalist-open-data.s3.amazonaws.com/photos/7481971/medium.jpeg,9744,Red-winged Blackbird,data/new_raw/images/80926fd0-c159-448c-9d4c-3ea70a51885b.jpg
9e1019f6-9f86-432a-ba6e-3ae299f4b6e8,https://inaturalist-open-data.s3.amazonaws.com/photos/7481983/medium.jpeg,8021,American Crow,data/new_raw/images/9e1019f6-9f86-432a-ba6e-3ae299f4b6e8.jpg
ea2f971b-ae30-4921-a700-8832936ef432,https://inaturalist-open-data.s3.amazonaws.com/photos/7481960/medium.jpeg,9100,Song Sparrow,data/new_raw/images/ea2f971b-ae30-4921-a700-8832936ef432.jpg
91b8a8b5-e5ef-40e2-92cb-fe23fb9a9c26,https://inaturalist-open-data.s3.amazonaws.com/photos/7481963/medium.jpeg,7493,Blue-gray Gnatcatcher,data/new_raw/images/91b8a8b5-e5ef-40e2-92cb-fe23fb9a9c26.jpg
f4cdc91f-f311-43c7-b71b-55d66f755ef7,https://inaturalist-open-data.s3.amazonaws.com/photos/7481979/medium.jpeg,18463,Yellow-bellied Sapsucker,data/new_raw/images/f4cdc91f-f311-43c7-b71b-55d66f755ef7.jpg
c4357ed3-6be4-4da3-9e33-5d52c1804514,https://inaturalist-open-data.s3.amazonaws.com/photos/7481993/medium.jpeg,4364,Ring-billed Gull,data/new_raw/images/c4357ed3-6be4-4da3-9e33-5d52c1804514.jpg
53c2a2ed-44b4-44ee-97d2-61deb5f1663e,https://inaturalist-open-data.s3.amazonaws.com/photos/7481995/medium.jpeg,6930,Mallard,data/new_raw/images/53c2a2ed-44b4-44ee-97d2-61deb5f1663e.jpg
4801a3e7-9e69-456e-b05d-26a13c962b33,https://inaturalist-open-data.s3.amazonaws.com/photos/7481991/medium.jpeg,7089,Canada Goose,data/new_raw/images/4801a3e7-9e69-456e-b05d-26a13c962b33.jpg
f417bb31-6f77-4aad-a3b8-ed10131079d2,https://inaturalist-open-data.s3.amazonaws.com/photos/7482000/medium.jpeg,7089,Canada Goose,data/new_raw/images/f417bb31-6f77-4aad-a3b8-ed10131079d2.jpg
ff3af66b-fdfe-4dd9-a46c-08019886cd7a,https://inaturalist-open-data.s3.amazonaws.com/photos/7482005/medium.jpeg,7107,Wood Duck,data/new_raw/images/ff3af66b-fdfe-4dd9-a46c-08019886cd7a.jpg
f9e09bfc-39e7-44ab-ac19-d1ee8685fc2d,https://inaturalist-open-data.s3.amazonaws.com/photos/7482003/medium.jpeg,10373,Brown-headed Cowbird,data/new_raw/images/f9e09bfc-39e7-44ab-ac19-d1ee8685fc2d.jpg
f25a73c0-a4e1-457e-8abc-f144481dfca0,https://inaturalist-open-data.s3.amazonaws.com/photos/7482007/medium.jpeg,145310,American Goldfinch,data/new_raw/images/f25a73c0-a4e1-457e-8abc-f144481dfca0.jpg
9c0a4a8c-1042-4865-b3c3-336e77fdfc6b,https://inaturalist-open-data.s3.amazonaws.com/photos/7482011/medium.jpeg,14850,European Starling,data/new_raw/images/9c0a4a8c-1042-4865-b3c3-336e77fdfc6b.jpg
dc540173-194b-405e-bf9b-490e9cd417e2,https://inaturalist-open-data.s3.amazonaws.com/photos/7482019/medium.jpeg,12727,American Robin,data/new_raw/images/dc540173-194b-405e-bf9b-490e9cd417e2.jpg
5e429487-4144-4574-8fae-9861c4257c04,https://inaturalist-open-data.s3.amazonaws.com/photos/7482022/medium.jpeg,1454382,Double-crested Cormorant,data/new_raw/images/5e429487-4144-4574-8fae-9861c4257c04.jpg
9349f746-05cd-475e-957d-cdf139537e34,https://inaturalist-open-data.s3.amazonaws.com/photos/7482024/medium.jpeg,145310,American Goldfinch,data/new_raw/images/9349f746-05cd-475e-957d-cdf139537e34.jpg
c6c52807-fe2c-497e-9d34-cd918cbaeaec,https://inaturalist-open-data.s3.amazonaws.com/photos/7482026/medium.jpeg,17008,Eastern Phoebe,data/new_raw/images/c6c52807-fe2c-497e-9d34-cd918cbaeaec.jpg
6b1495fa-c869-4b40-b835-00640ef096de,https://inaturalist-open-data.s3.amazonaws.com/photos/7483884/medium.jpg,6930,Mallard,data/new_raw/images/6b1495fa-c869-4b40-b835-00640ef096de.jpg
4e485327-42cd-4d2e-afc3-db0a3c3ee23b,https://inaturalist-open-data.s3.amazonaws.com/photos/7483808/medium.jpeg,4793,Killdeer,data/new_raw/images/4e485327-42cd-4d2e-afc3-db0a3c3ee23b.jpg
f769b890-80aa-4b8c-9c69-3333beb4eb93,https://inaturalist-open-data.s3.amazonaws.com/photos/7483756/medium.jpeg,1579017,Cooper's Hawk,data/new_raw/images/f769b890-80aa-4b8c-9c69-3333beb4eb93.jpg
67b5ff13-a352-44b1-865b-c0e53bc41b1e,https://inaturalist-open-data.s3.amazonaws.com/photos/7483842/medium.jpeg,145238,Yellow Warbler,data/new_raw/images/67b5ff13-a352-44b1-865b-c0e53bc41b1e.jpg
87be1fba-29a6-4438-8c2b-2cf2d79b540f,https://inaturalist-open-data.s3.amazonaws.com/photos/7483837/medium.jpeg,979757,Orange-crowned Warbler,data/new_raw/images/87be1fba-29a6-4438-8c2b-2cf2d79b540f.jpg
4dedd3a3-330b-4a3e-bc1e-c7e8fafa4be2,https://inaturalist-open-data.s3.amazonaws.com/photos/7483867/medium.jpeg,145245,Yellow-rumped Warbler,data/new_raw/images/4dedd3a3-330b-4a3e-bc1e-c7e8fafa4be2.jpg
e79cd14c-2045-4924-b76a-4c0ddc1f6b7a,https://inaturalist-open-data.s3.amazonaws.com/photos/7483852/medium.jpeg,145242,Palm Warbler,data/new_raw/images/e79cd14c-2045-4924-b76a-4c0ddc1f6b7a.jpg
ad0144dc-a19f-4de3-86b3-862910f11156,https://inaturalist-open-data.s3.amazonaws.com/photos/7891860/medium.jpeg,9921,Scarlet Tanager,data/new_raw/images/ad0144dc-a19f-4de3-86b3-862910f11156.jpg
f339a8d2-fb58-4b17-ba06-717604a4c4e4,https://inaturalist-open-data.s3.amazonaws.com/photos/7891868/medium.jpeg,9346,Baltimore Oriole,data/new_raw/images/f339a8d2-fb58-4b17-ba06-717604a4c4e4.jpg
c8867ef1-63c7-4658-82bb-e64622bd7175,https://inaturalist-open-data.s3.amazonaws.com/photos/7483870/medium.jpeg,145244,Pine Warbler,data/new_raw/images/c8867ef1-63c7-4658-82bb-e64622bd7175.jpg
e82cac7c-7a6b-4faa-8bc2-29c777855607,https://inaturalist-open-data.s3.amazonaws.com/photos/7483873/medium.jpeg,3892,Greater Yellowlegs,data/new_raw/images/e82cac7c-7a6b-4faa-8bc2-29c777855607.jpg
95f5d192-96cc-485c-95c3-3e3b8fe16e8e,https://inaturalist-open-data.s3.amazonaws.com/photos/7483876/medium.jpeg,17402,Blue-headed Vireo,data/new_raw/images/95f5d192-96cc-485c-95c3-3e3b8fe16e8e.jpg
881f006a-81cc-4cb5-9b34-a506d94aa740,https://inaturalist-open-data.s3.amazonaws.com/photos/7483874/medium.jpeg,16028,Great Crested Flycatcher,data/new_raw/images/881f006a-81cc-4cb5-9b34-a506d94aa740.jpg
70f6105a-66e0-43e2-a5b2-e692a808f043,https://inaturalist-open-data.s3.amazonaws.com/photos/7492546/medium.jpeg,7601,Marsh Wren,data/new_raw/images/70f6105a-66e0-43e2-a5b2-e692a808f043.jpg
08d9adf6-131b-4dd1-9c2e-075a13616695,https://static.inaturalist.org/photos/7497449/medium.jpg,12727,American Robin,data/new_raw/images/08d9adf6-131b-4dd1-9c2e-075a13616695.jpg
fd3f72a6-df9c-4589-b143-29de5eadca60,https://inaturalist-open-data.s3.amazonaws.com/photos/7508689/medium.jpeg,9744,Red-winged Blackbird,data/new_raw/images/fd3f72a6-df9c-4589-b143-29de5eadca60.jpg
d9904ddf-1da7-47f8-89f2-833be1dd90d3,https://static.inaturalist.org/photos/7515309/medium.jpg,9744,Red-winged Blackbird,data/new_raw/images/d9904ddf-1da7-47f8-89f2-833be1dd90d3.jpg
7c1df2ab-87fe-4eda-9854-50570a58b5d9,https://inaturalist-open-data.s3.amazonaws.com/photos/7525104/medium.jpg,243,Virginia Rail,data/new_raw/images/7c1df2ab-87fe-4eda-9854-50570a58b5d9.jpg
6047bfe5-61ab-4e62-ac07-d2bd90947251,https://inaturalist-open-data.s3.amazonaws.com/photos/7654624/medium.jpeg,6930,Mallard,data/new_raw/images/6047bfe5-61ab-4e62-ac07-d2bd90947251.jpg
cff9e72c-8a21-404f-bcca-6aac883d4e6b,https://inaturalist-open-data.s3.amazonaws.com/photos/7654683/medium.jpeg,43111,Eastern Cottontail,data/new_raw/images/cff9e72c-8a21-404f-bcca-6aac883d4e6b.jpg
d5dcb252-9199-404b-9ae1-c144a481e0d5,https://inaturalist-open-data.s3.amazonaws.com/photos/7654557/medium.jpeg,14850,European Starling,data/new_raw/images/d5dcb252-9199-404b-9ae1-c144a481e0d5.jpg
afe4d605-05bd-4462-9c20-9388ee4f5b4c,https://inaturalist-open-data.s3.amazonaws.com/photos/7568199/medium.jpg,43111,Eastern Cottontail,data/new_raw/images/afe4d605-05bd-4462-9c20-9388ee4f5b4c.jpg
02501699-3239-43f3-bd90-ef66131e1c74,https://static.inaturalist.org/photos/7587032/medium.jpg,43111,Eastern Cottontail,data/new_raw/images/02501699-3239-43f3-bd90-ef66131e1c74.jpg
cf84e81b-7275-4571-9e80-db5a2f342e1a,https://inaturalist-open-data.s3.amazonaws.com/photos/7592262/medium.jpeg,9096,Swamp Sparrow,data/new_raw/images/cf84e81b-7275-4571-9e80-db5a2f342e1a.jpg
30a3e515-d88a-45e2-8c3d-862d8fd77873,https://inaturalist-open-data.s3.amazonaws.com/photos/7592287/medium.jpeg,9184,White-throated Sparrow,data/new_raw/images/30a3e515-d88a-45e2-8c3d-862d8fd77873.jpg
66914ef0-935b-43d9-8bad-792118036004,https://inaturalist-open-data.s3.amazonaws.com/photos/7593965/medium.jpg,41663,Common Raccoon,data/new_raw/images/66914ef0-935b-43d9-8bad-792118036004.jpg
54c75e6f-96ac-40fa-a9d8-b356df674139,https://static.inaturalist.org/photos/7600802/medium.jpg,13858,House Sparrow,data/new_raw/images/54c75e6f-96ac-40fa-a9d8-b356df674139.jpg
32e2287f-4449-4a1a-8989-71f443321eb8,https://static.inaturalist.org/photos/7600804/medium.jpg,43111,Eastern Cottontail,data/new_raw/images/32e2287f-4449-4a1a-8989-71f443321eb8.jpg
5ff16817-f8f1-4586-8e48-abb0892a3158,https://inaturalist-open-data.s3.amazonaws.com/photos/7602565/medium.jpg,13858,House Sparrow,data/new_raw/images/5ff16817-f8f1-4586-8e48-abb0892a3158.jpg
a4e3a216-1f01-4b1d-b373-381f1ff692e5,https://static.inaturalist.org/photos/7603600/medium.jpg,12727,American Robin,data/new_raw/images/a4e3a216-1f01-4b1d-b373-381f1ff692e5.jpg
02903d0b-ac7c-4cfb-9ab8-e82b7146223d,https://static.inaturalist.org/photos/7604148/medium.jpg,5020,Green Heron,data/new_raw/images/02903d0b-ac7c-4cfb-9ab8-e82b7146223d.jpg
63b63b9b-c1b6-4b38-a632-7f9a03af146b,https://inaturalist-open-data.s3.amazonaws.com/photos/7610181/medium.jpg,122767,Feral Pigeon,data/new_raw/images/63b63b9b-c1b6-4b38-a632-7f9a03af146b.jpg
e8987802-f563-4113-ad3d-1fc439a89b2b,https://static.inaturalist.org/photos/7616743/medium.jpg,4364,Ring-billed Gull,data/new_raw/images/e8987802-f563-4113-ad3d-1fc439a89b2b.jpg
db4ef68b-5150-4437-9105-30463c55b693,https://inaturalist-open-data.s3.amazonaws.com/photos/7619362/medium.jpeg,13858,House Sparrow,data/new_raw/images/db4ef68b-5150-4437-9105-30463c55b693.jpg
8b5110ec-4724-4daa-8f0d-1a152ef63e4d,https://static.inaturalist.org/photos/7620055/medium.jpg,43111,Eastern Cottontail,data/new_raw/images/8b5110ec-4724-4daa-8f0d-1a152ef63e4d.jpg
67f32e48-f82e-4d79-8e15-98329f50d7ed,https://static.inaturalist.org/photos/7619645/medium.jpeg,6930,Mallard,data/new_raw/images/67f32e48-f82e-4d79-8e15-98329f50d7ed.jpg
c7717ddb-bba0-46c2-8fb1-9a4df9cfc5a3,https://static.inaturalist.org/photos/7619942/medium.jpg,12727,American Robin,data/new_raw/images/c7717ddb-bba0-46c2-8fb1-9a4df9cfc5a3.jpg
dcdbfdea-c922-4f7c-917a-ceea2250bde0,https://inaturalist-open-data.s3.amazonaws.com/photos/7621244/medium.jpg,7107,Wood Duck,data/new_raw/images/dcdbfdea-c922-4f7c-917a-ceea2250bde0.jpg
e301a44d-638e-4c3f-9a27-8acd48a5e80e,https://static.inaturalist.org/photos/7625686/medium.jpg,12727,American Robin,data/new_raw/images/e301a44d-638e-4c3f-9a27-8acd48a5e80e.jpg
3df24124-0aec-4190-83c2-88c77ee5ce40,https://inaturalist-open-data.s3.amazonaws.com/photos/7625716/medium.jpg,12727,American Robin,data/new_raw/images/3df24124-0aec-4190-83c2-88c77ee5ce40.jpg
2a1b2fbd-39ad-4ed7-b46c-501db2428e54,https://inaturalist-open-data.s3.amazonaws.com/photos/7626743/medium.jpg,43111,Eastern Cottontail,data/new_raw/images/2a1b2fbd-39ad-4ed7-b46c-501db2428e54.jpg
a0b2469f-f9bb-48ff-8907-71ef0d771492,https://static.inaturalist.org/photos/7630664/medium.jpeg,14850,European Starling,data/new_raw/images/a0b2469f-f9bb-48ff-8907-71ef0d771492.jpg
89b6591b-4f8d-468a-92c3-a19adbc2007e,https://static.inaturalist.org/photos/7630697/medium.jpeg,43111,Eastern Cottontail,data/new_raw/images/89b6591b-4f8d-468a-92c3-a19adbc2007e.jpg
4a3c2691-7915-4349-9b87-e16df6643b20,https://static.inaturalist.org/photos/7632106/medium.jpg,122767,Feral Pigeon,data/new_raw/images/4a3c2691-7915-4349-9b87-e16df6643b20.jpg
cb8f0156-0065-4785-afdc-0b814582dc60,https://static.inaturalist.org/photos/7632733/medium.jpg,14850,European Starling,data/new_raw/images/cb8f0156-0065-4785-afdc-0b814582dc60.jpg
6d02d40c-1484-4ea5-9d68-ea8a49e89f47,https://static.inaturalist.org/photos/7632799/medium.jpg,43111,Eastern Cottontail,data/new_raw/images/6d02d40c-1484-4ea5-9d68-ea8a49e89f47.jpg
9df169f0-80f8-42dc-9234-9fccf0c7b099,https://static.inaturalist.org/photos/7633258/medium.jpg,7089,Canada Goose,data/new_raw/images/9df169f0-80f8-42dc-9234-9fccf0c7b099.jpg
b5f304ab-526b-466a-8deb-44c7f601052b,https://static.inaturalist.org/photos/7636414/medium.jpg,122767,Feral Pigeon,data/new_raw/images/b5f304ab-526b-466a-8deb-44c7f601052b.jpg
ab1815a4-452a-48cb-a3b6-aab8d4bc7320,https://static.inaturalist.org/photos/7636965/medium.jpeg,46017,Eastern Gray Squirrel,data/new_raw/images/ab1815a4-452a-48cb-a3b6-aab8d4bc7320.jpg
2b39944a-ffc5-4015-acb6-e1b401dd59a5,https://inaturalist-open-data.s3.amazonaws.com/photos/7637445/medium.jpeg,3875,Solitary Sandpiper,data/new_raw/images/2b39944a-ffc5-4015-acb6-e1b401dd59a5.jpg
71fc71e7-341c-4819-9c66-db5ee8c552b4,https://static.inaturalist.org/photos/7638409/medium.jpg,122767,Feral Pigeon,data/new_raw/images/71fc71e7-341c-4819-9c66-db5ee8c552b4.jpg
8b91db27-9769-4356-a29d-9f2e0023ca00,https://static.inaturalist.org/photos/7638458/medium.jpg,12727,American Robin,data/new_raw/images/8b91db27-9769-4356-a29d-9f2e0023ca00.jpg
a65a4ef6-9fdc-49bc-88a5-7f5573915fa8,https://static.inaturalist.org/photos/7638704/medium.jpg,43111,Eastern Cottontail,data/new_raw/images/a65a4ef6-9fdc-49bc-88a5-7f5573915fa8.jpg
a16705c9-4487-4a9e-9ee4-364ca11d267c,https://static.inaturalist.org/photos/7638720/medium.jpg,43111,Eastern Cottontail,data/new_raw/images/a16705c9-4487-4a9e-9ee4-364ca11d267c.jpg
a6bcf0a2-65b6-4808-9181-c575233656ab,https://static.inaturalist.org/photos/7642990/medium.jpg,6930,Mallard,data/new_raw/images/a6bcf0a2-65b6-4808-9181-c575233656ab.jpg
abe0e880-d50a-4783-9767-01d2f22ec536,https://static.inaturalist.org/photos/7642999/medium.jpg,46017,Eastern Gray Squirrel,data/new_raw/images/abe0e880-d50a-4783-9767-01d2f22ec536.jpg
efc69041-64b7-4e90-9228-4fe9200fc50e,https://static.inaturalist.org/photos/7652042/medium.jpg,4364,Ring-billed Gull,data/new_raw/images/efc69041-64b7-4e90-9228-4fe9200fc50e.jpg
4718bdf0-cefe-48d1-ae13-8e38be9c929e,https://static.inaturalist.org/photos/7643033/medium.jpg,43111,Eastern Cottontail,data/new_raw/images/4718bdf0-cefe-48d1-ae13-8e38be9c929e.jpg
8eb48ea7-3ca2-4a05-b71d-b05f6d69fa9b,https://static.inaturalist.org/photos/7650003/medium.jpg,12727,American Robin,data/new_raw/images/8eb48ea7-3ca2-4a05-b71d-b05f6d69fa9b.jpg
e2f18310-6cd1-44d7-8586-79060911a98b,https://static.inaturalist.org/photos/7650056/medium.jpg,43111,Eastern Cottontail,data/new_raw/images/e2f18310-6cd1-44d7-8586-79060911a98b.jpg
ee698f21-5bf4-4583-9a87-c71025c6f7de,https://static.inaturalist.org/photos/7651695/medium.jpg,13858,House Sparrow,data/new_raw/images/ee698f21-5bf4-4583-9a87-c71025c6f7de.jpg
2c2fb7fd-d899-478f-8b43-053f51fc552c,https://static.inaturalist.org/photos/7651703/medium.jpg,9602,Common Grackle,data/new_raw/images/2c2fb7fd-d899-478f-8b43-053f51fc552c.jpg
6c30a242-1b7b-4ba6-9ff1-3e26ddfa22c0,https://static.inaturalist.org/photos/7651909/medium.jpg,43111,Eastern Cottontail,data/new_raw/images/6c30a242-1b7b-4ba6-9ff1-3e26ddfa22c0.jpg
2541b8f1-add9-4e64-9db0-2dfd2e778a04,https://static.inaturalist.org/photos/7651939/medium.jpg,7089,Canada Goose,data/new_raw/images/2541b8f1-add9-4e64-9db0-2dfd2e778a04.jpg
f8294bff-4eab-489b-8525-0cc5635d5f27,https://inaturalist-open-data.s3.amazonaws.com/photos/7660469/medium.jpeg,10286,Black-and-white Warbler,data/new_raw/images/f8294bff-4eab-489b-8525-0cc5635d5f27.jpg
b870fe7e-5d0a-48a1-ab5e-e7f126c61cb8,https://inaturalist-open-data.s3.amazonaws.com/photos/7660481/medium.jpeg,9424,Eastern Towhee,data/new_raw/images/b870fe7e-5d0a-48a1-ab5e-e7f126c61cb8.jpg
6fb7f84e-d53f-4aa4-a5e0-e4af465a4a3c,https://inaturalist-open-data.s3.amazonaws.com/photos/7660544/medium.jpeg,16028,Great Crested Flycatcher,data/new_raw/images/6fb7f84e-d53f-4aa4-a5e0-e4af465a4a3c.jpg
06f4891b-b9d3-4636-970e-4a9d2eefdadd,https://inaturalist-open-data.s3.amazonaws.com/photos/7660580/medium.jpeg,17008,Eastern Phoebe,data/new_raw/images/06f4891b-b9d3-4636-970e-4a9d2eefdadd.jpg
a6bd6ea5-4cdc-44e5-8e69-931e150bea88,https://inaturalist-open-data.s3.amazonaws.com/photos/7660846/medium.jpeg,7107,Wood Duck,data/new_raw/images/a6bd6ea5-4cdc-44e5-8e69-931e150bea88.jpg
8039d459-7628-4d19-bd0f-5890b0d10f77,https://inaturalist-open-data.s3.amazonaws.com/photos/7672885/medium.jpg,4981,Black-crowned Night Heron,data/new_raw/images/8039d459-7628-4d19-bd0f-5890b0d10f77.jpg
f74600cd-2df5-4b86-8855-9322ef0742ac,https://inaturalist-open-data.s3.amazonaws.com/photos/7672916/medium.jpg,4956,Great Blue Heron,data/new_raw/images/f74600cd-2df5-4b86-8855-9322ef0742ac.jpg
bbaff653-3c3d-403e-b8e6-fa99ad9b8654,https://inaturalist-open-data.s3.amazonaws.com/photos/7691884/medium.jpeg,10243,Yellow-breasted Chat,data/new_raw/images/bbaff653-3c3d-403e-b8e6-fa99ad9b8654.jpg
50460f3f-c964-4521-ba57-25033e0bb059,https://inaturalist-open-data.s3.amazonaws.com/photos/7691887/medium.jpeg,10243,Yellow-breasted Chat,data/new_raw/images/50460f3f-c964-4521-ba57-25033e0bb059.jpg
83a6f661-24bf-45af-a71b-2be23f5f8b02,https://inaturalist-open-data.s3.amazonaws.com/photos/7692026/medium.jpeg,46217,Eastern Chipmunk,data/new_raw/images/83a6f661-24bf-45af-a71b-2be23f5f8b02.jpg
cb231eb0-4b54-4f1b-a962-1b83f3c69f28,https://inaturalist-open-data.s3.amazonaws.com/photos/7692060/medium.jpeg,9083,Northern Cardinal,data/new_raw/images/cb231eb0-4b54-4f1b-a962-1b83f3c69f28.jpg
15d9e69e-d616-4248-a02b-9ef04758b06e,https://inaturalist-open-data.s3.amazonaws.com/photos/7692237/medium.jpeg,9744,Red-winged Blackbird,data/new_raw/images/15d9e69e-d616-4248-a02b-9ef04758b06e.jpg
ea697f92-ca65-4f4b-80d2-f91162d7a0eb,https://inaturalist-open-data.s3.amazonaws.com/photos/7703433/medium.jpeg,4364,Ring-billed Gull,data/new_raw/images/ea697f92-ca65-4f4b-80d2-f91162d7a0eb.jpg
84284b7e-a4ad-4678-af22-7bed9da24a8e,https://inaturalist-open-data.s3.amazonaws.com/photos/7703812/medium.jpeg,16782,Eastern Kingbird,data/new_raw/images/84284b7e-a4ad-4678-af22-7bed9da24a8e.jpg
dc9733b9-17fc-43b2-923d-af986678d80f,https://inaturalist-open-data.s3.amazonaws.com/photos/7703804/medium.jpeg,4981,Black-crowned Night Heron,data/new_raw/images/dc9733b9-17fc-43b2-923d-af986678d80f.jpg
e8053860-66fa-4e14-8f74-35aa4363e821,https://inaturalist-open-data.s3.amazonaws.com/photos/7703791/medium.jpeg,145229,Hooded Warbler,data/new_raw/images/e8053860-66fa-4e14-8f74-35aa4363e821.jpg
b38f578b-b819-47e9-a244-acd7e7c67781,https://inaturalist-open-data.s3.amazonaws.com/photos/7703825/medium.jpeg,12942,Eastern Bluebird,data/new_raw/images/b38f578b-b819-47e9-a244-acd7e7c67781.jpg
ee73782e-c54f-4043-8d79-832bce4a36e5,https://inaturalist-open-data.s3.amazonaws.com/photos/7719682/medium.jpeg,1264432,American Mink,data/new_raw/images/ee73782e-c54f-4043-8d79-832bce4a36e5.jpg
48c58171-6d33-41a4-bdcc-e043869c4a57,https://inaturalist-open-data.s3.amazonaws.com/photos/7725453/medium.jpg,7089,Canada Goose,data/new_raw/images/48c58171-6d33-41a4-bdcc-e043869c4a57.jpg
7dbf5d64-acf2-4975-bb35-b9697e4cdc3d,https://inaturalist-open-data.s3.amazonaws.com/photos/7725461/medium.jpg,6930,Mallard,data/new_raw/images/7dbf5d64-acf2-4975-bb35-b9697e4cdc3d.jpg
85714fcc-5555-49ae-a879-ad80b38ede06,https://inaturalist-open-data.s3.amazonaws.com/photos/7726960/medium.jpeg,12901,Veery,data/new_raw/images/85714fcc-5555-49ae-a879-ad80b38ede06.jpg
bf4e452b-b6d1-42ee-b364-2ec558e1e808,https://inaturalist-open-data.s3.amazonaws.com/photos/7726955/medium.jpeg,62550,Ovenbird,data/new_raw/images/bf4e452b-b6d1-42ee-b364-2ec558e1e808.jpg
aa83f84f-7ed9-426b-9a9d-d66ff84aaa6c,https://inaturalist-open-data.s3.amazonaws.com/photos/7726957/medium.jpeg,7562,Northern House Wren,data/new_raw/images/aa83f84f-7ed9-426b-9a9d-d66ff84aaa6c.jpg
ee9ef47f-9b91-4d7f-ad58-e03b762c387f,https://inaturalist-open-data.s3.amazonaws.com/photos/7726961/medium.jpeg,9807,Golden-winged Warbler,data/new_raw/images/ee9ef47f-9b91-4d7f-ad58-e03b762c387f.jpg
e3d09871-731d-4998-aa99-774011ad8bf1,https://inaturalist-open-data.s3.amazonaws.com/photos/7726964/medium.jpeg,145229,Hooded Warbler,data/new_raw/images/e3d09871-731d-4998-aa99-774011ad8bf1.jpg
c2d36812-3a95-440f-8195-a2aa63e2b750,https://inaturalist-open-data.s3.amazonaws.com/photos/7726963/medium.jpeg,14995,Gray Catbird,data/new_raw/images/c2d36812-3a95-440f-8195-a2aa63e2b750.jpg
ccdfcb9e-8d58-4ea9-81b9-3aed5d5a0401,https://inaturalist-open-data.s3.amazonaws.com/photos/7727156/medium.jpeg,14823,Red-breasted Nuthatch,data/new_raw/images/ccdfcb9e-8d58-4ea9-81b9-3aed5d5a0401.jpg
8a55ebe9-1cd9-46ee-b39b-7b87ba18b5b5,https://inaturalist-open-data.s3.amazonaws.com/photos/7727152/medium.jpeg,9092,Lincoln's Sparrow,data/new_raw/images/8a55ebe9-1cd9-46ee-b39b-7b87ba18b5b5.jpg
d8da37bc-9e2e-433a-a766-5bd3b9dd94c6,https://inaturalist-open-data.s3.amazonaws.com/photos/7727148/medium.jpeg,9346,Baltimore Oriole,data/new_raw/images/d8da37bc-9e2e-433a-a766-5bd3b9dd94c6.jpg
85427093-78ec-46b5-9e14-1940486a2cc5,https://inaturalist-open-data.s3.amazonaws.com/photos/7727146/medium.jpeg,4981,Black-crowned Night Heron,data/new_raw/images/85427093-78ec-46b5-9e14-1940486a2cc5.jpg
2fbd35d8-bbca-4e32-921a-41f81e69b93f,https://inaturalist-open-data.s3.amazonaws.com/photos/7727157/medium.jpeg,145229,Hooded Warbler,data/new_raw/images/2fbd35d8-bbca-4e32-921a-41f81e69b93f.jpg
4911cc8f-c6f9-49d7-8c38-959bd608dd7c,https://inaturalist-open-data.s3.amazonaws.com/photos/7727621/medium.jpg,43111,Eastern Cottontail,data/new_raw/images/4911cc8f-c6f9-49d7-8c38-959bd608dd7c.jpg
c184e057-00b9-4fe4-b903-e8cfe081c027,https://inaturalist-open-data.s3.amazonaws.com/photos/7727634/medium.jpg,12727,American Robin,data/new_raw/images/c184e057-00b9-4fe4-b903-e8cfe081c027.jpg
e35d4155-cf68-4579-b1d8-cacfe8e6f538,https://inaturalist-open-data.s3.amazonaws.com/photos/7741708/medium.jpeg,73149,Northern Waterthrush,data/new_raw/images/e35d4155-cf68-4579-b1d8-cacfe8e6f538.jpg
c0174930-1ed9-4271-93f0-50a6fa374fd2,https://inaturalist-open-data.s3.amazonaws.com/photos/7765955/medium.jpeg,9921,Scarlet Tanager,data/new_raw/images/c0174930-1ed9-4271-93f0-50a6fa374fd2.jpg
d68c4c59-f216-4b6b-9463-abcdd95f59b1,https://inaturalist-open-data.s3.amazonaws.com/photos/7765953/medium.jpeg,6930,Mallard,data/new_raw/images/d68c4c59-f216-4b6b-9463-abcdd95f59b1.jpg
709954c9-9ef6-492d-9c79-cd0b9c9d4ee7,https://inaturalist-open-data.s3.amazonaws.com/photos/7765958/medium.jpeg,10271,Rose-breasted Grosbeak,data/new_raw/images/709954c9-9ef6-492d-9c79-cd0b9c9d4ee7.jpg
95d7fd65-e9bc-4103-bbfb-f8a1bb980f3c,https://inaturalist-open-data.s3.amazonaws.com/photos/7765947/medium.jpeg,116999,Osprey,data/new_raw/images/95d7fd65-e9bc-4103-bbfb-f8a1bb980f3c.jpg
7976945b-cfe6-441b-8f08-a9354fd95c73,https://inaturalist-open-data.s3.amazonaws.com/photos/7765960/medium.jpeg,5227,Broad-winged Hawk,data/new_raw/images/7976945b-cfe6-441b-8f08-a9354fd95c73.jpg
1a6f28ac-7742-4afe-9b0a-a66971491188,https://inaturalist-open-data.s3.amazonaws.com/photos/7766098/medium.jpeg,145238,Yellow Warbler,data/new_raw/images/1a6f28ac-7742-4afe-9b0a-a66971491188.jpg
0103eb50-e24f-4f1b-b11f-36b130b4a51d,https://inaturalist-open-data.s3.amazonaws.com/photos/7766087/medium.jpeg,199841,Purple Finch,data/new_raw/images/0103eb50-e24f-4f1b-b11f-36b130b4a51d.jpg
85f9a88e-aef3-4e26-ad31-0fe6a01261f0,https://inaturalist-open-data.s3.amazonaws.com/photos/7766095/medium.jpeg,9721,Common Yellowthroat,data/new_raw/images/85f9a88e-aef3-4e26-ad31-0fe6a01261f0.jpg
fcc27051-e88a-4c7d-a27b-4d187f0f0214,https://inaturalist-open-data.s3.amazonaws.com/photos/7766091/medium.jpeg,16602,Least Flycatcher,data/new_raw/images/fcc27051-e88a-4c7d-a27b-4d187f0f0214.jpg
f11a1c02-0c33-40b5-941c-fb5ca81940b6,https://inaturalist-open-data.s3.amazonaws.com/photos/7766102/medium.jpeg,199916,Black-throated Blue Warbler,data/new_raw/images/f11a1c02-0c33-40b5-941c-fb5ca81940b6.jpg
6def331d-da3b-485a-84a0-50bf5fb1d89a,https://inaturalist-open-data.s3.amazonaws.com/photos/7766106/medium.jpg,20044,Great Horned Owl,data/new_raw/images/6def331d-da3b-485a-84a0-50bf5fb1d89a.jpg
ff5d694f-6fb4-442c-bb63-e1cb23b33030,https://inaturalist-open-data.s3.amazonaws.com/photos/7766111/medium.jpeg,145258,Black-throated Green Warbler,data/new_raw/images/ff5d694f-6fb4-442c-bb63-e1cb23b33030.jpg
1ba2784f-c184-41a9-aa88-c79efe0dc2d9,https://inaturalist-open-data.s3.amazonaws.com/photos/7766113/medium.jpeg,73553,Blue-winged Warbler,data/new_raw/images/1ba2784f-c184-41a9-aa88-c79efe0dc2d9.jpg
ab70e6cb-1ca2-4845-b608-618d9bcccbcd,https://inaturalist-open-data.s3.amazonaws.com/photos/7766109/medium.jpeg,145239,Chestnut-sided Warbler,data/new_raw/images/ab70e6cb-1ca2-4845-b608-618d9bcccbcd.jpg
f3021f19-5e8f-490b-8bc2-d78844dec8bc,https://inaturalist-open-data.s3.amazonaws.com/photos/7766870/medium.jpg,199840,House Finch,data/new_raw/images/f3021f19-5e8f-490b-8bc2-d78844dec8bc.jpg
bfcdab4e-0602-489f-a21e-37e92ffe1caf,https://inaturalist-open-data.s3.amazonaws.com/photos/7768480/medium.jpg,5212,Red-tailed Hawk,data/new_raw/images/bfcdab4e-0602-489f-a21e-37e92ffe1caf.jpg
d1817207-ea42-44d3-af57-bd38583b8db1,https://static.inaturalist.org/photos/7776277/medium.jpg,62550,Ovenbird,data/new_raw/images/d1817207-ea42-44d3-af57-bd38583b8db1.jpg
adc7ac6c-068c-405f-a28c-099800d61269,https://static.inaturalist.org/photos/7777609/medium.jpg,9176,White-crowned Sparrow,data/new_raw/images/adc7ac6c-068c-405f-a28c-099800d61269.jpg
f461251a-f7e6-4b98-b7f8-91ccfa0c6dee,https://inaturalist-open-data.s3.amazonaws.com/photos/7779060/medium.jpeg,6930,Mallard,data/new_raw/images/f461251a-f7e6-4b98-b7f8-91ccfa0c6dee.jpg
72d7c857-fee0-4c60-a34f-6604cb780801,https://inaturalist-open-data.s3.amazonaws.com/photos/7782496/medium.jpg,14850,European Starling,data/new_raw/images/72d7c857-fee0-4c60-a34f-6604cb780801.jpg
4d363099-acd7-4946-a6ae-6e8a03e111d5,https://inaturalist-open-data.s3.amazonaws.com/photos/7782976/medium.jpg,13858,House Sparrow,data/new_raw/images/4d363099-acd7-4946-a6ae-6e8a03e111d5.jpg
d27870a6-62df-4914-b84f-e0fd63c29068,https://inaturalist-open-data.s3.amazonaws.com/photos/7800274/medium.jpg,9744,Red-winged Blackbird,data/new_raw/images/d27870a6-62df-4914-b84f-e0fd63c29068.jpg
4b5cdf46-ba0b-4a62-8451-2d16baacb3f8,https://static.inaturalist.org/photos/7807800/medium.jpg,145235,Magnolia Warbler,data/new_raw/images/4b5cdf46-ba0b-4a62-8451-2d16baacb3f8.jpg
09e6fa41-162d-44d3-974e-6d5e0d2a0c87,https://static.inaturalist.org/photos/7807849/medium.jpg,72458,Spotted Sandpiper,data/new_raw/images/09e6fa41-162d-44d3-974e-6d5e0d2a0c87.jpg
fe9b4be0-851b-43d2-a1dd-2d9f5100c125,https://static.inaturalist.org/photos/7807929/medium.jpg,9083,Northern Cardinal,data/new_raw/images/fe9b4be0-851b-43d2-a1dd-2d9f5100c125.jpg
76f591ea-b831-4d0f-977b-aa2c644323b6,https://static.inaturalist.org/photos/7808154/medium.jpg,145310,American Goldfinch,data/new_raw/images/76f591ea-b831-4d0f-977b-aa2c644323b6.jpg
9af6f2d3-6c97-4c6f-a13c-bdac391eb89b,https://static.inaturalist.org/photos/7808191/medium.jpg,144815,Black-capped Chickadee,data/new_raw/images/9af6f2d3-6c97-4c6f-a13c-bdac391eb89b.jpg
2195cd1d-911a-45fe-af4f-2c2e14d2bbca,https://static.inaturalist.org/photos/7819066/medium.jpg,14995,Gray Catbird,data/new_raw/images/2195cd1d-911a-45fe-af4f-2c2e14d2bbca.jpg
c45e8b1a-359e-4510-bbfe-16f48aa71856,https://static.inaturalist.org/photos/7819872/medium.jpeg,12727,American Robin,data/new_raw/images/c45e8b1a-359e-4510-bbfe-16f48aa71856.jpg
8e0607ee-5416-4dfd-ad37-d959d77e5ce0,https://static.inaturalist.org/photos/7840448/medium.jpg,145310,American Goldfinch,data/new_raw/images/8e0607ee-5416-4dfd-ad37-d959d77e5ce0.jpg
529f31f7-621d-446d-ac0b-51b8196e507a,https://static.inaturalist.org/photos/7841177/medium.jpeg,9602,Common Grackle,data/new_raw/images/529f31f7-621d-446d-ac0b-51b8196e507a.jpg
39de365d-fe18-41b5-a9d8-1686e623c728,https://inaturalist-open-data.s3.amazonaws.com/photos/7841132/medium.jpeg,236935,Domestic Mallard,data/new_raw/images/39de365d-fe18-41b5-a9d8-1686e623c728.jpg
06bce989-abc2-44ca-b7cf-e863f833bbe2,https://inaturalist-open-data.s3.amazonaws.com/photos/7841141/medium.jpeg,4981,Black-crowned Night Heron,data/new_raw/images/06bce989-abc2-44ca-b7cf-e863f833bbe2.jpg
77388617-1cfd-4e89-84dc-b84ede4527c2,https://inaturalist-open-data.s3.amazonaws.com/photos/7841171/medium.jpeg,3454,Mourning Dove,data/new_raw/images/77388617-1cfd-4e89-84dc-b84ede4527c2.jpg
a0933721-d3d5-44bf-9a19-795c10b0e0f5,https://inaturalist-open-data.s3.amazonaws.com/photos/7841173/medium.jpeg,9176,White-crowned Sparrow,data/new_raw/images/a0933721-d3d5-44bf-9a19-795c10b0e0f5.jpg
a216b92c-c9e1-4a44-84ea-d4c07b3ae212,https://inaturalist-open-data.s3.amazonaws.com/photos/7841221/medium.jpeg,10247,American Redstart,data/new_raw/images/a216b92c-c9e1-4a44-84ea-d4c07b3ae212.jpg
24a2324c-8443-42f7-820e-e1d95a1cbce6,https://inaturalist-open-data.s3.amazonaws.com/photos/7841205/medium.jpeg,4981,Black-crowned Night Heron,data/new_raw/images/24a2324c-8443-42f7-820e-e1d95a1cbce6.jpg
1d968a7d-21df-4bc5-81d3-169ce06e2c66,https://inaturalist-open-data.s3.amazonaws.com/photos/7841208/medium.jpeg,14995,Gray Catbird,data/new_raw/images/1d968a7d-21df-4bc5-81d3-169ce06e2c66.jpg
c53d322d-d7c5-45ba-b888-36d572e84576,https://inaturalist-open-data.s3.amazonaws.com/photos/7841222/medium.jpeg,9921,Scarlet Tanager,data/new_raw/images/c53d322d-d7c5-45ba-b888-36d572e84576.jpg
5f394439-ffde-4634-b7d6-29e0a1c3f7ac,https://inaturalist-open-data.s3.amazonaws.com/photos/7841218/medium.jpeg,792990,Hairy Woodpecker,data/new_raw/images/5f394439-ffde-4634-b7d6-29e0a1c3f7ac.jpg
34e57e25-e62b-4f11-81b0-1a01e2c1e113,https://static.inaturalist.org/photos/7841989/medium.jpg,9083,Northern Cardinal,data/new_raw/images/34e57e25-e62b-4f11-81b0-1a01e2c1e113.jpg
1642a27a-8baa-463d-b976-7bc45f373d7d,https://static.inaturalist.org/photos/7875103/medium.jpg,9602,Common Grackle,data/new_raw/images/1642a27a-8baa-463d-b976-7bc45f373d7d.jpg
51bad996-e4cb-4210-90c6-d2e3de869d58,https://inaturalist-open-data.s3.amazonaws.com/photos/7891919/medium.jpeg,8229,Blue Jay,data/new_raw/images/51bad996-e4cb-4210-90c6-d2e3de869d58.jpg
6830e39b-f8e0-46bf-a767-2d334c08d39c,https://inaturalist-open-data.s3.amazonaws.com/photos/7891913/medium.jpeg,145229,Hooded Warbler,data/new_raw/images/6830e39b-f8e0-46bf-a767-2d334c08d39c.jpg
6cab7aed-a80b-4d40-93df-6868fbecd7db,https://inaturalist-open-data.s3.amazonaws.com/photos/7891925/medium.jpeg,62550,Ovenbird,data/new_raw/images/6cab7aed-a80b-4d40-93df-6868fbecd7db.jpg
c289063b-9401-42db-82ea-9f931af57c37,https://inaturalist-open-data.s3.amazonaws.com/photos/7891929/medium.jpeg,73149,Northern Waterthrush,data/new_raw/images/c289063b-9401-42db-82ea-9f931af57c37.jpg
3173606a-c99c-4ca4-8702-152df26d302b,https://inaturalist-open-data.s3.amazonaws.com/photos/7891932/medium.jpeg,9346,Baltimore Oriole,data/new_raw/images/3173606a-c99c-4ca4-8702-152df26d302b.jpg
9d7a325d-ef9c-42b2-9d56-9cc25caf1a27,https://inaturalist-open-data.s3.amazonaws.com/photos/7891937/medium.jpeg,12901,Veery,data/new_raw/images/9d7a325d-ef9c-42b2-9d56-9cc25caf1a27.jpg
c5711b38-70b3-4090-898e-d17e3db7323e,https://inaturalist-open-data.s3.amazonaws.com/photos/7891939/medium.jpeg,10271,Rose-breasted Grosbeak,data/new_raw/images/c5711b38-70b3-4090-898e-d17e3db7323e.jpg
62eaa743-ab88-4295-adf5-6f2e2a0742a9,https://inaturalist-open-data.s3.amazonaws.com/photos/7891943/medium.jpeg,10243,Yellow-breasted Chat,data/new_raw/images/62eaa743-ab88-4295-adf5-6f2e2a0742a9.jpg
737ff17f-8082-4743-91f7-2441f65fdb76,https://inaturalist-open-data.s3.amazonaws.com/photos/7891947/medium.jpeg,7089,Canada Goose,data/new_raw/images/737ff17f-8082-4743-91f7-2441f65fdb76.jpg
334b0607-3b46-4b99-87a4-404f842f26d3,https://inaturalist-open-data.s3.amazonaws.com/photos/7891953/medium.jpeg,162,Sora,data/new_raw/images/334b0607-3b46-4b99-87a4-404f842f26d3.jpg
09fbbd2e-ac02-4e3b-a4bc-f69a5434cdb0,https://inaturalist-open-data.s3.amazonaws.com/photos/7891961/medium.jpeg,979753,Nashville Warbler,data/new_raw/images/09fbbd2e-ac02-4e3b-a4bc-f69a5434cdb0.jpg
52cf8dd3-0b01-4bdd-a230-da710846d5b3,https://inaturalist-open-data.s3.amazonaws.com/photos/7891967/medium.jpeg,13270,Wood Thrush,data/new_raw/images/52cf8dd3-0b01-4bdd-a230-da710846d5b3.jpg
a9ae4085-5b6c-448c-8ecf-7f563e82ea97,https://inaturalist-open-data.s3.amazonaws.com/photos/7891968/medium.jpeg,9921,Scarlet Tanager,data/new_raw/images/a9ae4085-5b6c-448c-8ecf-7f563e82ea97.jpg
92a23bff-2078-43c6-8fa6-3491d7cc45e3,https://inaturalist-open-data.s3.amazonaws.com/photos/7891972/medium.jpeg,9921,Scarlet Tanager,data/new_raw/images/92a23bff-2078-43c6-8fa6-3491d7cc45e3.jpg
04e9f879-12df-4adf-b0f5-00956fa1acb7,https://inaturalist-open-data.s3.amazonaws.com/photos/7891974/medium.jpeg,9325,Orchard Oriole,data/new_raw/images/04e9f879-12df-4adf-b0f5-00956fa1acb7.jpg
97940b4a-791c-4ff8-9557-3106e22729e9,https://inaturalist-open-data.s3.amazonaws.com/photos/7891976/medium.jpeg,9346,Baltimore Oriole,data/new_raw/images/97940b4a-791c-4ff8-9557-3106e22729e9.jpg
503799bf-eee1-4340-bf36-f4e3b0ffb5be,https://inaturalist-open-data.s3.amazonaws.com/photos/7891979/medium.jpeg,145258,Black-throated Green Warbler,data/new_raw/images/503799bf-eee1-4340-bf36-f4e3b0ffb5be.jpg
a176e9ce-9e70-4433-9604-e57264cd75a9,https://inaturalist-open-data.s3.amazonaws.com/photos/7892044/medium.jpeg,145231,Cape May Warbler,data/new_raw/images/a176e9ce-9e70-4433-9604-e57264cd75a9.jpg
e3b63408-3a68-4496-a16a-2a53bd13c07b,https://inaturalist-open-data.s3.amazonaws.com/photos/7892108/medium.jpeg,9721,Common Yellowthroat,data/new_raw/images/e3b63408-3a68-4496-a16a-2a53bd13c07b.jpg
63dc4768-0574-48aa-8e55-1f3c1c6246c6,https://inaturalist-open-data.s3.amazonaws.com/photos/7892056/medium.jpeg,9807,Golden-winged Warbler,data/new_raw/images/63dc4768-0574-48aa-8e55-1f3c1c6246c6.jpg
0522c975-0184-47ec-b4a4-c04259afb9f7,https://inaturalist-open-data.s3.amazonaws.com/photos/7892068/medium.jpeg,199916,Black-throated Blue Warbler,data/new_raw/images/0522c975-0184-47ec-b4a4-c04259afb9f7.jpg
0c4f335c-a8e0-4f20-ba8e-548a85333518,https://inaturalist-open-data.s3.amazonaws.com/photos/7892124/medium.jpeg,145224,Mourning Warbler,data/new_raw/images/0c4f335c-a8e0-4f20-ba8e-548a85333518.jpg
3d921fac-83d1-41ff-8b9e-3e80f4713ff8,https://inaturalist-open-data.s3.amazonaws.com/photos/7892128/medium.jpeg,199837,Eastern Whip-poor-will,data/new_raw/images/3d921fac-83d1-41ff-8b9e-3e80f4713ff8.jpg
361e45ca-4d66-4f00-af00-7914ece2b2c3,https://inaturalist-open-data.s3.amazonaws.com/photos/7892118/medium.jpeg,9092,Lincoln's Sparrow,data/new_raw/images/361e45ca-4d66-4f00-af00-7914ece2b2c3.jpg
12a403ed-1720-48bb-9161-047468e24857,https://inaturalist-open-data.s3.amazonaws.com/photos/7892134/medium.jpeg,7601,Marsh Wren,data/new_raw/images/12a403ed-1720-48bb-9161-047468e24857.jpg
e4764635-f249-4440-9fb1-019a276320b8,https://inaturalist-open-data.s3.amazonaws.com/photos/7892145/medium.jpeg,145239,Chestnut-sided Warbler,data/new_raw/images/e4764635-f249-4440-9fb1-019a276320b8.jpg
e0b679e9-0f95-4954-9f4f-33d9db9e1d6f,https://inaturalist-open-data.s3.amazonaws.com/photos/7892148/medium.jpeg,17402,Blue-headed Vireo,data/new_raw/images/e0b679e9-0f95-4954-9f4f-33d9db9e1d6f.jpg
6ed1b463-8009-4165-bb35-c9357bdc6bcc,https://inaturalist-open-data.s3.amazonaws.com/photos/7892156/medium.jpeg,145231,Cape May Warbler,data/new_raw/images/6ed1b463-8009-4165-bb35-c9357bdc6bcc.jpg
0c7a587d-c1cc-4add-847a-0ffbdf725f41,https://inaturalist-open-data.s3.amazonaws.com/photos/7892162/medium.jpeg,145229,Hooded Warbler,data/new_raw/images/0c7a587d-c1cc-4add-847a-0ffbdf725f41.jpg
b471eabc-8e31-4a6b-ae25-bac7bc8d2f1a,https://inaturalist-open-data.s3.amazonaws.com/photos/7892165/medium.jpeg,145240,Blackpoll Warbler,data/new_raw/images/b471eabc-8e31-4a6b-ae25-bac7bc8d2f1a.jpg
64da6a83-22cf-4d23-aa3d-fa0e2819156a,https://inaturalist-open-data.s3.amazonaws.com/photos/7892171/medium.jpeg,10247,American Redstart,data/new_raw/images/64da6a83-22cf-4d23-aa3d-fa0e2819156a.jpg
6a719e96-6cde-4884-ba5c-1f0cb9e2096a,https://inaturalist-open-data.s3.amazonaws.com/photos/7892173/medium.jpeg,145240,Blackpoll Warbler,data/new_raw/images/6a719e96-6cde-4884-ba5c-1f0cb9e2096a.jpg
bedb4518-f353-4ae4-919e-310d44694192,https://inaturalist-open-data.s3.amazonaws.com/photos/7892179/medium.jpeg,12883,Gray-cheeked Thrush,data/new_raw/images/bedb4518-f353-4ae4-919e-310d44694192.jpg
cf3014fd-11f1-4677-bd55-c9ce59df4ad9,https://inaturalist-open-data.s3.amazonaws.com/photos/7892182/medium.jpeg,12883,Gray-cheeked Thrush,data/new_raw/images/cf3014fd-11f1-4677-bd55-c9ce59df4ad9.jpg
3b7c4c84-6d1d-4d73-b898-64f945a7cd98,https://inaturalist-open-data.s3.amazonaws.com/photos/7892186/medium.jpeg,11867,Purple Martin,data/new_raw/images/3b7c4c84-6d1d-4d73-b898-64f945a7cd98.jpg
245699ac-0a8a-45f5-b781-7816bf7a62ea,https://inaturalist-open-data.s3.amazonaws.com/photos/7892190/medium.jpeg,145276,Wilson's Warbler,data/new_raw/images/245699ac-0a8a-45f5-b781-7816bf7a62ea.jpg
7bd62e58-79b0-4bc2-8e68-ec8431523904,https://inaturalist-open-data.s3.amazonaws.com/photos/7892194/medium.jpeg,145275,Canada Warbler,data/new_raw/images/7bd62e58-79b0-4bc2-8e68-ec8431523904.jpg
d4a96788-5777-4d11-b4b5-ee068e90003a,https://inaturalist-open-data.s3.amazonaws.com/photos/42414394/medium.jpg,145233,Northern Parula,data/new_raw/images/d4a96788-5777-4d11-b4b5-ee068e90003a.jpg
39334233-9421-4937-9614-0f2e4a8ee69b,https://inaturalist-open-data.s3.amazonaws.com/photos/7892453/medium.jpeg,145236,Bay-breasted Warbler,data/new_raw/images/39334233-9421-4937-9614-0f2e4a8ee69b.jpg
a15b6fa1-e00c-41b9-b853-86a05f7afb7a,https://inaturalist-open-data.s3.amazonaws.com/photos/7892505/medium.jpeg,145237,Blackburnian Warbler,data/new_raw/images/a15b6fa1-e00c-41b9-b853-86a05f7afb7a.jpg
1ee8b4fb-2639-4f9e-8167-031be2fdd536,https://inaturalist-open-data.s3.amazonaws.com/photos/7892468/medium.jpeg,9092,Lincoln's Sparrow,data/new_raw/images/1ee8b4fb-2639-4f9e-8167-031be2fdd536.jpg
09e72fa5-c66e-4cad-b324-1c15bcf3ef0c,https://inaturalist-open-data.s3.amazonaws.com/photos/7892520/medium.jpeg,10247,American Redstart,data/new_raw/images/09e72fa5-c66e-4cad-b324-1c15bcf3ef0c.jpg
7a394a41-5fa3-4a77-acad-8e9e978b9278,https://inaturalist-open-data.s3.amazonaws.com/photos/7892527/medium.jpeg,10431,Connecticut Warbler,data/new_raw/images/7a394a41-5fa3-4a77-acad-8e9e978b9278.jpg
cc6aedb4-8933-4424-a9fa-dc02b7a93680,https://inaturalist-open-data.s3.amazonaws.com/photos/7892531/medium.jpeg,9721,Common Yellowthroat,data/new_raw/images/cc6aedb4-8933-4424-a9fa-dc02b7a93680.jpg
948c2b7f-d198-4d5b-94e8-a6fa5d0a3b3e,https://inaturalist-open-data.s3.amazonaws.com/photos/7892543/medium.jpeg,145235,Magnolia Warbler,data/new_raw/images/948c2b7f-d198-4d5b-94e8-a6fa5d0a3b3e.jpg
42020983-fe4a-4463-97df-fdd45cda91cd,https://inaturalist-open-data.s3.amazonaws.com/photos/7892536/medium.jpeg,145239,Chestnut-sided Warbler,data/new_raw/images/42020983-fe4a-4463-97df-fdd45cda91cd.jpg
2c3e5818-2172-41ec-afef-434278bb874c,https://inaturalist-open-data.s3.amazonaws.com/photos/7892551/medium.jpeg,145239,Chestnut-sided Warbler,data/new_raw/images/2c3e5818-2172-41ec-afef-434278bb874c.jpg
ae6a3959-32dd-4b78-9739-bbeb41dd23db,https://inaturalist-open-data.s3.amazonaws.com/photos/7943793/medium.jpeg,3936,American Woodcock,data/new_raw/images/ae6a3959-32dd-4b78-9739-bbeb41dd23db.jpg
137673f9-65f1-490e-9ce4-c395e77729cc,https://inaturalist-open-data.s3.amazonaws.com/photos/7949254/medium.jpeg,72458,Spotted Sandpiper,data/new_raw/images/137673f9-65f1-490e-9ce4-c395e77729cc.jpg
723db751-e834-4fd5-95e9-0d5346cbd15a,https://inaturalist-open-data.s3.amazonaws.com/photos/7949261/medium.jpeg,14995,Gray Catbird,data/new_raw/images/723db751-e834-4fd5-95e9-0d5346cbd15a.jpg
b15bad7e-928e-4bc3-b430-396e113eaa4f,https://inaturalist-open-data.s3.amazonaws.com/photos/7949329/medium.jpeg,145240,Blackpoll Warbler,data/new_raw/images/b15bad7e-928e-4bc3-b430-396e113eaa4f.jpg
1886e0ff-bd11-4313-8027-eea36c953520,https://inaturalist-open-data.s3.amazonaws.com/photos/7949354/medium.jpeg,9176,White-crowned Sparrow,data/new_raw/images/1886e0ff-bd11-4313-8027-eea36c953520.jpg
e31d236d-9ea3-481c-bc0a-c09f85f2fc88,https://inaturalist-open-data.s3.amazonaws.com/photos/7949377/medium.jpeg,10247,American Redstart,data/new_raw/images/e31d236d-9ea3-481c-bc0a-c09f85f2fc88.jpg
968c1d21-870a-435f-b003-bce9e3177bd9,https://inaturalist-open-data.s3.amazonaws.com/photos/7949448/medium.jpeg,12878,Swainson's Thrush,data/new_raw/images/968c1d21-870a-435f-b003-bce9e3177bd9.jpg
59aef188-20aa-4ee4-9837-876b8f38692e,https://inaturalist-open-data.s3.amazonaws.com/photos/7949439/medium.jpeg,9721,Common Yellowthroat,data/new_raw/images/59aef188-20aa-4ee4-9837-876b8f38692e.jpg
904f6ec7-f424-4fb1-803c-b4d7d89e7ab9,https://inaturalist-open-data.s3.amazonaws.com/photos/7964679/medium.jpg,42223,White-tailed Deer,data/new_raw/images/904f6ec7-f424-4fb1-803c-b4d7d89e7ab9.jpg
380c8322-34ed-45cb-899f-2720fe31e074,https://inaturalist-open-data.s3.amazonaws.com/photos/7964974/medium.jpg,43584,Human,data/new_raw/images/380c8322-34ed-45cb-899f-2720fe31e074.jpg
1b1a0ef4-386f-483f-88ff-70432961ab17,https://static.inaturalist.org/photos/7971840/medium.jpg,145235,Magnolia Warbler,data/new_raw/images/1b1a0ef4-386f-483f-88ff-70432961ab17.jpg
cb107916-82b4-4cdd-b207-89a14867a28b,https://static.inaturalist.org/photos/7971895/medium.jpg,9807,Golden-winged Warbler,data/new_raw/images/cb107916-82b4-4cdd-b207-89a14867a28b.jpg
16fd0549-b757-4084-91a9-6847ceec7ebf,https://static.inaturalist.org/photos/7971953/medium.jpg,145237,Blackburnian Warbler,data/new_raw/images/16fd0549-b757-4084-91a9-6847ceec7ebf.jpg
4dce9034-e35e-45da-9228-8a5043b7bdc8,https://static.inaturalist.org/photos/7972047/medium.jpg,145236,Bay-breasted Warbler,data/new_raw/images/4dce9034-e35e-45da-9228-8a5043b7bdc8.jpg
5147df5c-afc1-44a5-bd27-66190fc0a409,https://inaturalist-open-data.s3.amazonaws.com/photos/7989492/medium.jpeg,1578960,Least Bittern,data/new_raw/images/5147df5c-afc1-44a5-bd27-66190fc0a409.jpg
21067635-b576-4134-a8ee-2f1a28966fc1,https://inaturalist-open-data.s3.amazonaws.com/photos/7989521/medium.jpeg,16603,Yellow-bellied Flycatcher,data/new_raw/images/21067635-b576-4134-a8ee-2f1a28966fc1.jpg
d8fa61be-0f51-456f-84e7-d9e1cd3c2eaf,https://inaturalist-open-data.s3.amazonaws.com/photos/7989550/medium.jpeg,16603,Yellow-bellied Flycatcher,data/new_raw/images/d8fa61be-0f51-456f-84e7-d9e1cd3c2eaf.jpg
a838a96d-580b-43f7-8e45-337b8344b163,https://inaturalist-open-data.s3.amazonaws.com/photos/7989542/medium.jpeg,10227,Indigo Bunting,data/new_raw/images/a838a96d-580b-43f7-8e45-337b8344b163.jpg
f259786f-4446-40c8-841f-4f8c63c16961,https://inaturalist-open-data.s3.amazonaws.com/photos/7989564/medium.jpeg,72458,Spotted Sandpiper,data/new_raw/images/f259786f-4446-40c8-841f-4f8c63c16961.jpg
14d78a1d-e302-414b-ac52-1680df62f4e4,https://inaturalist-open-data.s3.amazonaws.com/photos/7989576/medium.jpeg,979756,Tennessee Warbler,data/new_raw/images/14d78a1d-e302-414b-ac52-1680df62f4e4.jpg
4768a720-e1f4-4f24-8566-1f211dc52d1d,https://inaturalist-open-data.s3.amazonaws.com/photos/7989589/medium.jpeg,145236,Bay-breasted Warbler,data/new_raw/images/4768a720-e1f4-4f24-8566-1f211dc52d1d.jpg
ab296e6a-c4b7-422c-9d4d-8d2aa04d372a,https://inaturalist-open-data.s3.amazonaws.com/photos/7989597/medium.jpeg,73148,Louisiana Waterthrush,data/new_raw/images/ab296e6a-c4b7-422c-9d4d-8d2aa04d372a.jpg
b8fe96f0-0e0b-4428-aa17-19af37d329ee,https://inaturalist-open-data.s3.amazonaws.com/photos/7989635/medium.jpeg,16602,Least Flycatcher,data/new_raw/images/b8fe96f0-0e0b-4428-aa17-19af37d329ee.jpg
6c11f0cc-9216-4664-b321-c48be279059a,https://inaturalist-open-data.s3.amazonaws.com/photos/8007471/medium.jpeg,10094,Dark-eyed Junco,data/new_raw/images/6c11f0cc-9216-4664-b321-c48be279059a.jpg
c9f4f0f7-bfb2-416f-8e99-b189cf8c12af,https://inaturalist-open-data.s3.amazonaws.com/photos/8007523/medium.jpeg,12727,American Robin,data/new_raw/images/c9f4f0f7-bfb2-416f-8e99-b189cf8c12af.jpg
fed33bcf-476a-4397-a8f6-46b02e91071b,https://inaturalist-open-data.s3.amazonaws.com/photos/8017105/medium.jpeg,3862,Semipalmated Sandpiper,data/new_raw/images/fed33bcf-476a-4397-a8f6-46b02e91071b.jpg
46ee7b6a-bd90-4ca8-9e74-cec1f26cfb3f,https://inaturalist-open-data.s3.amazonaws.com/photos/8017107/medium.jpeg,3849,Sanderling,data/new_raw/images/46ee7b6a-bd90-4ca8-9e74-cec1f26cfb3f.jpg
a35c979e-81f7-4a63-bcdc-e299fdc3c549,https://inaturalist-open-data.s3.amazonaws.com/photos/8017109/medium.jpeg,3866,White-rumped Sandpiper,data/new_raw/images/a35c979e-81f7-4a63-bcdc-e299fdc3c549.jpg
f41681cf-6103-4ba2-b24b-615e0027c65a,https://inaturalist-open-data.s3.amazonaws.com/photos/8017152/medium.jpg,10227,Indigo Bunting,data/new_raw/images/f41681cf-6103-4ba2-b24b-615e0027c65a.jpg
ac9bfc87-06a0-4e59-8923-dc37df1c8248,https://static.inaturalist.org/photos/8025770/medium.jpeg,14995,Gray Catbird,data/new_raw/images/ac9bfc87-06a0-4e59-8923-dc37df1c8248.jpg
a0f07162-00cc-4c5e-9949-f0ca368ed092,https://static.inaturalist.org/photos/8025771/medium.jpeg,145310,American Goldfinch,data/new_raw/images/a0f07162-00cc-4c5e-9949-f0ca368ed092.jpg
bac21b3c-a8fe-41e0-926e-3ecc9c201b47,https://static.inaturalist.org/photos/8025773/medium.jpeg,9092,Lincoln's Sparrow,data/new_raw/images/bac21b3c-a8fe-41e0-926e-3ecc9c201b47.jpg
1a7e3d5c-b458-489e-bf25-e5d017e0db94,https://static.inaturalist.org/photos/8025774/medium.jpeg,9176,White-crowned Sparrow,data/new_raw/images/1a7e3d5c-b458-489e-bf25-e5d017e0db94.jpg
283fe5a3-b9c9-4008-936d-71868e45da0f,https://static.inaturalist.org/photos/8025775/medium.jpeg,11970,Northern Rough-winged Swallow,data/new_raw/images/283fe5a3-b9c9-4008-936d-71868e45da0f.jpg
4f94c733-5b7a-4ed5-9884-46f23aa7de33,https://static.inaturalist.org/photos/8025776/medium.jpeg,46217,Eastern Chipmunk,data/new_raw/images/4f94c733-5b7a-4ed5-9884-46f23aa7de33.jpg
865cfc5c-1cce-4862-8c78-a48a18f6fe18,https://static.inaturalist.org/photos/8025808/medium.jpeg,145238,Yellow Warbler,data/new_raw/images/865cfc5c-1cce-4862-8c78-a48a18f6fe18.jpg
8d6a5c15-435b-427b-adf5-09c1442df793,https://static.inaturalist.org/photos/8025836/medium.jpeg,10247,American Redstart,data/new_raw/images/8d6a5c15-435b-427b-adf5-09c1442df793.jpg
c3109ebe-0d3a-4bdf-941f-6c3f4d2c05eb,https://static.inaturalist.org/photos/8025859/medium.jpeg,145240,Blackpoll Warbler,data/new_raw/images/c3109ebe-0d3a-4bdf-941f-6c3f4d2c05eb.jpg
afc2f12f-1a0b-4ea9-b0ba-144f3e5c0cec,https://static.inaturalist.org/photos/8025864/medium.jpeg,9744,Red-winged Blackbird,data/new_raw/images/afc2f12f-1a0b-4ea9-b0ba-144f3e5c0cec.jpg
bc2dadde-0082-4e8f-b791-d2425f9ce6f5,https://static.inaturalist.org/photos/8025867/medium.jpeg,9602,Common Grackle,data/new_raw/images/bc2dadde-0082-4e8f-b791-d2425f9ce6f5.jpg
4f063c5d-ecc3-4ce2-90e2-6fb89c7ff6b9,https://static.inaturalist.org/photos/8025870/medium.jpeg,43111,Eastern Cottontail,data/new_raw/images/4f063c5d-ecc3-4ce2-90e2-6fb89c7ff6b9.jpg
8435b2b6-6e5c-4ad8-b4b3-418ec47fa3d8,https://static.inaturalist.org/photos/8042696/medium.jpeg,41740,California Sea Lion,data/new_raw/images/8435b2b6-6e5c-4ad8-b4b3-418ec47fa3d8.jpg
41b72c22-d6e0-452e-a67a-b2b2be86d3dc,https://static.inaturalist.org/photos/8046546/medium.jpeg,473,American Coot,data/new_raw/images/41b72c22-d6e0-452e-a67a-b2b2be86d3dc.jpg
3240742a-38ea-426f-8733-49162aebf481,https://static.inaturalist.org/photos/8046547/medium.jpeg,9744,Red-winged Blackbird,data/new_raw/images/3240742a-38ea-426f-8733-49162aebf481.jpg
d8e3c488-69b9-4705-b8ab-adf8178a84fe,https://static.inaturalist.org/photos/8046548/medium.jpeg,144537,Caspian Tern,data/new_raw/images/d8e3c488-69b9-4705-b8ab-adf8178a84fe.jpg
b57919c9-1a5f-4852-9c23-c5e108ccc3d2,https://static.inaturalist.org/photos/8046549/medium.jpeg,9602,Common Grackle,data/new_raw/images/b57919c9-1a5f-4852-9c23-c5e108ccc3d2.jpg
c3b32e14-5964-4e62-a28e-a13fba05b1fd,https://static.inaturalist.org/photos/8046552/medium.jpeg,11901,Barn Swallow,data/new_raw/images/c3b32e14-5964-4e62-a28e-a13fba05b1fd.jpg
871fe63a-fb33-4569-a34d-5f31c2049c70,https://static.inaturalist.org/photos/8046556/medium.jpeg,5020,Green Heron,data/new_raw/images/871fe63a-fb33-4569-a34d-5f31c2049c70.jpg
f37fb6a2-a93c-44ae-b1a6-59c6949107bc,https://static.inaturalist.org/photos/8046559/medium.jpeg,4981,Black-crowned Night Heron,data/new_raw/images/f37fb6a2-a93c-44ae-b1a6-59c6949107bc.jpg
aa745c42-1d7c-4aa9-805b-67abcc48a82f,https://static.inaturalist.org/photos/8046569/medium.jpeg,4956,Great Blue Heron,data/new_raw/images/aa745c42-1d7c-4aa9-805b-67abcc48a82f.jpg
3e1d7771-88b3-4e77-a661-e2c9675425c7,https://static.inaturalist.org/photos/8046564/medium.jpeg,1579017,Cooper's Hawk,data/new_raw/images/3e1d7771-88b3-4e77-a661-e2c9675425c7.jpg
450f4b9a-d777-44c5-8b9d-b1aa6ef3520f,https://static.inaturalist.org/photos/8046568/medium.jpeg,1454382,Double-crested Cormorant,data/new_raw/images/450f4b9a-d777-44c5-8b9d-b1aa6ef3520f.jpg
c879b97f-e42f-413d-92a5-8bf99f0754e9,https://static.inaturalist.org/photos/8046571/medium.jpeg,6930,Mallard,data/new_raw/images/c879b97f-e42f-413d-92a5-8bf99f0754e9.jpg
59d006bb-b794-4d61-82ac-674a53f41f39,https://static.inaturalist.org/photos/8046573/medium.jpeg,7107,Wood Duck,data/new_raw/images/59d006bb-b794-4d61-82ac-674a53f41f39.jpg
901421f6-257c-4cc6-a493-5696eb3206cc,https://static.inaturalist.org/photos/8046574/medium.jpeg,7089,Canada Goose,data/new_raw/images/901421f6-257c-4cc6-a493-5696eb3206cc.jpg
3d0f1df2-ec65-4a5a-a5b1-cd620b2a4ef8,https://static.inaturalist.org/photos/8046575/medium.jpeg,7107,Wood Duck,data/new_raw/images/3d0f1df2-ec65-4a5a-a5b1-cd620b2a4ef8.jpg
2efbe16d-be26-4ce9-a94b-c324fe16772c,https://static.inaturalist.org/photos/8046576/medium.jpeg,7089,Canada Goose,data/new_raw/images/2efbe16d-be26-4ce9-a94b-c324fe16772c.jpg
c3d5d17c-412d-49f8-b038-ed6cc8cc0054,https://static.inaturalist.org/photos/8046577/medium.jpeg,5020,Green Heron,data/new_raw/images/c3d5d17c-412d-49f8-b038-ed6cc8cc0054.jpg
1f2833ab-9b99-4ff0-b448-0df818c74a23,https://static.inaturalist.org/photos/8046578/medium.jpeg,6930,Mallard,data/new_raw/images/1f2833ab-9b99-4ff0-b448-0df818c74a23.jpg
4d3fd14d-e3df-4c7f-b0f6-4681a3c038f1,https://inaturalist-open-data.s3.amazonaws.com/photos/8057005/medium.jpg,4981,Black-crowned Night Heron,data/new_raw/images/4d3fd14d-e3df-4c7f-b0f6-4681a3c038f1.jpg
2dd6a36d-d741-4b7d-9389-ee271be2f127,https://inaturalist-open-data.s3.amazonaws.com/photos/8067221/medium.jpg,145276,Wilson's Warbler,data/new_raw/images/2dd6a36d-d741-4b7d-9389-ee271be2f127.jpg
d0083157-b570-4d2a-8256-ed0a7c8d8691,https://inaturalist-open-data.s3.amazonaws.com/photos/8067239/medium.jpg,10247,American Redstart,data/new_raw/images/d0083157-b570-4d2a-8256-ed0a7c8d8691.jpg
33d7fc0d-705f-4f82-8e7d-bec441ebdc5f,https://static.inaturalist.org/photos/8106084/medium.jpg,7089,Canada Goose,data/new_raw/images/33d7fc0d-705f-4f82-8e7d-bec441ebdc5f.jpg
4d7cce9a-a8e4-4ea4-9d78-b102258a3734,https://inaturalist-open-data.s3.amazonaws.com/photos/8127619/medium.jpg,122767,Feral Pigeon,data/new_raw/images/4d7cce9a-a8e4-4ea4-9d78-b102258a3734.jpg
1a86e085-51e4-4849-ba68-ae4113b87174,https://static.inaturalist.org/photos/8128374/medium.jpg,7562,Northern House Wren,data/new_raw/images/1a86e085-51e4-4849-ba68-ae4113b87174.jpg
d7088a63-8560-4499-bbf7-755bf61e8868,https://static.inaturalist.org/photos/8129514/medium.jpg,43111,Eastern Cottontail,data/new_raw/images/d7088a63-8560-4499-bbf7-755bf61e8868.jpg
026fb59b-db99-421b-abdd-5da8fe828227,https://static.inaturalist.org/photos/8139114/medium.jpg,12727,American Robin,data/new_raw/images/026fb59b-db99-421b-abdd-5da8fe828227.jpg
3eae622d-f824-468e-bf0d-a5d49e33a0b6,https://inaturalist-open-data.s3.amazonaws.com/photos/8162781/medium.jpeg,1579017,Cooper's Hawk,data/new_raw/images/3eae622d-f824-468e-bf0d-a5d49e33a0b6.jpg
0b245473-eabf-4d95-8659-5314332d5e95,https://inaturalist-open-data.s3.amazonaws.com/photos/8162790/medium.jpeg,17364,Philadelphia Vireo,data/new_raw/images/0b245473-eabf-4d95-8659-5314332d5e95.jpg
533c5fe1-754d-4f8f-8f8a-0a245cd47d23,https://inaturalist-open-data.s3.amazonaws.com/photos/8163787/medium.jpg,12727,American Robin,data/new_raw/images/533c5fe1-754d-4f8f-8f8a-0a245cd47d23.jpg
d39ddfd9-de5f-466c-b6c1-8decd0ea2636,https://static.inaturalist.org/photos/8176781/medium.jpg,43339,Grévy's Zebra,data/new_raw/images/d39ddfd9-de5f-466c-b6c1-8decd0ea2636.jpg
a9e572a2-172c-44bf-8292-5ea64760ab70,https://inaturalist-open-data.s3.amazonaws.com/photos/8178120/medium.jpeg,6930,Mallard,data/new_raw/images/a9e572a2-172c-44bf-8292-5ea64760ab70.jpg
b4a1549c-454e-43ef-87fd-206754ce1814,https://inaturalist-open-data.s3.amazonaws.com/photos/8178124/medium.jpeg,9346,Baltimore Oriole,data/new_raw/images/b4a1549c-454e-43ef-87fd-206754ce1814.jpg
0cf7f13d-394c-4a64-ac4b-1dbf9284b63f,https://inaturalist-open-data.s3.amazonaws.com/photos/8178113/medium.jpeg,11867,Purple Martin,data/new_raw/images/0cf7f13d-394c-4a64-ac4b-1dbf9284b63f.jpg
8060c5b8-d6f7-4c64-84e4-dffcb21a4167,https://inaturalist-open-data.s3.amazonaws.com/photos/8178161/medium.jpeg,11901,Barn Swallow,data/new_raw/images/8060c5b8-d6f7-4c64-84e4-dffcb21a4167.jpg
c155d836-4780-4847-a4f7-660f16093dab,https://inaturalist-open-data.s3.amazonaws.com/photos/8178175/medium.jpeg,14850,European Starling,data/new_raw/images/c155d836-4780-4847-a4f7-660f16093dab.jpg
1bbb6e5f-8f86-4894-875a-c4123dec54f2,https://inaturalist-open-data.s3.amazonaws.com/photos/8178178/medium.jpeg,11935,Tree Swallow,data/new_raw/images/1bbb6e5f-8f86-4894-875a-c4123dec54f2.jpg
0d97d402-b539-481b-8a7d-fd598f2a02a0,https://inaturalist-open-data.s3.amazonaws.com/photos/8178188/medium.jpeg,11935,Tree Swallow,data/new_raw/images/0d97d402-b539-481b-8a7d-fd598f2a02a0.jpg
1b206b15-6546-4340-91b6-ec8fef79f523,https://inaturalist-open-data.s3.amazonaws.com/photos/8178192/medium.jpeg,9346,Baltimore Oriole,data/new_raw/images/1b206b15-6546-4340-91b6-ec8fef79f523.jpg
2ebc56fa-2fe4-4580-8619-29010a5878e2,https://inaturalist-open-data.s3.amazonaws.com/photos/8178207/medium.jpeg,10227,Indigo Bunting,data/new_raw/images/2ebc56fa-2fe4-4580-8619-29010a5878e2.jpg
dd679cfb-9891-4d2d-959f-0506d24431cf,https://inaturalist-open-data.s3.amazonaws.com/photos/8178217/medium.jpeg,10227,Indigo Bunting,data/new_raw/images/dd679cfb-9891-4d2d-959f-0506d24431cf.jpg
f929a4d0-a25e-4a0e-abc8-ae9c9a1afcd0,https://inaturalist-open-data.s3.amazonaws.com/photos/8178227/medium.jpeg,9744,Red-winged Blackbird,data/new_raw/images/f929a4d0-a25e-4a0e-abc8-ae9c9a1afcd0.jpg
93f863e2-3589-42bb-bcc3-c2627a340cb3,https://inaturalist-open-data.s3.amazonaws.com/photos/8178237/medium.jpeg,9744,Red-winged Blackbird,data/new_raw/images/93f863e2-3589-42bb-bcc3-c2627a340cb3.jpg
9a8f51aa-f566-4c3d-b069-4dd4e98a0199,https://inaturalist-open-data.s3.amazonaws.com/photos/8178238/medium.jpeg,12727,American Robin,data/new_raw/images/9a8f51aa-f566-4c3d-b069-4dd4e98a0199.jpg
59a046bf-45eb-48a7-94cc-86719b62afc8,https://inaturalist-open-data.s3.amazonaws.com/photos/8178241/medium.jpeg,4364,Ring-billed Gull,data/new_raw/images/59a046bf-45eb-48a7-94cc-86719b62afc8.jpg
15bb1aed-1c8f-4ea4-8bff-ef7cf23d1403,https://inaturalist-open-data.s3.amazonaws.com/photos/8178252/medium.jpeg,17008,Eastern Phoebe,data/new_raw/images/15bb1aed-1c8f-4ea4-8bff-ef7cf23d1403.jpg
85de1921-f21d-40c9-b44e-63ebebf47752,https://inaturalist-open-data.s3.amazonaws.com/photos/8178257/medium.jpeg,11935,Tree Swallow,data/new_raw/images/85de1921-f21d-40c9-b44e-63ebebf47752.jpg
19cfbb12-6169-48a8-abf0-5839b744b9f8,https://inaturalist-open-data.s3.amazonaws.com/photos/8178264/medium.jpeg,16782,Eastern Kingbird,data/new_raw/images/19cfbb12-6169-48a8-abf0-5839b744b9f8.jpg
096a87fc-e17e-41a4-a9ad-88dff935d25d,https://inaturalist-open-data.s3.amazonaws.com/photos/8178278/medium.jpeg,7089,Canada Goose,data/new_raw/images/096a87fc-e17e-41a4-a9ad-88dff935d25d.jpg
fb18e7ae-bceb-4d33-b5f7-03646535f941,https://inaturalist-open-data.s3.amazonaws.com/photos/8178289/medium.jpeg,18236,Northern Flicker,data/new_raw/images/fb18e7ae-bceb-4d33-b5f7-03646535f941.jpg
550275da-aff0-462b-8786-3bf763ecbdf1,https://inaturalist-open-data.s3.amazonaws.com/photos/8178283/medium.jpeg,4981,Black-crowned Night Heron,data/new_raw/images/550275da-aff0-462b-8786-3bf763ecbdf1.jpg
3159f14f-f9b5-4004-8ef5-052b8f74997e,https://inaturalist-open-data.s3.amazonaws.com/photos/8178299/medium.jpeg,18236,Northern Flicker,data/new_raw/images/3159f14f-f9b5-4004-8ef5-052b8f74997e.jpg
7e9cd863-2166-4920-87ac-2faa8738e0ca,https://inaturalist-open-data.s3.amazonaws.com/photos/8178295/medium.jpeg,144537,Caspian Tern,data/new_raw/images/7e9cd863-2166-4920-87ac-2faa8738e0ca.jpg
2cd57872-62b4-49bd-85ea-e29f05189183,https://inaturalist-open-data.s3.amazonaws.com/photos/8178307/medium.jpeg,9744,Red-winged Blackbird,data/new_raw/images/2cd57872-62b4-49bd-85ea-e29f05189183.jpg
a4f45666-16e4-43b3-81ff-4ccf9b98ada0,https://inaturalist-open-data.s3.amazonaws.com/photos/8178309/medium.jpeg,16782,Eastern Kingbird,data/new_raw/images/a4f45666-16e4-43b3-81ff-4ccf9b98ada0.jpg
778f049c-441e-44fd-8933-bacd2827d0e0,https://inaturalist-open-data.s3.amazonaws.com/photos/8178313/medium.jpeg,9325,Orchard Oriole,data/new_raw/images/778f049c-441e-44fd-8933-bacd2827d0e0.jpg
af0ef90e-2b71-4f81-9d1f-785ad33a0133,https://inaturalist-open-data.s3.amazonaws.com/photos/8178311/medium.jpeg,9744,Red-winged Blackbird,data/new_raw/images/af0ef90e-2b71-4f81-9d1f-785ad33a0133.jpg
6a5714b4-61e3-47de-a1f1-f8b85b0c3d0b,https://inaturalist-open-data.s3.amazonaws.com/photos/8178317/medium.jpeg,7089,Canada Goose,data/new_raw/images/6a5714b4-61e3-47de-a1f1-f8b85b0c3d0b.jpg
dcc7c577-af6c-434e-a1e3-c9a83dcb80b1,https://inaturalist-open-data.s3.amazonaws.com/photos/8178378/medium.jpeg,11858,Cliff Swallow,data/new_raw/images/dcc7c577-af6c-434e-a1e3-c9a83dcb80b1.jpg
5551432c-ef1a-4208-a8f8-3e68ee3b8d25,https://inaturalist-open-data.s3.amazonaws.com/photos/8178381/medium.jpeg,144537,Caspian Tern,data/new_raw/images/5551432c-ef1a-4208-a8f8-3e68ee3b8d25.jpg
fb24cd0b-c350-4156-b4a4-d35d109d340b,https://inaturalist-open-data.s3.amazonaws.com/photos/8189900/medium.jpeg,41880,Striped Skunk,data/new_raw/images/fb24cd0b-c350-4156-b4a4-d35d109d340b.jpg
563a09c8-52c9-4a7c-86ec-219736f118a9,https://inaturalist-open-data.s3.amazonaws.com/photos/8191885/medium.jpeg,14995,Gray Catbird,data/new_raw/images/563a09c8-52c9-4a7c-86ec-219736f118a9.jpg
7883b922-5167-49df-bfda-e06ed695b8c4,https://inaturalist-open-data.s3.amazonaws.com/photos/8199731/medium.jpeg,6930,Mallard,data/new_raw/images/7883b922-5167-49df-bfda-e06ed695b8c4.jpg
a7b4349a-7a36-42bf-9974-df0bf6811bc8,https://inaturalist-open-data.s3.amazonaws.com/photos/8199744/medium.jpeg,6930,Mallard,data/new_raw/images/a7b4349a-7a36-42bf-9974-df0bf6811bc8.jpg
a5a4254a-8fcc-4456-8bb7-b440255ed9b2,https://inaturalist-open-data.s3.amazonaws.com/photos/8199807/medium.jpeg,7089,Canada Goose,data/new_raw/images/a5a4254a-8fcc-4456-8bb7-b440255ed9b2.jpg
031d084e-051d-4f11-a978-06cb7efa8e01,https://inaturalist-open-data.s3.amazonaws.com/photos/8200180/medium.jpeg,9744,Red-winged Blackbird,data/new_raw/images/031d084e-051d-4f11-a978-06cb7efa8e01.jpg
e724aeba-9ab8-4416-9293-c2626e76a760,https://inaturalist-open-data.s3.amazonaws.com/photos/8200227/medium.jpeg,9744,Red-winged Blackbird,data/new_raw/images/e724aeba-9ab8-4416-9293-c2626e76a760.jpg
8c19f71e-ceb7-43b4-9b20-e7a8b64851de,https://inaturalist-open-data.s3.amazonaws.com/photos/8200276/medium.jpeg,7089,Canada Goose,data/new_raw/images/8c19f71e-ceb7-43b4-9b20-e7a8b64851de.jpg
997199dc-1618-441d-8ee2-8b8d5f29f341,https://inaturalist-open-data.s3.amazonaws.com/photos/8199965/medium.jpeg,9744,Red-winged Blackbird,data/new_raw/images/997199dc-1618-441d-8ee2-8b8d5f29f341.jpg
969c0b84-c017-477b-9481-34c8b0c2bc56,https://inaturalist-open-data.s3.amazonaws.com/photos/8199753/medium.jpeg,6930,Mallard,data/new_raw/images/969c0b84-c017-477b-9481-34c8b0c2bc56.jpg
de9d86bf-4aeb-48eb-9a35-2d8e78a74a4f,https://inaturalist-open-data.s3.amazonaws.com/photos/8199811/medium.jpeg,9744,Red-winged Blackbird,data/new_raw/images/de9d86bf-4aeb-48eb-9a35-2d8e78a74a4f.jpg
696abebe-35cd-4a3e-91be-993f4e2e707f,https://inaturalist-open-data.s3.amazonaws.com/photos/8199850/medium.jpeg,4956,Great Blue Heron,data/new_raw/images/696abebe-35cd-4a3e-91be-993f4e2e707f.jpg
9cedbfe3-4fc9-4137-a969-a85ab4a08894,https://inaturalist-open-data.s3.amazonaws.com/photos/8199848/medium.jpeg,47144,Domestic Dog,data/new_raw/images/9cedbfe3-4fc9-4137-a969-a85ab4a08894.jpg
4971ecc4-8785-4023-b6b2-bae731b6ce39,https://inaturalist-open-data.s3.amazonaws.com/photos/8199916/medium.jpeg,6930,Mallard,data/new_raw/images/4971ecc4-8785-4023-b6b2-bae731b6ce39.jpg
970fadfe-7319-46a2-95cf-6f12db1101f7,https://inaturalist-open-data.s3.amazonaws.com/photos/8199858/medium.jpeg,13858,House Sparrow,data/new_raw/images/970fadfe-7319-46a2-95cf-6f12db1101f7.jpg
77113521-d484-434d-8458-2f1a08e5b39c,https://inaturalist-open-data.s3.amazonaws.com/photos/8237315/medium.jpeg,6912,"Ducks, Geese, and Swans",data/new_raw/images/77113521-d484-434d-8458-2f1a08e5b39c.jpg
24fcfa3c-2e96-4b7a-8ee0-34d9a50567f0,https://inaturalist-open-data.s3.amazonaws.com/photos/8200183/medium.jpeg,7089,Canada Goose,data/new_raw/images/24fcfa3c-2e96-4b7a-8ee0-34d9a50567f0.jpg
92f66e3b-9086-47b7-a0bf-f83b8c209eb6,https://inaturalist-open-data.s3.amazonaws.com/photos/8200194/medium.jpeg,7089,Canada Goose,data/new_raw/images/92f66e3b-9086-47b7-a0bf-f83b8c209eb6.jpg
49418e6e-d3cf-45dd-975b-9343792b3ae6,https://inaturalist-open-data.s3.amazonaws.com/photos/8200202/medium.jpeg,4956,Great Blue Heron,data/new_raw/images/49418e6e-d3cf-45dd-975b-9343792b3ae6.jpg
dcc7b909-e956-41db-928c-33d3e38909ed,https://static.inaturalist.org/photos/8200277/medium.jpeg,7089,Canada Goose,data/new_raw/images/dcc7b909-e956-41db-928c-33d3e38909ed.jpg
addb6483-f603-4da9-b7f7-3cc92574af05,https://inaturalist-open-data.s3.amazonaws.com/photos/8199851/medium.jpeg,6930,Mallard,data/new_raw/images/addb6483-f603-4da9-b7f7-3cc92574af05.jpg
bf168f11-dae2-4eba-bfb6-4e099c9995ab,https://inaturalist-open-data.s3.amazonaws.com/photos/8200169/medium.jpeg,7089,Canada Goose,data/new_raw/images/bf168f11-dae2-4eba-bfb6-4e099c9995ab.jpg
a213bda2-1e0d-41df-a0c2-1a987fd42d1a,https://inaturalist-open-data.s3.amazonaws.com/photos/8199898/medium.jpeg,6930,Mallard,data/new_raw/images/a213bda2-1e0d-41df-a0c2-1a987fd42d1a.jpg
9954f40b-70ed-4091-8a40-020c386e3e60,https://inaturalist-open-data.s3.amazonaws.com/photos/8199956/medium.jpeg,43584,Human,data/new_raw/images/9954f40b-70ed-4091-8a40-020c386e3e60.jpg
3933caad-44ee-4166-87be-e271a06a700a,https://inaturalist-open-data.s3.amazonaws.com/photos/8199970/medium.jpeg,43584,Human,data/new_raw/images/3933caad-44ee-4166-87be-e271a06a700a.jpg
f4d4fa64-2b04-4285-bd0e-a1e292050a95,https://inaturalist-open-data.s3.amazonaws.com/photos/8200001/medium.jpeg,43584,Human,data/new_raw/images/f4d4fa64-2b04-4285-bd0e-a1e292050a95.jpg
42292e62-719a-4280-a8df-7b02bbf5c00f,https://inaturalist-open-data.s3.amazonaws.com/photos/8200136/medium.jpeg,9744,Red-winged Blackbird,data/new_raw/images/42292e62-719a-4280-a8df-7b02bbf5c00f.jpg
55d308c5-ea35-46d4-93d4-ae0f37e04c23,https://inaturalist-open-data.s3.amazonaws.com/photos/8200059/medium.jpeg,9744,Red-winged Blackbird,data/new_raw/images/55d308c5-ea35-46d4-93d4-ae0f37e04c23.jpg
b72fd27a-123d-413e-aaed-e93f076cd46b,https://inaturalist-open-data.s3.amazonaws.com/photos/8237332/medium.jpeg,1454382,Double-crested Cormorant,data/new_raw/images/b72fd27a-123d-413e-aaed-e93f076cd46b.jpg
7c4ce6d1-63ef-46a6-882f-936f0fd1c5d7,https://inaturalist-open-data.s3.amazonaws.com/photos/8237346/medium.jpeg,43584,Human,data/new_raw/images/7c4ce6d1-63ef-46a6-882f-936f0fd1c5d7.jpg
f8e10d73-f894-4fc5-92d8-622fa7a68b82,https://inaturalist-open-data.s3.amazonaws.com/photos/8237377/medium.jpeg,9744,Red-winged Blackbird,data/new_raw/images/f8e10d73-f894-4fc5-92d8-622fa7a68b82.jpg
27df0ca2-7851-4c9c-af8c-5aaa74a9cb03,https://inaturalist-open-data.s3.amazonaws.com/photos/8237382/medium.jpeg,7107,Wood Duck,data/new_raw/images/27df0ca2-7851-4c9c-af8c-5aaa74a9cb03.jpg
6f29285b-fc03-4a68-80b7-db76138561fd,https://inaturalist-open-data.s3.amazonaws.com/photos/8237418/medium.jpeg,7089,Canada Goose,data/new_raw/images/6f29285b-fc03-4a68-80b7-db76138561fd.jpg
34fb27ba-9c62-4bbf-8880-235fc596c2e8,https://inaturalist-open-data.s3.amazonaws.com/photos/8199968/medium.jpeg,7089,Canada Goose,data/new_raw/images/34fb27ba-9c62-4bbf-8880-235fc596c2e8.jpg
413968a3-0955-4164-9549-4537a53007e5,https://inaturalist-open-data.s3.amazonaws.com/photos/8200452/medium.jpeg,47144,Domestic Dog,data/new_raw/images/413968a3-0955-4164-9549-4537a53007e5.jpg
2d0856ae-7751-4aba-8c98-e46d3edc9541,https://inaturalist-open-data.s3.amazonaws.com/photos/8200483/medium.jpeg,9744,Red-winged Blackbird,data/new_raw/images/2d0856ae-7751-4aba-8c98-e46d3edc9541.jpg
c940c77a-a2a6-4d6c-9b28-645641889c88,https://inaturalist-open-data.s3.amazonaws.com/photos/8200495/medium.jpeg,6912,"Ducks, Geese, and Swans",data/new_raw/images/c940c77a-a2a6-4d6c-9b28-645641889c88.jpg
424e896e-1398-423e-a76c-4729c86b4a6d,https://inaturalist-open-data.s3.amazonaws.com/photos/8200499/medium.jpeg,43584,Human,data/new_raw/images/424e896e-1398-423e-a76c-4729c86b4a6d.jpg
66128cb1-513e-4ebf-9ca3-e9637070414e,https://inaturalist-open-data.s3.amazonaws.com/photos/8200522/medium.jpeg,13858,House Sparrow,data/new_raw/images/66128cb1-513e-4ebf-9ca3-e9637070414e.jpg
52e20d7d-7dd6-4f89-94fe-59927b948df0,https://inaturalist-open-data.s3.amazonaws.com/photos/8200525/medium.jpeg,46017,Eastern Gray Squirrel,data/new_raw/images/52e20d7d-7dd6-4f89-94fe-59927b948df0.jpg
9ba2eea0-7447-4464-b15c-28d2cfa9de3e,https://inaturalist-open-data.s3.amazonaws.com/photos/8200536/medium.jpeg,7089,Canada Goose,data/new_raw/images/9ba2eea0-7447-4464-b15c-28d2cfa9de3e.jpg
b2fb9fdc-58ca-4e16-a837-c4cdebe56e53,https://inaturalist-open-data.s3.amazonaws.com/photos/8200542/medium.jpeg,7089,Canada Goose,data/new_raw/images/b2fb9fdc-58ca-4e16-a837-c4cdebe56e53.jpg
7959a0f2-9190-479e-b5ea-778858f740a0,https://inaturalist-open-data.s3.amazonaws.com/photos/8237389/medium.jpeg,7089,Canada Goose,data/new_raw/images/7959a0f2-9190-479e-b5ea-778858f740a0.jpg
59e3bdb5-192f-4ae9-ae98-1f5ae0d61311,https://inaturalist-open-data.s3.amazonaws.com/photos/8237390/medium.jpeg,4956,Great Blue Heron,data/new_raw/images/59e3bdb5-192f-4ae9-ae98-1f5ae0d61311.jpg
b8af9f6d-8827-45ea-a3b4-ad5743d2cc5c,https://inaturalist-open-data.s3.amazonaws.com/photos/8237470/medium.jpeg,6930,Mallard,data/new_raw/images/b8af9f6d-8827-45ea-a3b4-ad5743d2cc5c.jpg
fc42a984-c421-47fa-a2c9-00ba1faf0e45,https://inaturalist-open-data.s3.amazonaws.com/photos/8237472/medium.jpeg,1454382,Double-crested Cormorant,data/new_raw/images/fc42a984-c421-47fa-a2c9-00ba1faf0e45.jpg
5a0eec91-76bb-40e2-8d9d-7482c6ac8b0c,https://inaturalist-open-data.s3.amazonaws.com/photos/8214596/medium.jpeg,8021,American Crow,data/new_raw/images/5a0eec91-76bb-40e2-8d9d-7482c6ac8b0c.jpg
e9bffd94-3017-468d-b7ce-8482b25f327f,https://inaturalist-open-data.s3.amazonaws.com/photos/8214761/medium.jpg,40629,Silver-haired Bat,data/new_raw/images/e9bffd94-3017-468d-b7ce-8482b25f327f.jpg
262733c4-5a1b-46cb-b8fd-1c79f53d6a0c,https://inaturalist-open-data.s3.amazonaws.com/photos/8280702/medium.jpeg,17402,Blue-headed Vireo,data/new_raw/images/262733c4-5a1b-46cb-b8fd-1c79f53d6a0c.jpg
712e2d2c-dec4-484a-b46a-1eedc7b897ac,https://inaturalist-open-data.s3.amazonaws.com/photos/8295303/medium.jpeg,43111,Eastern Cottontail,data/new_raw/images/712e2d2c-dec4-484a-b46a-1eedc7b897ac.jpg
f6389266-1a63-4c28-b75d-ad15dfeb37f5,https://inaturalist-open-data.s3.amazonaws.com/photos/8299708/medium.jpg,4981,Black-crowned Night Heron,data/new_raw/images/f6389266-1a63-4c28-b75d-ad15dfeb37f5.jpg
e4159eb6-3a88-4bad-9983-e69412a8a6e0,https://inaturalist-open-data.s3.amazonaws.com/photos/8301806/medium.jpeg,6930,Mallard,data/new_raw/images/e4159eb6-3a88-4bad-9983-e69412a8a6e0.jpg
76e63bb2-7b22-4aed-ba83-246529aac70c,https://inaturalist-open-data.s3.amazonaws.com/photos/8310635/medium.jpeg,14850,European Starling,data/new_raw/images/76e63bb2-7b22-4aed-ba83-246529aac70c.jpg
8b5df289-740f-4c72-94d4-b22921a44fc8,https://inaturalist-open-data.s3.amazonaws.com/photos/8330804/medium.jpeg,1579017,Cooper's Hawk,data/new_raw/images/8b5df289-740f-4c72-94d4-b22921a44fc8.jpg
e649c57a-62b2-4c34-98f1-790a85b3a624,https://inaturalist-open-data.s3.amazonaws.com/photos/8363338/medium.jpg,9744,Red-winged Blackbird,data/new_raw/images/e649c57a-62b2-4c34-98f1-790a85b3a624.jpg
5fa45d44-daaf-4fa2-bfce-6d370f1efd63,https://inaturalist-open-data.s3.amazonaws.com/photos/8399001/medium.jpg,4981,Black-crowned Night Heron,data/new_raw/images/5fa45d44-daaf-4fa2-bfce-6d370f1efd63.jpg
7356eed0-5349-4a4e-94d0-68706de26eba,https://static.inaturalist.org/photos/8406053/medium.jpg,5305,Bald Eagle,data/new_raw/images/7356eed0-5349-4a4e-94d0-68706de26eba.jpg
76f40d59-71a1-429e-9662-83a2aff70dcb,https://inaturalist-open-data.s3.amazonaws.com/photos/8406517/medium.jpg,122767,Feral Pigeon,data/new_raw/images/76f40d59-71a1-429e-9662-83a2aff70dcb.jpg
319b2e27-f52e-405b-84c5-f4b39d0b931f,https://inaturalist-open-data.s3.amazonaws.com/photos/8446696/medium.jpeg,7089,Canada Goose,data/new_raw/images/319b2e27-f52e-405b-84c5-f4b39d0b931f.jpg
c373c22f-92e2-416f-b8b2-50b48c026db5,https://inaturalist-open-data.s3.amazonaws.com/photos/8446699/medium.jpeg,8021,American Crow,data/new_raw/images/c373c22f-92e2-416f-b8b2-50b48c026db5.jpg
d74f0096-d368-42df-a07e-4790cb980070,https://static.inaturalist.org/photos/8456894/medium.jpg,7107,Wood Duck,data/new_raw/images/d74f0096-d368-42df-a07e-4790cb980070.jpg
00ee38ea-496e-4a0e-b08d-3f9afdc8d001,https://inaturalist-open-data.s3.amazonaws.com/photos/8490997/medium.jpeg,41663,Common Raccoon,data/new_raw/images/00ee38ea-496e-4a0e-b08d-3f9afdc8d001.jpg
14a5b22c-5b2f-446d-8685-08c7fa4e05d8,https://inaturalist-open-data.s3.amazonaws.com/photos/8491935/medium.jpg,1579017,Cooper's Hawk,data/new_raw/images/14a5b22c-5b2f-446d-8685-08c7fa4e05d8.jpg
3af68239-462c-4a0c-9abd-304480f0b394,https://inaturalist-open-data.s3.amazonaws.com/photos/8491964/medium.jpeg,7107,Wood Duck,data/new_raw/images/3af68239-462c-4a0c-9abd-304480f0b394.jpg
9e971c47-41e0-4a5d-830b-6d3b85cad81d,https://inaturalist-open-data.s3.amazonaws.com/photos/8491975/medium.jpeg,3866,White-rumped Sandpiper,data/new_raw/images/9e971c47-41e0-4a5d-830b-6d3b85cad81d.jpg
a98cbf05-ac32-4c26-a15f-c0b19faeebdc,https://inaturalist-open-data.s3.amazonaws.com/photos/8491990/medium.jpeg,3857,Dunlin,data/new_raw/images/a98cbf05-ac32-4c26-a15f-c0b19faeebdc.jpg
5f3b3d25-5086-4bef-a61d-9e5425a18bf6,https://inaturalist-open-data.s3.amazonaws.com/photos/8492018/medium.jpeg,4893,American Golden-Plover,data/new_raw/images/5f3b3d25-5086-4bef-a61d-9e5425a18bf6.jpg
4b290ee0-1524-46f9-99ab-f22264510c08,https://inaturalist-open-data.s3.amazonaws.com/photos/8492113/medium.jpeg,7562,Northern House Wren,data/new_raw/images/4b290ee0-1524-46f9-99ab-f22264510c08.jpg
eba81ab1-ab73-432e-b74e-c87cad813721,https://static.inaturalist.org/photos/8553049/medium.jpg,4981,Black-crowned Night Heron,data/new_raw/images/eba81ab1-ab73-432e-b74e-c87cad813721.jpg
f576b8e8-242a-4a89-8386-d04608319f42,https://static.inaturalist.org/photos/8553176/medium.jpg,4981,Black-crowned Night Heron,data/new_raw/images/f576b8e8-242a-4a89-8386-d04608319f42.jpg
2c17b3fb-d127-4822-b93a-47844a3cb21b,https://static.inaturalist.org/photos/8553198/medium.jpg,7107,Wood Duck,data/new_raw/images/2c17b3fb-d127-4822-b93a-47844a3cb21b.jpg
577e5fbd-dda2-4256-b65c-898097c02b37,https://static.inaturalist.org/photos/8573098/medium.jpg,43111,Eastern Cottontail,data/new_raw/images/577e5fbd-dda2-4256-b65c-898097c02b37.jpg
6141cc3b-3fef-4852-a11c-5bf40a73d47f,https://static.inaturalist.org/photos/8588546/medium.jpg,6930,Mallard,data/new_raw/images/6141cc3b-3fef-4852-a11c-5bf40a73d47f.jpg
31c6d589-c894-4dfe-9244-48951cd8ac56,https://static.inaturalist.org/photos/8588566/medium.jpg,7107,Wood Duck,data/new_raw/images/31c6d589-c894-4dfe-9244-48951cd8ac56.jpg
f5c84ef9-681c-4c1a-b4c2-26cfd23f4557,https://inaturalist-open-data.s3.amazonaws.com/photos/8592310/medium.jpeg,42652,Virginia Opossum,data/new_raw/images/f5c84ef9-681c-4c1a-b4c2-26cfd23f4557.jpg
e690ba99-9f7d-472d-ab85-c763763b81a2,https://static.inaturalist.org/photos/8600428/medium.jpg,46017,Eastern Gray Squirrel,data/new_raw/images/e690ba99-9f7d-472d-ab85-c763763b81a2.jpg
59f35d25-f59d-4f35-b458-4b0c5b26eb58,https://inaturalist-open-data.s3.amazonaws.com/photos/8601524/medium.jpeg,1579017,Cooper's Hawk,data/new_raw/images/59f35d25-f59d-4f35-b458-4b0c5b26eb58.jpg
9f4bdf10-3de3-4429-9f3e-bd94fb6b4d56,https://inaturalist-open-data.s3.amazonaws.com/photos/8656743/medium.jpg,7089,Canada Goose,data/new_raw/images/9f4bdf10-3de3-4429-9f3e-bd94fb6b4d56.jpg
89cdfe6f-d761-4fee-bd66-0fa7d253915b,https://inaturalist-open-data.s3.amazonaws.com/photos/8666029/medium.jpeg,122767,Feral Pigeon,data/new_raw/images/89cdfe6f-d761-4fee-bd66-0fa7d253915b.jpg
7aed8e39-35d7-436c-bd25-1041bd32e671,https://inaturalist-open-data.s3.amazonaws.com/photos/8666034/medium.jpeg,13858,House Sparrow,data/new_raw/images/7aed8e39-35d7-436c-bd25-1041bd32e671.jpg
c78fc013-59a1-4d6e-87c5-0cbf134ba87b,https://inaturalist-open-data.s3.amazonaws.com/photos/8666035/medium.jpeg,10373,Brown-headed Cowbird,data/new_raw/images/c78fc013-59a1-4d6e-87c5-0cbf134ba87b.jpg
19dff734-19dd-4cbf-a738-c7ea589d9c8e,https://inaturalist-open-data.s3.amazonaws.com/photos/8666126/medium.jpeg,9744,Red-winged Blackbird,data/new_raw/images/19dff734-19dd-4cbf-a738-c7ea589d9c8e.jpg
d97c643b-8d0e-4aa3-8e55-34d2173b2e08,https://inaturalist-open-data.s3.amazonaws.com/photos/8666184/medium.jpeg,9744,Red-winged Blackbird,data/new_raw/images/d97c643b-8d0e-4aa3-8e55-34d2173b2e08.jpg
028c7220-1d75-4d48-9e4a-d74cc5a8e7b8,https://inaturalist-open-data.s3.amazonaws.com/photos/8666188/medium.jpeg,9744,Red-winged Blackbird,data/new_raw/images/028c7220-1d75-4d48-9e4a-d74cc5a8e7b8.jpg
2dbf93c6-9098-49ed-a5c5-4cfa2f023973,https://inaturalist-open-data.s3.amazonaws.com/photos/8666558/medium.jpeg,9602,Common Grackle,data/new_raw/images/2dbf93c6-9098-49ed-a5c5-4cfa2f023973.jpg
2190daed-e16b-4585-aad5-ad19b0a47aea,https://inaturalist-open-data.s3.amazonaws.com/photos/8667343/medium.jpeg,9744,Red-winged Blackbird,data/new_raw/images/2190daed-e16b-4585-aad5-ad19b0a47aea.jpg
6c9c9268-4abb-480a-9d30-4e7a15b541f0,https://inaturalist-open-data.s3.amazonaws.com/photos/8667355/medium.jpeg,10676,Dickcissel,data/new_raw/images/6c9c9268-4abb-480a-9d30-4e7a15b541f0.jpg
137357e8-8061-48ed-b643-2bd2ce344849,https://inaturalist-open-data.s3.amazonaws.com/photos/8691808/medium.jpeg,9744,Red-winged Blackbird,data/new_raw/images/137357e8-8061-48ed-b643-2bd2ce344849.jpg
26a5f03b-221f-4543-b67d-87b6a686257b,https://inaturalist-open-data.s3.amazonaws.com/photos/8691810/medium.jpeg,9744,Red-winged Blackbird,data/new_raw/images/26a5f03b-221f-4543-b67d-87b6a686257b.jpg
a5c8b1c4-89d5-4752-817e-d79ba0238f4c,https://inaturalist-open-data.s3.amazonaws.com/photos/8706136/medium.jpeg,6930,Mallard,data/new_raw/images/a5c8b1c4-89d5-4752-817e-d79ba0238f4c.jpg
7bdb3c63-930a-4d6d-aaca-0072bfeff5b3,https://static.inaturalist.org/photos/8706199/medium.jpeg,6930,Mallard,data/new_raw/images/7bdb3c63-930a-4d6d-aaca-0072bfeff5b3.jpg
201bf375-c9c0-4277-ba74-c7c30af0499e,https://static.inaturalist.org/photos/8706202/medium.jpeg,7089,Canada Goose,data/new_raw/images/201bf375-c9c0-4277-ba74-c7c30af0499e.jpg
25c232f8-f7ba-4629-bf0a-1d8dc0faa923,https://inaturalist-open-data.s3.amazonaws.com/photos/8706386/medium.jpeg,7089,Canada Goose,data/new_raw/images/25c232f8-f7ba-4629-bf0a-1d8dc0faa923.jpg
421cf757-eb0e-4f7d-9e8b-92ea4d7ca0af,https://inaturalist-open-data.s3.amazonaws.com/photos/8706401/medium.jpeg,9744,Red-winged Blackbird,data/new_raw/images/421cf757-eb0e-4f7d-9e8b-92ea4d7ca0af.jpg
6be8f987-61ca-48d3-8460-be9bd65b8a36,https://inaturalist-open-data.s3.amazonaws.com/photos/8707705/medium.jpeg,6930,Mallard,data/new_raw/images/6be8f987-61ca-48d3-8460-be9bd65b8a36.jpg
0b790097-87e2-48dc-b1c7-745041f40b4f,https://inaturalist-open-data.s3.amazonaws.com/photos/8707713/medium.jpeg,13858,House Sparrow,data/new_raw/images/0b790097-87e2-48dc-b1c7-745041f40b4f.jpg
96ae0f52-684f-4f2b-af8f-98032270282e,https://inaturalist-open-data.s3.amazonaws.com/photos/8707715/medium.jpeg,122767,Feral Pigeon,data/new_raw/images/96ae0f52-684f-4f2b-af8f-98032270282e.jpg
abfdc604-be96-4e16-8008-509877b16c74,https://inaturalist-open-data.s3.amazonaws.com/photos/8707730/medium.jpeg,6930,Mallard,data/new_raw/images/abfdc604-be96-4e16-8008-509877b16c74.jpg
2735814e-7a58-4e15-8d4c-363da35cc122,https://inaturalist-open-data.s3.amazonaws.com/photos/8707738/medium.jpeg,13858,House Sparrow,data/new_raw/images/2735814e-7a58-4e15-8d4c-363da35cc122.jpg
f0a1f0e6-b2a7-423c-9a87-8d27c701bf21,https://inaturalist-open-data.s3.amazonaws.com/photos/8707744/medium.jpeg,6930,Mallard,data/new_raw/images/f0a1f0e6-b2a7-423c-9a87-8d27c701bf21.jpg
b9f92715-1c6c-4711-97ad-bd926b9bcdad,https://inaturalist-open-data.s3.amazonaws.com/photos/8707754/medium.jpeg,6930,Mallard,data/new_raw/images/b9f92715-1c6c-4711-97ad-bd926b9bcdad.jpg
317622ce-1c4c-467f-a936-69aa71ecd8d6,https://inaturalist-open-data.s3.amazonaws.com/photos/8707756/medium.jpeg,43111,Eastern Cottontail,data/new_raw/images/317622ce-1c4c-467f-a936-69aa71ecd8d6.jpg
5514cea4-b5aa-4048-920e-5be6c5c53d10,https://inaturalist-open-data.s3.amazonaws.com/photos/8707765/medium.jpeg,7089,Canada Goose,data/new_raw/images/5514cea4-b5aa-4048-920e-5be6c5c53d10.jpg
3553fc7b-d3f5-43eb-bcee-a7c9328d99d3,https://inaturalist-open-data.s3.amazonaws.com/photos/8707814/medium.jpeg,199840,House Finch,data/new_raw/images/3553fc7b-d3f5-43eb-bcee-a7c9328d99d3.jpg
4398783d-4054-4184-9afa-32f4fc75a4d3,https://inaturalist-open-data.s3.amazonaws.com/photos/8707853/medium.jpeg,122767,Feral Pigeon,data/new_raw/images/4398783d-4054-4184-9afa-32f4fc75a4d3.jpg
95ed8c6e-19c4-4c8c-9b66-9a8e945865f7,https://inaturalist-open-data.s3.amazonaws.com/photos/8707868/medium.jpeg,7089,Canada Goose,data/new_raw/images/95ed8c6e-19c4-4c8c-9b66-9a8e945865f7.jpg
e6249c75-f847-4c7c-a7a6-24fce2d9ee62,https://inaturalist-open-data.s3.amazonaws.com/photos/8707895/medium.jpeg,13858,House Sparrow,data/new_raw/images/e6249c75-f847-4c7c-a7a6-24fce2d9ee62.jpg
8bd6904a-cbcb-47f9-b951-f256b72b647b,https://inaturalist-open-data.s3.amazonaws.com/photos/8707899/medium.jpeg,6930,Mallard,data/new_raw/images/8bd6904a-cbcb-47f9-b951-f256b72b647b.jpg
6d28540f-7912-41dc-9b7c-30784ee0a4ad,https://inaturalist-open-data.s3.amazonaws.com/photos/8707911/medium.jpeg,9744,Red-winged Blackbird,data/new_raw/images/6d28540f-7912-41dc-9b7c-30784ee0a4ad.jpg
e44ce098-bc16-4607-bd41-9c7c078a0266,https://inaturalist-open-data.s3.amazonaws.com/photos/8707924/medium.jpeg,122767,Feral Pigeon,data/new_raw/images/e44ce098-bc16-4607-bd41-9c7c078a0266.jpg
b50f6a7c-50bc-4ec7-afa3-42977b7801a4,https://static.inaturalist.org/photos/8723107/medium.jpg,5020,Green Heron,data/new_raw/images/b50f6a7c-50bc-4ec7-afa3-42977b7801a4.jpg
d7f4ed14-47d4-4f9e-9762-0edbf7c62f52,https://inaturalist-open-data.s3.amazonaws.com/photos/8726538/medium.jpg,4956,Great Blue Heron,data/new_raw/images/d7f4ed14-47d4-4f9e-9762-0edbf7c62f52.jpg
fc07964d-1dc7-4598-a90f-d7f8597ff737,https://static.inaturalist.org/photos/8726664/medium.jpg,6912,"Ducks, Geese, and Swans",data/new_raw/images/fc07964d-1dc7-4598-a90f-d7f8597ff737.jpg
7a1f9e66-6ad2-4aca-b216-4cd37e9170d9,https://inaturalist-open-data.s3.amazonaws.com/photos/8727837/medium.jpg,7089,Canada Goose,data/new_raw/images/7a1f9e66-6ad2-4aca-b216-4cd37e9170d9.jpg
700e59d1-5678-4805-a130-fd43af13b52f,https://inaturalist-open-data.s3.amazonaws.com/photos/8728217/medium.jpeg,144537,Caspian Tern,data/new_raw/images/700e59d1-5678-4805-a130-fd43af13b52f.jpg
271dfe12-c0d5-4ea0-9af2-e2d7a1515180,https://inaturalist-open-data.s3.amazonaws.com/photos/8728223/medium.jpeg,11970,Northern Rough-winged Swallow,data/new_raw/images/271dfe12-c0d5-4ea0-9af2-e2d7a1515180.jpg
82aa384d-33f8-44b5-b378-9d23d34ba666,https://inaturalist-open-data.s3.amazonaws.com/photos/8728227/medium.jpeg,9744,Red-winged Blackbird,data/new_raw/images/82aa384d-33f8-44b5-b378-9d23d34ba666.jpg
6eff8f39-729b-4f22-8efa-7f51f3ff3708,https://inaturalist-open-data.s3.amazonaws.com/photos/8734204/medium.jpeg,10676,Dickcissel,data/new_raw/images/6eff8f39-729b-4f22-8efa-7f51f3ff3708.jpg
ab5139a9-364c-4bff-bd32-1af01a301f0c,https://inaturalist-open-data.s3.amazonaws.com/photos/8734211/medium.jpeg,1579017,Cooper's Hawk,data/new_raw/images/ab5139a9-364c-4bff-bd32-1af01a301f0c.jpg
99694be1-a28c-413a-b092-206e8a6b943f,https://inaturalist-open-data.s3.amazonaws.com/photos/8820861/medium.jpg,14823,Red-breasted Nuthatch,data/new_raw/images/99694be1-a28c-413a-b092-206e8a6b943f.jpg
e4690498-09e7-42cb-b30c-835cc8c238bb,https://inaturalist-open-data.s3.amazonaws.com/photos/8821036/medium.jpg,145240,Blackpoll Warbler,data/new_raw/images/e4690498-09e7-42cb-b30c-835cc8c238bb.jpg
758e8e40-9af4-4ee4-a5d9-77629fc506e9,https://inaturalist-open-data.s3.amazonaws.com/photos/8829467/medium.jpeg,144537,Caspian Tern,data/new_raw/images/758e8e40-9af4-4ee4-a5d9-77629fc506e9.jpg
fd3bf6e9-ad6b-4623-a901-e452c5764641,https://inaturalist-open-data.s3.amazonaws.com/photos/8829436/medium.jpeg,16782,Eastern Kingbird,data/new_raw/images/fd3bf6e9-ad6b-4623-a901-e452c5764641.jpg
d34bbc76-2d5a-49c6-ae2c-dab5ce867800,https://inaturalist-open-data.s3.amazonaws.com/photos/8829481/medium.jpeg,11858,Cliff Swallow,data/new_raw/images/d34bbc76-2d5a-49c6-ae2c-dab5ce867800.jpg
2c53ba1f-0eab-4005-ab2a-f540b833bbf0,https://inaturalist-open-data.s3.amazonaws.com/photos/8829496/medium.jpeg,7089,Canada Goose,data/new_raw/images/2c53ba1f-0eab-4005-ab2a-f540b833bbf0.jpg
ee3d2b24-9ff1-476c-9e58-1d5f32902e4e,https://inaturalist-open-data.s3.amazonaws.com/photos/8829522/medium.jpeg,17394,Warbling Vireo,data/new_raw/images/ee3d2b24-9ff1-476c-9e58-1d5f32902e4e.jpg
27fff27b-1a8d-4b87-b2bd-2a9572b6ee9b,https://inaturalist-open-data.s3.amazonaws.com/photos/8829535/medium.jpeg,4364,Ring-billed Gull,data/new_raw/images/27fff27b-1a8d-4b87-b2bd-2a9572b6ee9b.jpg
b88945a9-61ee-4821-835c-dec504941fcb,https://inaturalist-open-data.s3.amazonaws.com/photos/8829555/medium.jpeg,42652,Virginia Opossum,data/new_raw/images/b88945a9-61ee-4821-835c-dec504941fcb.jpg
0dfadb33-6e18-4f97-a631-2d627b8c26ff,https://inaturalist-open-data.s3.amazonaws.com/photos/8829563/medium.jpeg,16782,Eastern Kingbird,data/new_raw/images/0dfadb33-6e18-4f97-a631-2d627b8c26ff.jpg
d11a4833-3523-4995-8390-6c7738c3eef8,https://inaturalist-open-data.s3.amazonaws.com/photos/8829592/medium.jpeg,4981,Black-crowned Night Heron,data/new_raw/images/d11a4833-3523-4995-8390-6c7738c3eef8.jpg
c646d00b-a858-491b-b187-0e14e6b8b0f2,https://inaturalist-open-data.s3.amazonaws.com/photos/8829626/medium.jpeg,9346,Baltimore Oriole,data/new_raw/images/c646d00b-a858-491b-b187-0e14e6b8b0f2.jpg
5202a375-a240-4ab7-8d28-62dc5d31a9c1,https://inaturalist-open-data.s3.amazonaws.com/photos/8829630/medium.jpeg,7107,Wood Duck,data/new_raw/images/5202a375-a240-4ab7-8d28-62dc5d31a9c1.jpg
e01a8b1e-d48e-48f8-8d70-db5988ce20fb,https://inaturalist-open-data.s3.amazonaws.com/photos/8829653/medium.jpeg,145238,Yellow Warbler,data/new_raw/images/e01a8b1e-d48e-48f8-8d70-db5988ce20fb.jpg
8cb84a25-55b8-4f00-8809-4966b5df011f,https://inaturalist-open-data.s3.amazonaws.com/photos/8829658/medium.jpeg,792988,Downy Woodpecker,data/new_raw/images/8cb84a25-55b8-4f00-8809-4966b5df011f.jpg
2eeb3936-d827-488c-914a-92fd87ee959f,https://inaturalist-open-data.s3.amazonaws.com/photos/8829681/medium.jpeg,14995,Gray Catbird,data/new_raw/images/2eeb3936-d827-488c-914a-92fd87ee959f.jpg
15b2483c-8756-4c37-bf24-e373a2c4002d,https://inaturalist-open-data.s3.amazonaws.com/photos/8829812/medium.jpeg,144537,Caspian Tern,data/new_raw/images/15b2483c-8756-4c37-bf24-e373a2c4002d.jpg
c6eec8ca-0401-4adb-92ce-1387a0810513,https://inaturalist-open-data.s3.amazonaws.com/photos/8829868/medium.jpeg,7089,Canada Goose,data/new_raw/images/c6eec8ca-0401-4adb-92ce-1387a0810513.jpg
25752a48-ab94-4091-aafa-4c63f0db19f7,https://inaturalist-open-data.s3.amazonaws.com/photos/8829912/medium.jpeg,4364,Ring-billed Gull,data/new_raw/images/25752a48-ab94-4091-aafa-4c63f0db19f7.jpg
527f5857-1c67-42ab-8a73-8d52661ae6f4,https://inaturalist-open-data.s3.amazonaws.com/photos/8829960/medium.jpeg,14995,Gray Catbird,data/new_raw/images/527f5857-1c67-42ab-8a73-8d52661ae6f4.jpg
e7646a13-c50c-4817-823b-97af6d4524a3,https://inaturalist-open-data.s3.amazonaws.com/photos/8830001/medium.jpeg,6930,Mallard,data/new_raw/images/e7646a13-c50c-4817-823b-97af6d4524a3.jpg
7409b708-2b6b-4e22-a123-e6a40622f3bf,https://inaturalist-open-data.s3.amazonaws.com/photos/8830039/medium.jpeg,7107,Wood Duck,data/new_raw/images/7409b708-2b6b-4e22-a123-e6a40622f3bf.jpg
5fad50f9-0a76-4f94-8d7b-451e5e85dc24,https://inaturalist-open-data.s3.amazonaws.com/photos/8830063/medium.jpeg,14995,Gray Catbird,data/new_raw/images/5fad50f9-0a76-4f94-8d7b-451e5e85dc24.jpg
bf214e9e-d97e-478d-9bb4-8139707b43d1,https://inaturalist-open-data.s3.amazonaws.com/photos/8830095/medium.jpeg,11858,Cliff Swallow,data/new_raw/images/bf214e9e-d97e-478d-9bb4-8139707b43d1.jpg
c12ea2ae-902e-4b72-8e00-2ae95f276101,https://inaturalist-open-data.s3.amazonaws.com/photos/8830187/medium.jpeg,145238,Yellow Warbler,data/new_raw/images/c12ea2ae-902e-4b72-8e00-2ae95f276101.jpg
e03c2a0d-e74f-4f7e-b779-96fcb899ba4f,https://inaturalist-open-data.s3.amazonaws.com/photos/8830190/medium.jpeg,7562,Northern House Wren,data/new_raw/images/e03c2a0d-e74f-4f7e-b779-96fcb899ba4f.jpg
400df55b-9596-4304-9200-5cbd9d0df0b6,https://inaturalist-open-data.s3.amazonaws.com/photos/8830197/medium.jpeg,145238,Yellow Warbler,data/new_raw/images/400df55b-9596-4304-9200-5cbd9d0df0b6.jpg
c65d737f-5f7d-4e07-8ef3-76d1892df2bb,https://inaturalist-open-data.s3.amazonaws.com/photos/8830214/medium.jpeg,9100,Song Sparrow,data/new_raw/images/c65d737f-5f7d-4e07-8ef3-76d1892df2bb.jpg
f225c80a-275a-4cf8-b31c-7321f98b98b0,https://inaturalist-open-data.s3.amazonaws.com/photos/8837849/medium.jpeg,16100,Eastern Wood-Pewee,data/new_raw/images/f225c80a-275a-4cf8-b31c-7321f98b98b0.jpg
a55bf6a5-1d33-4058-bba2-0808a0a0fc73,https://inaturalist-open-data.s3.amazonaws.com/photos/8837854/medium.jpeg,10227,Indigo Bunting,data/new_raw/images/a55bf6a5-1d33-4058-bba2-0808a0a0fc73.jpg
e179fe74-7d00-4f76-bee1-45e0bcbb3d2e,https://inaturalist-open-data.s3.amazonaws.com/photos/8837863/medium.jpeg,145310,American Goldfinch,data/new_raw/images/e179fe74-7d00-4f76-bee1-45e0bcbb3d2e.jpg
2f4f9b3f-dfef-4b1e-b614-7e255dc1fa95,https://inaturalist-open-data.s3.amazonaws.com/photos/8837868/medium.jpeg,10373,Brown-headed Cowbird,data/new_raw/images/2f4f9b3f-dfef-4b1e-b614-7e255dc1fa95.jpg
3edc287a-c28d-45f2-8356-7ba7d31519a9,https://inaturalist-open-data.s3.amazonaws.com/photos/8837876/medium.jpeg,9100,Song Sparrow,data/new_raw/images/3edc287a-c28d-45f2-8356-7ba7d31519a9.jpg
ff7728a7-e095-4fb0-af1f-c461f3facecc,https://inaturalist-open-data.s3.amazonaws.com/photos/8837880/medium.jpeg,9744,Red-winged Blackbird,data/new_raw/images/ff7728a7-e095-4fb0-af1f-c461f3facecc.jpg
005a2b3c-0645-4018-8ebe-4d663d98aecd,https://inaturalist-open-data.s3.amazonaws.com/photos/8837883/medium.jpeg,11935,Tree Swallow,data/new_raw/images/005a2b3c-0645-4018-8ebe-4d663d98aecd.jpg
9c9e3757-62c0-44a3-b5c7-61b11e01f982,https://inaturalist-open-data.s3.amazonaws.com/photos/8837887/medium.jpeg,145238,Yellow Warbler,data/new_raw/images/9c9e3757-62c0-44a3-b5c7-61b11e01f982.jpg
8f61a728-797d-4368-a8f5-9474efbb77a8,https://inaturalist-open-data.s3.amazonaws.com/photos/8837892/medium.jpeg,72458,Spotted Sandpiper,data/new_raw/images/8f61a728-797d-4368-a8f5-9474efbb77a8.jpg
4ab4889d-fa66-4876-a013-7ab280a92cf4,https://inaturalist-open-data.s3.amazonaws.com/photos/8837900/medium.jpeg,11858,Cliff Swallow,data/new_raw/images/4ab4889d-fa66-4876-a013-7ab280a92cf4.jpg
54c81371-c5ce-4103-a8eb-70601bf1b549,https://inaturalist-open-data.s3.amazonaws.com/photos/8837908/medium.jpeg,4981,Black-crowned Night Heron,data/new_raw/images/54c81371-c5ce-4103-a8eb-70601bf1b549.jpg
0b7ab9a5-1f2b-452d-8129-314606b2c2ae,https://inaturalist-open-data.s3.amazonaws.com/photos/8837914/medium.jpeg,4981,Black-crowned Night Heron,data/new_raw/images/0b7ab9a5-1f2b-452d-8129-314606b2c2ae.jpg
b5ce0380-3a28-4d1b-83b3-d425296ed2b0,https://inaturalist-open-data.s3.amazonaws.com/photos/8837918/medium.jpeg,7107,Wood Duck,data/new_raw/images/b5ce0380-3a28-4d1b-83b3-d425296ed2b0.jpg
f07b4b21-eb95-4bf6-8055-36537109c534,https://inaturalist-open-data.s3.amazonaws.com/photos/8837923/medium.jpeg,9744,Red-winged Blackbird,data/new_raw/images/f07b4b21-eb95-4bf6-8055-36537109c534.jpg
7d789591-9419-4a8d-a103-d2fa79499183,https://inaturalist-open-data.s3.amazonaws.com/photos/8837929/medium.jpeg,9744,Red-winged Blackbird,data/new_raw/images/7d789591-9419-4a8d-a103-d2fa79499183.jpg
054f1ff6-2ac0-4344-9e98-181999c71d47,https://inaturalist-open-data.s3.amazonaws.com/photos/8837939/medium.jpeg,16110,Olive-sided Flycatcher,data/new_raw/images/054f1ff6-2ac0-4344-9e98-181999c71d47.jpg
98ecee62-a889-45f2-a7a8-a409abc3e883,https://inaturalist-open-data.s3.amazonaws.com/photos/8837942/medium.jpeg,10373,Brown-headed Cowbird,data/new_raw/images/98ecee62-a889-45f2-a7a8-a409abc3e883.jpg
348bdaf4-69af-40a7-9830-3989586024c7,https://inaturalist-open-data.s3.amazonaws.com/photos/8837951/medium.jpeg,145238,Yellow Warbler,data/new_raw/images/348bdaf4-69af-40a7-9830-3989586024c7.jpg
19a6da9f-c3a9-46f7-ac65-c749f7793a6b,https://inaturalist-open-data.s3.amazonaws.com/photos/8837990/medium.jpeg,4981,Black-crowned Night Heron,data/new_raw/images/19a6da9f-c3a9-46f7-ac65-c749f7793a6b.jpg
7b5a167f-f2f5-4b56-8bb0-dcbc3b11036e,https://inaturalist-open-data.s3.amazonaws.com/photos/8837992/medium.jpeg,11867,Purple Martin,data/new_raw/images/7b5a167f-f2f5-4b56-8bb0-dcbc3b11036e.jpg
05db6484-96d7-43e8-802b-cb155085f983,https://inaturalist-open-data.s3.amazonaws.com/photos/8838010/medium.jpeg,7089,Canada Goose,data/new_raw/images/05db6484-96d7-43e8-802b-cb155085f983.jpg
3e6427a3-77eb-4a4c-9c4e-dc1a24fd21ca,https://inaturalist-open-data.s3.amazonaws.com/photos/8838019/medium.jpeg,144537,Caspian Tern,data/new_raw/images/3e6427a3-77eb-4a4c-9c4e-dc1a24fd21ca.jpg
55796893-fa9b-4632-aa4e-0c97b754d4e7,https://inaturalist-open-data.s3.amazonaws.com/photos/8838033/medium.jpeg,13858,House Sparrow,data/new_raw/images/55796893-fa9b-4632-aa4e-0c97b754d4e7.jpg
46ea819e-da9a-431e-ad0d-979ff30b345d,https://inaturalist-open-data.s3.amazonaws.com/photos/8861197/medium.jpeg,43111,Eastern Cottontail,data/new_raw/images/46ea819e-da9a-431e-ad0d-979ff30b345d.jpg
769b9f5d-8518-476b-ae20-72dd693de3cb,https://inaturalist-open-data.s3.amazonaws.com/photos/8885848/medium.jpg,6930,Mallard,data/new_raw/images/769b9f5d-8518-476b-ae20-72dd693de3cb.jpg
93a7e69b-17a1-454c-9279-58b76bdf1c9f,https://inaturalist-open-data.s3.amazonaws.com/photos/8886031/medium.jpg,122767,Feral Pigeon,data/new_raw/images/93a7e69b-17a1-454c-9279-58b76bdf1c9f.jpg
5f8f59a6-c49e-4130-bc21-3955b875cd9e,https://inaturalist-open-data.s3.amazonaws.com/photos/8894475/medium.jpg,19349,Monk Parakeet,data/new_raw/images/5f8f59a6-c49e-4130-bc21-3955b875cd9e.jpg
2803165c-47a2-4a1a-9204-39db80fedb91,https://static.inaturalist.org/photos/8900953/medium.jpg,4981,Black-crowned Night Heron,data/new_raw/images/2803165c-47a2-4a1a-9204-39db80fedb91.jpg
8566dd9d-8607-4336-83bc-90535b21d3e4,https://inaturalist-open-data.s3.amazonaws.com/photos/8915137/medium.jpg,792988,Downy Woodpecker,data/new_raw/images/8566dd9d-8607-4336-83bc-90535b21d3e4.jpg
cc0c253e-8936-4a65-83fc-ef90fe00b48e,https://inaturalist-open-data.s3.amazonaws.com/photos/8951853/medium.jpg,4793,Killdeer,data/new_raw/images/cc0c253e-8936-4a65-83fc-ef90fe00b48e.jpg
5ee96670-92e0-4b7f-96e7-188140469d10,https://inaturalist-open-data.s3.amazonaws.com/photos/8951892/medium.jpg,11901,Barn Swallow,data/new_raw/images/5ee96670-92e0-4b7f-96e7-188140469d10.jpg
85afc393-1d59-433d-983e-800fd7241f79,https://inaturalist-open-data.s3.amazonaws.com/photos/9032682/medium.jpg,9744,Red-winged Blackbird,data/new_raw/images/85afc393-1d59-433d-983e-800fd7241f79.jpg
16154099-0543-42bb-986e-cf821766b76e,https://inaturalist-open-data.s3.amazonaws.com/photos/9035373/medium.jpg,40522,Eastern Red Bat,data/new_raw/images/16154099-0543-42bb-986e-cf821766b76e.jpg
43f3e980-e8dc-40fe-9f81-e16685de6c42,https://inaturalist-open-data.s3.amazonaws.com/photos/9041312/medium.jpg,43111,Eastern Cottontail,data/new_raw/images/43f3e980-e8dc-40fe-9f81-e16685de6c42.jpg
bdde8f4c-0905-40fb-8b64-39fd57282765,https://inaturalist-open-data.s3.amazonaws.com/photos/9053723/medium.jpg,6996,Red-breasted Merganser,data/new_raw/images/bdde8f4c-0905-40fb-8b64-39fd57282765.jpg
d3fbd833-8904-44ab-b4f9-deecce863fb8,https://inaturalist-open-data.s3.amazonaws.com/photos/9057569/medium.jpg,46217,Eastern Chipmunk,data/new_raw/images/d3fbd833-8904-44ab-b4f9-deecce863fb8.jpg
f7a021b1-b04f-4186-8553-386f8f88f4f5,https://inaturalist-open-data.s3.amazonaws.com/photos/9058545/medium.jpeg,43111,Eastern Cottontail,data/new_raw/images/f7a021b1-b04f-4186-8553-386f8f88f4f5.jpg
51229cb0-ec37-4779-a8c8-5db4ad6af916,https://inaturalist-open-data.s3.amazonaws.com/photos/9058552/medium.jpeg,8021,American Crow,data/new_raw/images/51229cb0-ec37-4779-a8c8-5db4ad6af916.jpg
54347a5c-f8f6-4682-8606-18fda5a3f741,https://inaturalist-open-data.s3.amazonaws.com/photos/9132164/medium.jpeg,14850,European Starling,data/new_raw/images/54347a5c-f8f6-4682-8606-18fda5a3f741.jpg
612f00d9-8c71-4eee-92d3-50dfb3607674,https://inaturalist-open-data.s3.amazonaws.com/photos/9132187/medium.jpeg,12727,American Robin,data/new_raw/images/612f00d9-8c71-4eee-92d3-50dfb3607674.jpg
f17600be-8a6e-4fec-ab29-84ab567088a3,https://inaturalist-open-data.s3.amazonaws.com/photos/9132310/medium.jpeg,13858,House Sparrow,data/new_raw/images/f17600be-8a6e-4fec-ab29-84ab567088a3.jpg
0f55c839-c835-4881-af96-2274c205813c,https://inaturalist-open-data.s3.amazonaws.com/photos/9151776/medium.jpg,145310,American Goldfinch,data/new_raw/images/0f55c839-c835-4881-af96-2274c205813c.jpg
b03f34bb-deea-4ff6-9031-2fb8d8095da4,https://static.inaturalist.org/photos/9164992/medium.jpg,11970,Northern Rough-winged Swallow,data/new_raw/images/b03f34bb-deea-4ff6-9031-2fb8d8095da4.jpg
5b201fd7-6548-4ea4-9457-509511dd480a,https://inaturalist-open-data.s3.amazonaws.com/photos/9247735/medium.jpeg,3849,Sanderling,data/new_raw/images/5b201fd7-6548-4ea4-9457-509511dd480a.jpg
d555445c-e4a9-4bc0-bd6a-cc2f1428e309,https://inaturalist-open-data.s3.amazonaws.com/photos/9247759/medium.jpeg,4798,Piping Plover,data/new_raw/images/d555445c-e4a9-4bc0-bd6a-cc2f1428e309.jpg
d8875997-e5bf-4f8f-97ca-a9e87fddeaaf,https://inaturalist-open-data.s3.amazonaws.com/photos/9254761/medium.jpg,43111,Eastern Cottontail,data/new_raw/images/d8875997-e5bf-4f8f-97ca-a9e87fddeaaf.jpg
d45a9a0e-70da-4a64-b045-8e7aa947a6fe,https://inaturalist-open-data.s3.amazonaws.com/photos/9255160/medium.jpeg,199840,House Finch,data/new_raw/images/d45a9a0e-70da-4a64-b045-8e7aa947a6fe.jpg
abc56618-c0cd-4ba3-8c95-bafb6e20b2a3,https://inaturalist-open-data.s3.amazonaws.com/photos/9260638/medium.jpeg,4798,Piping Plover,data/new_raw/images/abc56618-c0cd-4ba3-8c95-bafb6e20b2a3.jpg
2ee6c971-d2a6-4430-999d-99ab74fccb15,https://inaturalist-open-data.s3.amazonaws.com/photos/9274209/medium.jpg,41663,Common Raccoon,data/new_raw/images/2ee6c971-d2a6-4430-999d-99ab74fccb15.jpg
19b9d978-7760-4da6-842c-b467335812b5,https://inaturalist-open-data.s3.amazonaws.com/photos/9319762/medium.jpeg,42043,Canids,data/new_raw/images/19b9d978-7760-4da6-842c-b467335812b5.jpg
3776426e-a6cc-4c6a-b5ba-560787c61baf,https://static.inaturalist.org/photos/9331685/medium.jpg,4364,Ring-billed Gull,data/new_raw/images/3776426e-a6cc-4c6a-b5ba-560787c61baf.jpg
3c0c63af-1f46-4053-a5b2-d4b0469d082d,https://static.inaturalist.org/photos/9341245/medium.jpg,43584,Human,data/new_raw/images/3c0c63af-1f46-4053-a5b2-d4b0469d082d.jpg
00d859a9-e38f-42b7-ab29-9feb5588e89b,https://static.inaturalist.org/photos/9342150/medium.jpg,6432,Ruby-throated Hummingbird,data/new_raw/images/00d859a9-e38f-42b7-ab29-9feb5588e89b.jpg
0b5cd1ae-2370-4b65-b274-ef830cd30225,https://static.inaturalist.org/photos/9343294/medium.jpg,43584,Human,data/new_raw/images/0b5cd1ae-2370-4b65-b274-ef830cd30225.jpg
40253539-828a-4c75-8132-b701c9dcf210,https://static.inaturalist.org/photos/9348082/medium.jpg,43584,Human,data/new_raw/images/40253539-828a-4c75-8132-b701c9dcf210.jpg
9234bb3a-49d0-4c6f-803e-6e33c1326223,https://static.inaturalist.org/photos/9560071/medium.jpg,43584,Human,data/new_raw/images/9234bb3a-49d0-4c6f-803e-6e33c1326223.jpg
d0431191-cedf-42d8-b023-d4d5ab77281a,https://inaturalist-open-data.s3.amazonaws.com/photos/9368355/medium.jpeg,144537,Caspian Tern,data/new_raw/images/d0431191-cedf-42d8-b023-d4d5ab77281a.jpg
7af3e3c7-7a60-4a89-8adf-ae2c53256d32,https://static.inaturalist.org/photos/9370822/medium.jpg,9744,Red-winged Blackbird,data/new_raw/images/7af3e3c7-7a60-4a89-8adf-ae2c53256d32.jpg
bf8cb4f0-7c79-4cf7-91bc-98bd4c81c0c9,https://inaturalist-open-data.s3.amazonaws.com/photos/9382033/medium.jpeg,12727,American Robin,data/new_raw/images/bf8cb4f0-7c79-4cf7-91bc-98bd4c81c0c9.jpg
6ded0675-a3aa-44f9-a9cc-8ba9f14a59fc,https://inaturalist-open-data.s3.amazonaws.com/photos/9386146/medium.jpg,42223,White-tailed Deer,data/new_raw/images/6ded0675-a3aa-44f9-a9cc-8ba9f14a59fc.jpg
80fa13f4-8775-411d-b454-0fc2632c5802,https://static.inaturalist.org/photos/9389701/medium.jpg,41461,Beluga,data/new_raw/images/80fa13f4-8775-411d-b454-0fc2632c5802.jpg
9d966074-ec6d-4148-9781-fbd9c3c5f06b,https://inaturalist-open-data.s3.amazonaws.com/photos/9393735/medium.jpg,42223,White-tailed Deer,data/new_raw/images/9d966074-ec6d-4148-9781-fbd9c3c5f06b.jpg
18d6dfcf-93da-4696-90c7-52100e5d45ea,https://inaturalist-open-data.s3.amazonaws.com/photos/9400807/medium.jpg,8021,American Crow,data/new_raw/images/18d6dfcf-93da-4696-90c7-52100e5d45ea.jpg
38ae02d7-1be2-4a67-83d2-3821d71e25ac,https://inaturalist-open-data.s3.amazonaws.com/photos/9400826/medium.jpg,46017,Eastern Gray Squirrel,data/new_raw/images/38ae02d7-1be2-4a67-83d2-3821d71e25ac.jpg
77b08a29-5346-4ccb-b547-27313f270963,https://inaturalist-open-data.s3.amazonaws.com/photos/9400833/medium.jpg,46017,Eastern Gray Squirrel,data/new_raw/images/77b08a29-5346-4ccb-b547-27313f270963.jpg
af2cae9d-fe83-4896-a82c-c0dad8df8761,https://inaturalist-open-data.s3.amazonaws.com/photos/9400892/medium.jpg,7109,Hooded Merganser,data/new_raw/images/af2cae9d-fe83-4896-a82c-c0dad8df8761.jpg
4f75a5f9-c546-4e15-a9b4-2ace84777e8f,https://inaturalist-open-data.s3.amazonaws.com/photos/9400898/medium.jpg,1579017,Cooper's Hawk,data/new_raw/images/4f75a5f9-c546-4e15-a9b4-2ace84777e8f.jpg
da93350a-95e4-40ee-be51-f7a34f64b29f,https://inaturalist-open-data.s3.amazonaws.com/photos/9400906/medium.jpg,1579017,Cooper's Hawk,data/new_raw/images/da93350a-95e4-40ee-be51-f7a34f64b29f.jpg
866ca70f-adce-48bd-b151-afdede8c64e5,https://inaturalist-open-data.s3.amazonaws.com/photos/9401284/medium.jpg,7089,Canada Goose,data/new_raw/images/866ca70f-adce-48bd-b151-afdede8c64e5.jpg
8ecf016c-80dc-445f-9edd-14059ce9f172,https://inaturalist-open-data.s3.amazonaws.com/photos/9401430/medium.jpg,6930,Mallard,data/new_raw/images/8ecf016c-80dc-445f-9edd-14059ce9f172.jpg
424d8127-3d7d-4898-a4c5-a3a3afe82f5d,https://inaturalist-open-data.s3.amazonaws.com/photos/9401589/medium.jpg,7109,Hooded Merganser,data/new_raw/images/424d8127-3d7d-4898-a4c5-a3a3afe82f5d.jpg
206d9d91-3bee-4bbc-bef7-dbf76f34cb4a,https://inaturalist-open-data.s3.amazonaws.com/photos/9401607/medium.jpg,9083,Northern Cardinal,data/new_raw/images/206d9d91-3bee-4bbc-bef7-dbf76f34cb4a.jpg
d463f07c-8218-4a02-9a9c-9e38b54f3ef2,https://inaturalist-open-data.s3.amazonaws.com/photos/9402165/medium.jpg,145310,American Goldfinch,data/new_raw/images/d463f07c-8218-4a02-9a9c-9e38b54f3ef2.jpg
21be9886-e13d-4ce0-a016-8f315dd0059d,https://static.inaturalist.org/photos/9421195/medium.jpg,5212,Red-tailed Hawk,data/new_raw/images/21be9886-e13d-4ce0-a016-8f315dd0059d.jpg
76b35edd-b152-4245-924c-616dae6e07e6,https://inaturalist-open-data.s3.amazonaws.com/photos/9423587/medium.jpg,41663,Common Raccoon,data/new_raw/images/76b35edd-b152-4245-924c-616dae6e07e6.jpg
4a264228-2fe4-46e3-8333-dd674ba53695,https://inaturalist-open-data.s3.amazonaws.com/photos/9440917/medium.jpeg,4793,Killdeer,data/new_raw/images/4a264228-2fe4-46e3-8333-dd674ba53695.jpg
0f705319-0dac-4a5a-ac1c-5cb395eba847,https://static.inaturalist.org/photos/9447163/medium.jpg,9981,Savannah Sparrow,data/new_raw/images/0f705319-0dac-4a5a-ac1c-5cb395eba847.jpg
8b414038-4382-4ea6-887f-9522b8728de0,https://static.inaturalist.org/photos/9447190/medium.jpg,1454382,Double-crested Cormorant,data/new_raw/images/8b414038-4382-4ea6-887f-9522b8728de0.jpg
0ee2b382-fd34-4b3a-93f7-0dcdcf8962a3,https://static.inaturalist.org/photos/9447157/medium.jpg,11935,Tree Swallow,data/new_raw/images/0ee2b382-fd34-4b3a-93f7-0dcdcf8962a3.jpg
893638a9-e3b8-4ba0-ab38-bb245d44de29,https://static.inaturalist.org/photos/9447158/medium.jpg,10676,Dickcissel,data/new_raw/images/893638a9-e3b8-4ba0-ab38-bb245d44de29.jpg
81008064-9877-4de3-abcf-1e35e8f9fcff,https://static.inaturalist.org/photos/9447159/medium.jpg,10676,Dickcissel,data/new_raw/images/81008064-9877-4de3-abcf-1e35e8f9fcff.jpg
68967ec8-8931-4527-a0f3-ae52a01618e7,https://static.inaturalist.org/photos/9464992/medium.jpg,43111,Eastern Cottontail,data/new_raw/images/68967ec8-8931-4527-a0f3-ae52a01618e7.jpg
533d3047-7095-44f7-8c08-7d927010adc7,https://static.inaturalist.org/photos/9465007/medium.jpg,9083,Northern Cardinal,data/new_raw/images/533d3047-7095-44f7-8c08-7d927010adc7.jpg
767afa98-35a4-420e-8db2-b8e516af05e4,https://static.inaturalist.org/photos/9465086/medium.jpg,12727,American Robin,data/new_raw/images/767afa98-35a4-420e-8db2-b8e516af05e4.jpg
b7f7416b-8b61-428f-8bd4-5087350ee017,https://static.inaturalist.org/photos/9465200/medium.jpg,4956,Great Blue Heron,data/new_raw/images/b7f7416b-8b61-428f-8bd4-5087350ee017.jpg
d5d0da9b-5b42-4273-ae6e-5b9430f91ff2,https://inaturalist-open-data.s3.amazonaws.com/photos/9492694/medium.jpeg,9083,Northern Cardinal,data/new_raw/images/d5d0da9b-5b42-4273-ae6e-5b9430f91ff2.jpg
19f15826-bcea-45ec-acf3-9f9628b6768c,https://inaturalist-open-data.s3.amazonaws.com/photos/9493044/medium.jpg,3454,Mourning Dove,data/new_raw/images/19f15826-bcea-45ec-acf3-9f9628b6768c.jpg
80d425f0-bf0f-4f83-bffd-a5eadd9b18a1,https://static.inaturalist.org/photos/9505009/medium.jpg,6571,Chimney Swift,data/new_raw/images/80d425f0-bf0f-4f83-bffd-a5eadd9b18a1.jpg
fdcea06d-f79d-4d20-9e50-0bb1a3a4cff7,https://inaturalist-open-data.s3.amazonaws.com/photos/9508948/medium.jpeg,3862,Semipalmated Sandpiper,data/new_raw/images/fdcea06d-f79d-4d20-9e50-0bb1a3a4cff7.jpg
d1f204b4-0ba7-4de0-81d8-203e72f86a96,https://inaturalist-open-data.s3.amazonaws.com/photos/9526263/medium.jpg,8021,American Crow,data/new_raw/images/d1f204b4-0ba7-4de0-81d8-203e72f86a96.jpg
40f7f42d-0e34-4de3-afad-18ba9bd2a3dc,https://inaturalist-open-data.s3.amazonaws.com/photos/9526342/medium.jpg,122767,Feral Pigeon,data/new_raw/images/40f7f42d-0e34-4de3-afad-18ba9bd2a3dc.jpg
ead2bded-2e75-48bf-817e-93d5c879d9ed,https://inaturalist-open-data.s3.amazonaws.com/photos/9532066/medium.jpg,4364,Ring-billed Gull,data/new_raw/images/ead2bded-2e75-48bf-817e-93d5c879d9ed.jpg
497a5e54-b45f-4605-b464-59a9fd605ec7,https://inaturalist-open-data.s3.amazonaws.com/photos/9532077/medium.jpg,4364,Ring-billed Gull,data/new_raw/images/497a5e54-b45f-4605-b464-59a9fd605ec7.jpg
cc52fc4b-e318-4ba5-9fd6-cb2cdcc0226c,https://inaturalist-open-data.s3.amazonaws.com/photos/41726090/medium.jpg,10431,Connecticut Warbler,data/new_raw/images/cc52fc4b-e318-4ba5-9fd6-cb2cdcc0226c.jpg
7a522fd6-b947-41d7-86cf-1189ea59e84c,https://static.inaturalist.org/photos/9550174/medium.jpg,4981,Black-crowned Night Heron,data/new_raw/images/7a522fd6-b947-41d7-86cf-1189ea59e84c.jpg
394d720c-6069-4b61-8b60-7cd2e28becc1,https://static.inaturalist.org/photos/9550716/medium.jpg,13858,House Sparrow,data/new_raw/images/394d720c-6069-4b61-8b60-7cd2e28becc1.jpg
62e5a816-e791-495e-a7d9-82ae693cd14c,https://static.inaturalist.org/photos/9550760/medium.jpg,4956,Great Blue Heron,data/new_raw/images/62e5a816-e791-495e-a7d9-82ae693cd14c.jpg
156e6845-0560-4ebc-9a52-446288ddfc11,https://inaturalist-open-data.s3.amazonaws.com/photos/9553653/medium.jpeg,6930,Mallard,data/new_raw/images/156e6845-0560-4ebc-9a52-446288ddfc11.jpg
cc377015-cca1-40e2-8250-086771cfeef3,https://inaturalist-open-data.s3.amazonaws.com/photos/9554000/medium.jpeg,145258,Black-throated Green Warbler,data/new_raw/images/cc377015-cca1-40e2-8250-086771cfeef3.jpg
d9e7cdea-375c-477f-bf75-ef2c61b51159,https://inaturalist-open-data.s3.amazonaws.com/photos/9554009/medium.jpeg,199916,Black-throated Blue Warbler,data/new_raw/images/d9e7cdea-375c-477f-bf75-ef2c61b51159.jpg
aa3fba93-a30b-42dd-b4da-00c98f3e93b9,https://inaturalist-open-data.s3.amazonaws.com/photos/9554120/medium.jpeg,145275,Canada Warbler,data/new_raw/images/aa3fba93-a30b-42dd-b4da-00c98f3e93b9.jpg
9039d466-b0b2-4483-ab38-21aedc50a840,https://inaturalist-open-data.s3.amazonaws.com/photos/9554137/medium.jpeg,145231,Cape May Warbler,data/new_raw/images/9039d466-b0b2-4483-ab38-21aedc50a840.jpg
350c966b-688f-4602-be52-4371128407a0,https://inaturalist-open-data.s3.amazonaws.com/photos/9554690/medium.jpeg,14801,White-breasted Nuthatch,data/new_raw/images/350c966b-688f-4602-be52-4371128407a0.jpg
dd303407-7d64-4620-b306-be632e538c6c,https://inaturalist-open-data.s3.amazonaws.com/photos/9554797/medium.jpeg,7493,Blue-gray Gnatcatcher,data/new_raw/images/dd303407-7d64-4620-b306-be632e538c6c.jpg
d17ba2b2-3dbb-45de-b731-cb71d66bd07a,https://inaturalist-open-data.s3.amazonaws.com/photos/9554935/medium.jpeg,46017,Eastern Gray Squirrel,data/new_raw/images/d17ba2b2-3dbb-45de-b731-cb71d66bd07a.jpg
07d939e1-0327-4288-a79f-2df14ecfe910,https://inaturalist-open-data.s3.amazonaws.com/photos/9556600/medium.jpeg,145240,Blackpoll Warbler,data/new_raw/images/07d939e1-0327-4288-a79f-2df14ecfe910.jpg
2e7eb6c8-36bf-44b7-af5c-33193aef2a76,https://inaturalist-open-data.s3.amazonaws.com/photos/9562600/medium.jpg,12727,American Robin,data/new_raw/images/2e7eb6c8-36bf-44b7-af5c-33193aef2a76.jpg
de7883da-257c-4111-a0ed-64ee3399c350,https://inaturalist-open-data.s3.amazonaws.com/photos/9562646/medium.jpg,46017,Eastern Gray Squirrel,data/new_raw/images/de7883da-257c-4111-a0ed-64ee3399c350.jpg
7e83fa09-3563-4611-a6d8-96540370a8cb,https://inaturalist-open-data.s3.amazonaws.com/photos/9562652/medium.jpg,4956,Great Blue Heron,data/new_raw/images/7e83fa09-3563-4611-a6d8-96540370a8cb.jpg
d499fe82-af1b-4384-a1db-11219152a50b,https://inaturalist-open-data.s3.amazonaws.com/photos/9562662/medium.jpg,792988,Downy Woodpecker,data/new_raw/images/d499fe82-af1b-4384-a1db-11219152a50b.jpg
05f62e73-23d0-4f3f-9b39-346aae60d6a6,https://inaturalist-open-data.s3.amazonaws.com/photos/9562689/medium.jpg,12727,American Robin,data/new_raw/images/05f62e73-23d0-4f3f-9b39-346aae60d6a6.jpg
03e8b723-ca02-4aa4-96de-698a6c2365eb,https://static.inaturalist.org/photos/9567526/medium.jpg,8021,American Crow,data/new_raw/images/03e8b723-ca02-4aa4-96de-698a6c2365eb.jpg
63168f3b-2603-49fe-a835-31a23eb4b088,https://inaturalist-open-data.s3.amazonaws.com/photos/9568038/medium.jpg,558439,Gadwall,data/new_raw/images/63168f3b-2603-49fe-a835-31a23eb4b088.jpg
58b636bd-8c94-4d94-94b8-3fca3dda6f41,https://static.inaturalist.org/photos/9578258/medium.jpg,4981,Black-crowned Night Heron,data/new_raw/images/58b636bd-8c94-4d94-94b8-3fca3dda6f41.jpg
ccc2c9b6-0416-4455-9242-c1dde6d407b6,https://static.inaturalist.org/photos/9578308/medium.jpg,4956,Great Blue Heron,data/new_raw/images/ccc2c9b6-0416-4455-9242-c1dde6d407b6.jpg
aa86973d-6cdd-4299-83ee-c7cfe777c08b,https://static.inaturalist.org/photos/9578430/medium.jpg,1454382,Double-crested Cormorant,data/new_raw/images/aa86973d-6cdd-4299-83ee-c7cfe777c08b.jpg
6bb2a4f5-0eb3-4ca7-9031-1dd084409295,https://static.inaturalist.org/photos/9578583/medium.jpg,5020,Green Heron,data/new_raw/images/6bb2a4f5-0eb3-4ca7-9031-1dd084409295.jpg
eb02757f-df8d-4483-818f-c1f9b04de32f,https://static.inaturalist.org/photos/9579269/medium.jpg,5020,Green Heron,data/new_raw/images/eb02757f-df8d-4483-818f-c1f9b04de32f.jpg
0ac9d3b8-0d49-497f-8bf7-d49c37f8a43a,https://inaturalist-open-data.s3.amazonaws.com/photos/9595643/medium.jpg,43584,Human,data/new_raw/images/0ac9d3b8-0d49-497f-8bf7-d49c37f8a43a.jpg
3ddc4b38-7375-4a4a-b8d9-d2168e100ca5,https://static.inaturalist.org/photos/9611895/medium.jpg,3954,Marbled Godwit,data/new_raw/images/3ddc4b38-7375-4a4a-b8d9-d2168e100ca5.jpg
f7c308ed-0174-4c6e-b382-3a9ba6e8b4e9,https://static.inaturalist.org/photos/9622991/medium.jpg,46017,Eastern Gray Squirrel,data/new_raw/images/f7c308ed-0174-4c6e-b382-3a9ba6e8b4e9.jpg
09572b60-911d-442a-ad27-9bdbdc6a4937,https://static.inaturalist.org/photos/9623178/medium.jpg,7107,Wood Duck,data/new_raw/images/09572b60-911d-442a-ad27-9bdbdc6a4937.jpg
2de5c814-9498-458a-927d-5a0b21c3a895,https://inaturalist-open-data.s3.amazonaws.com/photos/9637257/medium.jpg,145310,American Goldfinch,data/new_raw/images/2de5c814-9498-458a-927d-5a0b21c3a895.jpg
75d8421e-91b9-4a44-9300-1f5773583645,https://inaturalist-open-data.s3.amazonaws.com/photos/9664286/medium.jpg,792988,Downy Woodpecker,data/new_raw/images/75d8421e-91b9-4a44-9300-1f5773583645.jpg
47939384-ae47-4e65-a9e7-00e193c0f745,https://inaturalist-open-data.s3.amazonaws.com/photos/9684685/medium.jpg,145310,American Goldfinch,data/new_raw/images/47939384-ae47-4e65-a9e7-00e193c0f745.jpg
81823fd0-fad9-41c3-b2bb-d091aa352661,https://inaturalist-open-data.s3.amazonaws.com/photos/9691109/medium.jpg,145310,American Goldfinch,data/new_raw/images/81823fd0-fad9-41c3-b2bb-d091aa352661.jpg
0b0eb6b6-b867-4771-857e-f2862e1d5e40,https://inaturalist-open-data.s3.amazonaws.com/photos/9698207/medium.jpg,46017,Eastern Gray Squirrel,data/new_raw/images/0b0eb6b6-b867-4771-857e-f2862e1d5e40.jpg
df8536f2-c4d9-491d-aaa7-248e0463a825,https://inaturalist-open-data.s3.amazonaws.com/photos/9698264/medium.jpg,46017,Eastern Gray Squirrel,data/new_raw/images/df8536f2-c4d9-491d-aaa7-248e0463a825.jpg
1b171346-7929-4c3e-bb87-2814f2d89705,https://inaturalist-open-data.s3.amazonaws.com/photos/9735453/medium.jpg,42223,White-tailed Deer,data/new_raw/images/1b171346-7929-4c3e-bb87-2814f2d89705.jpg
2266a470-1650-482f-8a1f-10196c0b5fd9,https://inaturalist-open-data.s3.amazonaws.com/photos/9736398/medium.jpg,4956,Great Blue Heron,data/new_raw/images/2266a470-1650-482f-8a1f-10196c0b5fd9.jpg
53fb7820-9525-4d06-85a6-df3353dede6a,https://inaturalist-open-data.s3.amazonaws.com/photos/9740466/medium.jpg,10227,Indigo Bunting,data/new_raw/images/53fb7820-9525-4d06-85a6-df3353dede6a.jpg
998b0ea1-1bb7-49ed-89c4-b871fade07ab,https://static.inaturalist.org/photos/9774962/medium.jpeg,3,Birds,data/new_raw/images/998b0ea1-1bb7-49ed-89c4-b871fade07ab.jpg
1dffb15d-b8d4-476a-89ed-d420f725b61e,https://static.inaturalist.org/photos/9786285/medium.jpg,7089,Canada Goose,data/new_raw/images/1dffb15d-b8d4-476a-89ed-d420f725b61e.jpg
e510ddce-150a-47ee-a70d-01d3cf699291,https://inaturalist-open-data.s3.amazonaws.com/photos/9822863/medium.jpg,4364,Ring-billed Gull,data/new_raw/images/e510ddce-150a-47ee-a70d-01d3cf699291.jpg
3ec4155a-531e-4101-a76d-1f1bab57c11c,https://static.inaturalist.org/photos/9863830/medium.jpg,145310,American Goldfinch,data/new_raw/images/3ec4155a-531e-4101-a76d-1f1bab57c11c.jpg
f80ae639-c9f0-437b-be49-c7efc4961f39,https://static.inaturalist.org/photos/9864802/medium.jpg,47144,Domestic Dog,data/new_raw/images/f80ae639-c9f0-437b-be49-c7efc4961f39.jpg
b30ae89e-3913-47df-9a06-4f2fa3067f20,https://inaturalist-open-data.s3.amazonaws.com/photos/9868219/medium.jpg,43794,American Beaver,data/new_raw/images/b30ae89e-3913-47df-9a06-4f2fa3067f20.jpg
2a0414cf-5f3c-45a3-ad54-75fe63d6869c,https://inaturalist-open-data.s3.amazonaws.com/photos/9876075/medium.jpeg,792988,Downy Woodpecker,data/new_raw/images/2a0414cf-5f3c-45a3-ad54-75fe63d6869c.jpg
d8e92524-58f9-443c-9a4c-d276c799f73a,https://inaturalist-open-data.s3.amazonaws.com/photos/9876126/medium.jpeg,6930,Mallard,data/new_raw/images/d8e92524-58f9-443c-9a4c-d276c799f73a.jpg
1fb62fad-b796-49ea-9c79-5d8afbfcd344,https://static.inaturalist.org/photos/9887070/medium.jpg,46017,Eastern Gray Squirrel,data/new_raw/images/1fb62fad-b796-49ea-9c79-5d8afbfcd344.jpg
1cad9adf-f800-47ce-b2d7-fac8a8386aed,https://static.inaturalist.org/photos/9888009/medium.jpg,122767,Feral Pigeon,data/new_raw/images/1cad9adf-f800-47ce-b2d7-fac8a8386aed.jpg
fa477375-4994-4bd5-8416-3ebe518e1260,https://static.inaturalist.org/photos/9895610/medium.jpg,46017,Eastern Gray Squirrel,data/new_raw/images/fa477375-4994-4bd5-8416-3ebe518e1260.jpg
4760b10b-3aad-486f-a6cb-b419bcc28586,https://static.inaturalist.org/photos/9915554/medium.jpg,11867,Purple Martin,data/new_raw/images/4760b10b-3aad-486f-a6cb-b419bcc28586.jpg
90b74af2-bc00-4bbe-b437-68417631c766,https://static.inaturalist.org/photos/9915925/medium.jpeg,122767,Feral Pigeon,data/new_raw/images/90b74af2-bc00-4bbe-b437-68417631c766.jpg
7748bf74-29b6-4e38-86e4-56b734e6e65e,https://static.inaturalist.org/photos/9916070/medium.jpeg,46017,Eastern Gray Squirrel,data/new_raw/images/7748bf74-29b6-4e38-86e4-56b734e6e65e.jpg
a329b975-7259-4404-a529-d43cb116bfff,https://static.inaturalist.org/photos/9916981/medium.jpeg,122767,Feral Pigeon,data/new_raw/images/a329b975-7259-4404-a529-d43cb116bfff.jpg
aef77937-043e-44e2-b369-6e9fafefd52d,https://static.inaturalist.org/photos/9917076/medium.jpeg,46017,Eastern Gray Squirrel,data/new_raw/images/aef77937-043e-44e2-b369-6e9fafefd52d.jpg
2ae06a0f-2ff8-4075-9401-870d4f79bcc4,https://static.inaturalist.org/photos/9918583/medium.jpeg,122767,Feral Pigeon,data/new_raw/images/2ae06a0f-2ff8-4075-9401-870d4f79bcc4.jpg
a80e2c94-1d2e-4d8a-9ce1-94fefb972a60,https://inaturalist-open-data.s3.amazonaws.com/photos/9923414/medium.jpeg,4793,Killdeer,data/new_raw/images/a80e2c94-1d2e-4d8a-9ce1-94fefb972a60.jpg
00c4c6a3-d572-4f0e-bde4-1c86af80e464,https://static.inaturalist.org/photos/9933451/medium.jpg,4364,Ring-billed Gull,data/new_raw/images/00c4c6a3-d572-4f0e-bde4-1c86af80e464.jpg
c8c7c1eb-f8f9-4991-999e-b51178bc21ac,https://inaturalist-open-data.s3.amazonaws.com/photos/9938512/medium.jpg,4956,Great Blue Heron,data/new_raw/images/c8c7c1eb-f8f9-4991-999e-b51178bc21ac.jpg
fd4a2e71-c142-49f1-a2e5-209d2c74c599,https://static.inaturalist.org/photos/9962893/medium.jpg,43111,Eastern Cottontail,data/new_raw/images/fd4a2e71-c142-49f1-a2e5-209d2c74c599.jpg
ae95a305-7b2d-4024-9e9a-6aa6ee9cce3d,https://static.inaturalist.org/photos/9976852/medium.jpg,4956,Great Blue Heron,data/new_raw/images/ae95a305-7b2d-4024-9e9a-6aa6ee9cce3d.jpg
d97b3609-631f-4857-bfd9-4419a1086731,https://inaturalist-open-data.s3.amazonaws.com/photos/9997754/medium.jpeg,8021,American Crow,data/new_raw/images/d97b3609-631f-4857-bfd9-4419a1086731.jpg
3084a6c8-df68-4f16-b346-4b0ab3b069e7,https://inaturalist-open-data.s3.amazonaws.com/photos/10007298/medium.jpeg,4981,Black-crowned Night Heron,data/new_raw/images/3084a6c8-df68-4f16-b346-4b0ab3b069e7.jpg
6a337f1f-d182-48bc-9022-35a83296e91b,https://inaturalist-open-data.s3.amazonaws.com/photos/10010851/medium.jpg,42051,Coyote,data/new_raw/images/6a337f1f-d182-48bc-9022-35a83296e91b.jpg
d0303b2f-de5a-4e71-9764-6cfca3c86e9d,https://static.inaturalist.org/photos/10015429/medium.jpeg,4956,Great Blue Heron,data/new_raw/images/d0303b2f-de5a-4e71-9764-6cfca3c86e9d.jpg
b8d04d1a-e768-4805-8ea8-83cc62f687c0,https://inaturalist-open-data.s3.amazonaws.com/photos/10022407/medium.jpg,18236,Northern Flicker,data/new_raw/images/b8d04d1a-e768-4805-8ea8-83cc62f687c0.jpg
5c461cc7-e6ed-4ad1-88e8-aa48015ddcd5,https://inaturalist-open-data.s3.amazonaws.com/photos/10030339/medium.jpeg,14995,Gray Catbird,data/new_raw/images/5c461cc7-e6ed-4ad1-88e8-aa48015ddcd5.jpg
43aab708-1838-4d1b-8123-ba150606793e,https://inaturalist-open-data.s3.amazonaws.com/photos/10101048/medium.jpeg,19577,Common Nighthawk,data/new_raw/images/43aab708-1838-4d1b-8123-ba150606793e.jpg
70de7d60-7e7d-497a-b041-7f2bd5ff2147,https://inaturalist-open-data.s3.amazonaws.com/photos/10101828/medium.jpeg,3454,Mourning Dove,data/new_raw/images/70de7d60-7e7d-497a-b041-7f2bd5ff2147.jpg
b7daf56f-a63c-4684-9758-674fd02dafc8,https://static.inaturalist.org/photos/10123934/medium.jpg,122767,Feral Pigeon,data/new_raw/images/b7daf56f-a63c-4684-9758-674fd02dafc8.jpg
1241305d-6b52-48d9-ab4c-045f833f513a,https://static.inaturalist.org/photos/10154120/medium.jpg,19577,Common Nighthawk,data/new_raw/images/1241305d-6b52-48d9-ab4c-045f833f513a.jpg
85bac4eb-1971-4abf-ab94-1f9675579629,https://static.inaturalist.org/photos/10169678/medium.jpg,47144,Domestic Dog,data/new_raw/images/85bac4eb-1971-4abf-ab94-1f9675579629.jpg
f4cf25a0-a04f-4412-a2fd-d252fe6c1fdf,https://inaturalist-open-data.s3.amazonaws.com/photos/10182279/medium.jpg,11941,Bank Swallow,data/new_raw/images/f4cf25a0-a04f-4412-a2fd-d252fe6c1fdf.jpg
25d7dab4-5691-4342-9251-489286f92976,https://inaturalist-open-data.s3.amazonaws.com/photos/10202359/medium.jpg,507971,Domestic Budgerigar,data/new_raw/images/25d7dab4-5691-4342-9251-489286f92976.jpg
b3c5c688-9292-42a9-946a-293ecb8d5d11,https://inaturalist-open-data.s3.amazonaws.com/photos/10207274/medium.jpg,13858,House Sparrow,data/new_raw/images/b3c5c688-9292-42a9-946a-293ecb8d5d11.jpg
8187de39-4466-4288-b57e-3bc41d9f1eb8,https://inaturalist-open-data.s3.amazonaws.com/photos/10222254/medium.jpg,13858,House Sparrow,data/new_raw/images/8187de39-4466-4288-b57e-3bc41d9f1eb8.jpg
9652d558-b780-4d8b-ba8e-0348320c4136,https://static.inaturalist.org/photos/10235535/medium.jpg,1579017,Cooper's Hawk,data/new_raw/images/9652d558-b780-4d8b-ba8e-0348320c4136.jpg
f6cef44b-b967-4869-9a1c-13534a7647e3,https://static.inaturalist.org/photos/10246547/medium.jpg,13858,House Sparrow,data/new_raw/images/f6cef44b-b967-4869-9a1c-13534a7647e3.jpg
2ec8e41c-e20a-45f5-a2a5-8e354aefbcbe,https://inaturalist-open-data.s3.amazonaws.com/photos/10250414/medium.jpg,9083,Northern Cardinal,data/new_raw/images/2ec8e41c-e20a-45f5-a2a5-8e354aefbcbe.jpg
0af1f1ac-c0dc-4bcc-8017-a73bc6917ead,https://inaturalist-open-data.s3.amazonaws.com/photos/10256466/medium.jpeg,7428,Cedar Waxwing,data/new_raw/images/0af1f1ac-c0dc-4bcc-8017-a73bc6917ead.jpg
aac5d7a6-2459-41d3-94be-20256ba70cd6,https://inaturalist-open-data.s3.amazonaws.com/photos/10256520/medium.jpeg,891704,Red-eyed Vireo,data/new_raw/images/aac5d7a6-2459-41d3-94be-20256ba70cd6.jpg
b81eeeb2-4262-4b23-b90b-af4ca9293ad5,https://inaturalist-open-data.s3.amazonaws.com/photos/10256553/medium.jpeg,7562,Northern House Wren,data/new_raw/images/b81eeeb2-4262-4b23-b90b-af4ca9293ad5.jpg
140f4320-1342-440f-a354-e3be8a5543fd,https://inaturalist-open-data.s3.amazonaws.com/photos/10256659/medium.jpeg,9346,Baltimore Oriole,data/new_raw/images/140f4320-1342-440f-a354-e3be8a5543fd.jpg
aada0780-bfa8-4ec6-b90c-4453748c6552,https://inaturalist-open-data.s3.amazonaws.com/photos/10260585/medium.jpeg,46017,Eastern Gray Squirrel,data/new_raw/images/aada0780-bfa8-4ec6-b90c-4453748c6552.jpg
5728d5a4-eadf-450e-a15c-2435047e86a7,https://inaturalist-open-data.s3.amazonaws.com/photos/10260627/medium.jpeg,4817,Semipalmated Plover,data/new_raw/images/5728d5a4-eadf-450e-a15c-2435047e86a7.jpg
ee866dbb-27f8-4f7d-9617-45a8164a09df,https://inaturalist-open-data.s3.amazonaws.com/photos/10260652/medium.jpeg,145310,American Goldfinch,data/new_raw/images/ee866dbb-27f8-4f7d-9617-45a8164a09df.jpg
a75b843d-27d2-4df6-a7de-776570394cb1,https://inaturalist-open-data.s3.amazonaws.com/photos/10260661/medium.jpeg,6432,Ruby-throated Hummingbird,data/new_raw/images/a75b843d-27d2-4df6-a7de-776570394cb1.jpg
ea231bf2-871c-4de9-b319-5eb5598a2acf,https://inaturalist-open-data.s3.amazonaws.com/photos/10260667/medium.jpeg,145235,Magnolia Warbler,data/new_raw/images/ea231bf2-871c-4de9-b319-5eb5598a2acf.jpg
0a3e37a7-8a31-439a-a741-77304e2b772d,https://inaturalist-open-data.s3.amazonaws.com/photos/10266659/medium.jpg,12878,Swainson's Thrush,data/new_raw/images/0a3e37a7-8a31-439a-a741-77304e2b772d.jpg
32d06ed5-f4e0-4008-90bb-dec59f01dab3,https://inaturalist-open-data.s3.amazonaws.com/photos/10269588/medium.jpg,10246,Setophaga Warblers,data/new_raw/images/32d06ed5-f4e0-4008-90bb-dec59f01dab3.jpg
05407148-17fe-4a53-bfc6-2ccd31a35940,https://inaturalist-open-data.s3.amazonaws.com/photos/10269909/medium.jpeg,494355,Eastern Red-tailed Hawk,data/new_raw/images/05407148-17fe-4a53-bfc6-2ccd31a35940.jpg
8e6587a7-8051-4d40-afa9-9a967e52b395,https://inaturalist-open-data.s3.amazonaws.com/photos/10272280/medium.jpg,42051,Coyote,data/new_raw/images/8e6587a7-8051-4d40-afa9-9a967e52b395.jpg
9f98e670-28d9-49c7-998c-9b647179d398,https://inaturalist-open-data.s3.amazonaws.com/photos/10280776/medium.jpeg,145310,American Goldfinch,data/new_raw/images/9f98e670-28d9-49c7-998c-9b647179d398.jpg
8126af4c-7fd0-40c0-aa90-223f4dee9041,https://inaturalist-open-data.s3.amazonaws.com/photos/10288251/medium.jpg,7107,Wood Duck,data/new_raw/images/8126af4c-7fd0-40c0-aa90-223f4dee9041.jpg
31b39c49-df70-4453-8365-b48e4680fa7b,https://inaturalist-open-data.s3.amazonaws.com/photos/10292365/medium.jpeg,42223,White-tailed Deer,data/new_raw/images/31b39c49-df70-4453-8365-b48e4680fa7b.jpg
08a8bae5-1ba5-4772-93f5-8246d4fb33f9,https://inaturalist-open-data.s3.amazonaws.com/photos/10292836/medium.jpeg,7428,Cedar Waxwing,data/new_raw/images/08a8bae5-1ba5-4772-93f5-8246d4fb33f9.jpg
23db0cb7-2aa6-4bbf-b99a-b347203588d1,https://inaturalist-open-data.s3.amazonaws.com/photos/10292841/medium.jpeg,9721,Common Yellowthroat,data/new_raw/images/23db0cb7-2aa6-4bbf-b99a-b347203588d1.jpg
c40e18fa-b26e-477a-b490-7eab36249466,https://inaturalist-open-data.s3.amazonaws.com/photos/10322633/medium.jpg,46017,Eastern Gray Squirrel,data/new_raw/images/c40e18fa-b26e-477a-b490-7eab36249466.jpg
3ec7aff7-d179-479c-aad1-108c744c6588,https://inaturalist-open-data.s3.amazonaws.com/photos/10323413/medium.jpg,7107,Wood Duck,data/new_raw/images/3ec7aff7-d179-479c-aad1-108c744c6588.jpg
9294b218-1d46-41a5-b077-2490af9b9ffb,https://inaturalist-open-data.s3.amazonaws.com/photos/10330641/medium.jpeg,43794,American Beaver,data/new_raw/images/9294b218-1d46-41a5-b077-2490af9b9ffb.jpg
f232ae5b-0dc5-4b32-b006-4c2ff7bd4af2,https://inaturalist-open-data.s3.amazonaws.com/photos/10339051/medium.jpg,42652,Virginia Opossum,data/new_raw/images/f232ae5b-0dc5-4b32-b006-4c2ff7bd4af2.jpg
d3a60bc9-1277-4161-8be6-93d035f296c3,https://inaturalist-open-data.s3.amazonaws.com/photos/10343821/medium.jpg,6432,Ruby-throated Hummingbird,data/new_raw/images/d3a60bc9-1277-4161-8be6-93d035f296c3.jpg
590043d4-e30d-4d35-a474-a326b4bf64c1,https://static.inaturalist.org/photos/10354140/medium.jpeg,12878,Swainson's Thrush,data/new_raw/images/590043d4-e30d-4d35-a474-a326b4bf64c1.jpg
64d4197f-9078-487f-bcb6-e60c1e3f4cd5,https://inaturalist-open-data.s3.amazonaws.com/photos/10355160/medium.jpg,62550,Ovenbird,data/new_raw/images/64d4197f-9078-487f-bcb6-e60c1e3f4cd5.jpg
5938bc7d-8ce9-437e-b804-cd593f7ee287,https://inaturalist-open-data.s3.amazonaws.com/photos/10363341/medium.jpg,792988,Downy Woodpecker,data/new_raw/images/5938bc7d-8ce9-437e-b804-cd593f7ee287.jpg
816828ef-74d8-4e08-87b7-dda6adcd9915,https://inaturalist-open-data.s3.amazonaws.com/photos/10364239/medium.jpeg,4981,Black-crowned Night Heron,data/new_raw/images/816828ef-74d8-4e08-87b7-dda6adcd9915.jpg
b2728ea4-6ee9-495f-8703-ad887d996d73,https://inaturalist-open-data.s3.amazonaws.com/photos/10364334/medium.jpeg,4981,Black-crowned Night Heron,data/new_raw/images/b2728ea4-6ee9-495f-8703-ad887d996d73.jpg
e8582a3a-bc95-44a3-bbf0-65e4e9c5caae,https://inaturalist-open-data.s3.amazonaws.com/photos/10364459/medium.jpeg,13858,House Sparrow,data/new_raw/images/e8582a3a-bc95-44a3-bbf0-65e4e9c5caae.jpg
c30ee3ac-8e14-4e3e-944a-e82964342e72,https://inaturalist-open-data.s3.amazonaws.com/photos/10372346/medium.jpeg,1579017,Cooper's Hawk,data/new_raw/images/c30ee3ac-8e14-4e3e-944a-e82964342e72.jpg
0c73f0de-fa30-4b9a-8d51-7385b980ac84,https://inaturalist-open-data.s3.amazonaws.com/photos/10372457/medium.jpeg,891704,Red-eyed Vireo,data/new_raw/images/0c73f0de-fa30-4b9a-8d51-7385b980ac84.jpg
a7eb7113-8113-492d-b461-683abf729eb3,https://inaturalist-open-data.s3.amazonaws.com/photos/10372464/medium.jpeg,16100,Eastern Wood-Pewee,data/new_raw/images/a7eb7113-8113-492d-b461-683abf729eb3.jpg
0308dd67-e2f4-454e-a005-61e789303381,https://static.inaturalist.org/photos/10382397/medium.jpg,46017,Eastern Gray Squirrel,data/new_raw/images/0308dd67-e2f4-454e-a005-61e789303381.jpg
8964d63c-11bf-4a0b-87e4-94db785a113a,https://inaturalist-open-data.s3.amazonaws.com/photos/10386368/medium.jpg,9744,Red-winged Blackbird,data/new_raw/images/8964d63c-11bf-4a0b-87e4-94db785a113a.jpg
a63a7491-7baf-489b-b189-c38a7a3f73c9,https://static.inaturalist.org/photos/10388362/medium.jpeg,145310,American Goldfinch,data/new_raw/images/a63a7491-7baf-489b-b189-c38a7a3f73c9.jpg
9c5d5e2d-4d79-4c0e-aaad-f8806a76be9b,https://inaturalist-open-data.s3.amazonaws.com/photos/10398368/medium.jpeg,7107,Wood Duck,data/new_raw/images/9c5d5e2d-4d79-4c0e-aaad-f8806a76be9b.jpg
2dceb1d1-c4e4-4918-bd54-fdfe0a0585f0,https://inaturalist-open-data.s3.amazonaws.com/photos/10398376/medium.jpeg,144455,Great Egret,data/new_raw/images/2dceb1d1-c4e4-4918-bd54-fdfe0a0585f0.jpg
d8343e28-a5b0-4e31-809f-31a28aecbbff,https://inaturalist-open-data.s3.amazonaws.com/photos/10398383/medium.jpeg,4981,Black-crowned Night Heron,data/new_raw/images/d8343e28-a5b0-4e31-809f-31a28aecbbff.jpg
0bb5c38d-72d3-4b3a-a294-5d1c04681ddb,https://inaturalist-open-data.s3.amazonaws.com/photos/10398414/medium.jpeg,342169,American Barn Swallow,data/new_raw/images/0bb5c38d-72d3-4b3a-a294-5d1c04681ddb.jpg
f63ad6e9-c82c-4aef-9e6d-7ecfe5fa6375,https://inaturalist-open-data.s3.amazonaws.com/photos/10398636/medium.jpeg,6930,Mallard,data/new_raw/images/f63ad6e9-c82c-4aef-9e6d-7ecfe5fa6375.jpg
85109798-4ea3-4e92-9323-6f7e0ae77a06,https://inaturalist-open-data.s3.amazonaws.com/photos/10399686/medium.jpeg,10247,American Redstart,data/new_raw/images/85109798-4ea3-4e92-9323-6f7e0ae77a06.jpg
1c7c3ea1-39dd-4d01-89fc-8839711f3c14,https://static.inaturalist.org/photos/10408962/medium.jpg,13858,House Sparrow,data/new_raw/images/1c7c3ea1-39dd-4d01-89fc-8839711f3c14.jpg
75446aac-e8fc-4dc8-843e-68e547f9e45b,https://inaturalist-open-data.s3.amazonaws.com/photos/10413909/medium.jpeg,3875,Solitary Sandpiper,data/new_raw/images/75446aac-e8fc-4dc8-843e-68e547f9e45b.jpg
e10271c3-205a-4493-afa3-7ca2c66f8824,https://inaturalist-open-data.s3.amazonaws.com/photos/10413919/medium.jpeg,4956,Great Blue Heron,data/new_raw/images/e10271c3-205a-4493-afa3-7ca2c66f8824.jpg
1e3d913d-acde-4be7-a9f6-197728e675d2,https://inaturalist-open-data.s3.amazonaws.com/photos/10417690/medium.jpeg,1579017,Cooper's Hawk,data/new_raw/images/1e3d913d-acde-4be7-a9f6-197728e675d2.jpg
e2376780-cead-4c0a-b07f-8045b86bc29f,https://inaturalist-open-data.s3.amazonaws.com/photos/10417752/medium.jpeg,199916,Black-throated Blue Warbler,data/new_raw/images/e2376780-cead-4c0a-b07f-8045b86bc29f.jpg
93cab3a5-460b-4bc4-90be-b5d07b1e1643,https://inaturalist-open-data.s3.amazonaws.com/photos/10430831/medium.jpg,46017,Eastern Gray Squirrel,data/new_raw/images/93cab3a5-460b-4bc4-90be-b5d07b1e1643.jpg
290ff7a4-9136-4ab8-905f-054c9fce3f9d,https://inaturalist-open-data.s3.amazonaws.com/photos/10440925/medium.jpeg,7107,Wood Duck,data/new_raw/images/290ff7a4-9136-4ab8-905f-054c9fce3f9d.jpg
35d6b9e5-65e8-4755-845a-540450725d83,https://inaturalist-open-data.s3.amazonaws.com/photos/10441729/medium.jpeg,792988,Downy Woodpecker,data/new_raw/images/35d6b9e5-65e8-4755-845a-540450725d83.jpg
212c5f1d-f6e6-4dec-ba3a-9171d60ffbc5,https://inaturalist-open-data.s3.amazonaws.com/photos/10441737/medium.jpeg,9083,Northern Cardinal,data/new_raw/images/212c5f1d-f6e6-4dec-ba3a-9171d60ffbc5.jpg
457d5966-af2a-462c-8c3d-5ff22d505f35,https://inaturalist-open-data.s3.amazonaws.com/photos/10441740/medium.jpeg,8229,Blue Jay,data/new_raw/images/457d5966-af2a-462c-8c3d-5ff22d505f35.jpg
71d20f6f-92dc-4c6c-aa93-29978f423ad4,https://inaturalist-open-data.s3.amazonaws.com/photos/10441755/medium.jpeg,46217,Eastern Chipmunk,data/new_raw/images/71d20f6f-92dc-4c6c-aa93-29978f423ad4.jpg
eea2b06a-635b-486b-9c17-c4695fbc5b10,https://inaturalist-open-data.s3.amazonaws.com/photos/10441758/medium.jpeg,1579017,Cooper's Hawk,data/new_raw/images/eea2b06a-635b-486b-9c17-c4695fbc5b10.jpg
a8fdd73e-5439-4ace-bc1e-5f74981b0680,https://inaturalist-open-data.s3.amazonaws.com/photos/10442047/medium.jpeg,4956,Great Blue Heron,data/new_raw/images/a8fdd73e-5439-4ace-bc1e-5f74981b0680.jpg
1b6b6f02-411d-483a-b488-7c44460e816e,https://inaturalist-open-data.s3.amazonaws.com/photos/10442054/medium.jpeg,17008,Eastern Phoebe,data/new_raw/images/1b6b6f02-411d-483a-b488-7c44460e816e.jpg
7b3d755e-25a3-48ea-9ad4-19e629efa791,https://inaturalist-open-data.s3.amazonaws.com/photos/10442065/medium.jpeg,145310,American Goldfinch,data/new_raw/images/7b3d755e-25a3-48ea-9ad4-19e629efa791.jpg
6e09d50e-cb83-4dec-a34e-a96fc289a403,https://inaturalist-open-data.s3.amazonaws.com/photos/10455306/medium.jpg,4956,Great Blue Heron,data/new_raw/images/6e09d50e-cb83-4dec-a34e-a96fc289a403.jpg
c37a29ef-cf83-49f7-a1ba-df8d8d185c5d,https://static.inaturalist.org/photos/10456578/medium.jpg,42223,White-tailed Deer,data/new_raw/images/c37a29ef-cf83-49f7-a1ba-df8d8d185c5d.jpg
e4d1e79a-83a6-4c70-a992-de0782f1af72,https://inaturalist-open-data.s3.amazonaws.com/photos/10496906/medium.jpg,122767,Feral Pigeon,data/new_raw/images/e4d1e79a-83a6-4c70-a992-de0782f1af72.jpg
079fd873-97b4-4f48-b1a3-095cd0fe37f8,https://static.inaturalist.org/photos/10497418/medium.jpg,793286,Nelson's Sparrow,data/new_raw/images/079fd873-97b4-4f48-b1a3-095cd0fe37f8.jpg
2d61a244-c395-4d18-8ecd-dadd57dadef8,https://static.inaturalist.org/photos/10497419/medium.jpg,18204,Red-headed Woodpecker,data/new_raw/images/2d61a244-c395-4d18-8ecd-dadd57dadef8.jpg
2d9c44d2-0905-4ffe-bc6a-d95d80daf028,https://static.inaturalist.org/photos/10497421/medium.jpg,145235,Magnolia Warbler,data/new_raw/images/2d9c44d2-0905-4ffe-bc6a-d95d80daf028.jpg
ef302a1f-26bc-4c0c-be54-2c2ab5b618b9,https://static.inaturalist.org/photos/10497429/medium.jpg,3851,Baird's Sandpiper,data/new_raw/images/ef302a1f-26bc-4c0c-be54-2c2ab5b618b9.jpg
fa2abb05-8da9-4bbb-b018-59d6120e1fa3,https://static.inaturalist.org/photos/10497434/medium.jpg,4892,Black-bellied Plover,data/new_raw/images/fa2abb05-8da9-4bbb-b018-59d6120e1fa3.jpg
cf552cf8-8faa-4690-bf28-96ea79b16983,https://static.inaturalist.org/photos/10497437/medium.jpg,3938,Ruddy Turnstone,data/new_raw/images/cf552cf8-8faa-4690-bf28-96ea79b16983.jpg
458c9f8d-0358-442b-b388-002c304d61e0,https://inaturalist-open-data.s3.amazonaws.com/photos/10501083/medium.jpg,43584,Human,data/new_raw/images/458c9f8d-0358-442b-b388-002c304d61e0.jpg
e68b05fe-642a-4246-a88c-a4154de34e2c,https://static.inaturalist.org/photos/10504273/medium.jpg,9744,Red-winged Blackbird,data/new_raw/images/e68b05fe-642a-4246-a88c-a4154de34e2c.jpg
e7b3c9ac-a0f5-49d9-bb8a-4395422910c8,https://static.inaturalist.org/photos/10505529/medium.jpg,43111,Eastern Cottontail,data/new_raw/images/e7b3c9ac-a0f5-49d9-bb8a-4395422910c8.jpg
a575e612-e3ea-4220-b6f7-4838e99f27e2,https://static.inaturalist.org/photos/10523618/medium.jpg,42044,Wolves and Dogs,data/new_raw/images/a575e612-e3ea-4220-b6f7-4838e99f27e2.jpg
4275317c-59cd-4fee-8a2d-57d3a968d2a9,https://static.inaturalist.org/photos/10523631/medium.jpg,41663,Common Raccoon,data/new_raw/images/4275317c-59cd-4fee-8a2d-57d3a968d2a9.jpg
25f98d70-d044-4e2a-a057-ae3e0f946d32,https://static.inaturalist.org/photos/10523670/medium.jpg,42223,White-tailed Deer,data/new_raw/images/25f98d70-d044-4e2a-a057-ae3e0f946d32.jpg
b86e9623-5849-4f33-9438-b4c9e4c72521,https://inaturalist-open-data.s3.amazonaws.com/photos/10530015/medium.jpeg,18205,Red-bellied Woodpecker,data/new_raw/images/b86e9623-5849-4f33-9438-b4c9e4c72521.jpg
5c1155c2-4d2e-4769-b4e3-6ad715006ecb,https://inaturalist-open-data.s3.amazonaws.com/photos/10531781/medium.jpg,236935,Domestic Mallard,data/new_raw/images/5c1155c2-4d2e-4769-b4e3-6ad715006ecb.jpg
628b8a36-df18-42b8-99f1-993022826868,https://inaturalist-open-data.s3.amazonaws.com/photos/10539932/medium.jpeg,14850,European Starling,data/new_raw/images/628b8a36-df18-42b8-99f1-993022826868.jpg
b418c24c-8e68-413e-bd41-73f65fb00b9c,https://inaturalist-open-data.s3.amazonaws.com/photos/10539937/medium.jpeg,44395,White-footed Mouse,data/new_raw/images/b418c24c-8e68-413e-bd41-73f65fb00b9c.jpg
ae935dcd-255d-4204-a6c6-dbb88811d35b,https://inaturalist-open-data.s3.amazonaws.com/photos/10549490/medium.jpeg,46017,Eastern Gray Squirrel,data/new_raw/images/ae935dcd-255d-4204-a6c6-dbb88811d35b.jpg
586a325b-dd8a-4e46-af00-f25f068a75cd,https://inaturalist-open-data.s3.amazonaws.com/photos/10557671/medium.jpeg,46017,Eastern Gray Squirrel,data/new_raw/images/586a325b-dd8a-4e46-af00-f25f068a75cd.jpg
7dcd0199-2f3c-4a63-acfd-db6e89f587be,https://inaturalist-open-data.s3.amazonaws.com/photos/10557762/medium.jpeg,17008,Eastern Phoebe,data/new_raw/images/7dcd0199-2f3c-4a63-acfd-db6e89f587be.jpg
36d04c5f-d32b-4f0b-a6f6-d3d599d80f78,https://inaturalist-open-data.s3.amazonaws.com/photos/10557095/medium.jpeg,14801,White-breasted Nuthatch,data/new_raw/images/36d04c5f-d32b-4f0b-a6f6-d3d599d80f78.jpg
6e15b4a5-078a-45b7-93b3-22e81955105b,https://inaturalist-open-data.s3.amazonaws.com/photos/10557102/medium.jpeg,18236,Northern Flicker,data/new_raw/images/6e15b4a5-078a-45b7-93b3-22e81955105b.jpg
d9837e2b-fea4-4032-ab58-83c4a9e1ed19,https://inaturalist-open-data.s3.amazonaws.com/photos/10557111/medium.jpeg,14823,Red-breasted Nuthatch,data/new_raw/images/d9837e2b-fea4-4032-ab58-83c4a9e1ed19.jpg
f956cef4-57f1-4b20-8174-2255ea6f9046,https://inaturalist-open-data.s3.amazonaws.com/photos/10557118/medium.jpeg,145240,Blackpoll Warbler,data/new_raw/images/f956cef4-57f1-4b20-8174-2255ea6f9046.jpg
ebaccbdd-b77a-4b01-a533-12a25ec3e79a,https://inaturalist-open-data.s3.amazonaws.com/photos/10557121/medium.jpeg,1264432,American Mink,data/new_raw/images/ebaccbdd-b77a-4b01-a533-12a25ec3e79a.jpg
80e61df3-3715-43d8-b0cf-1b2f0d302194,https://inaturalist-open-data.s3.amazonaws.com/photos/10557126/medium.jpeg,18205,Red-bellied Woodpecker,data/new_raw/images/80e61df3-3715-43d8-b0cf-1b2f0d302194.jpg
aac808b7-b414-4b74-900f-5b485f685dc4,https://inaturalist-open-data.s3.amazonaws.com/photos/10557135/medium.jpeg,62550,Ovenbird,data/new_raw/images/aac808b7-b414-4b74-900f-5b485f685dc4.jpg
dbebf13f-641c-4d2f-9431-20f1156a1aac,https://inaturalist-open-data.s3.amazonaws.com/photos/10557140/medium.jpeg,10271,Rose-breasted Grosbeak,data/new_raw/images/dbebf13f-641c-4d2f-9431-20f1156a1aac.jpg
ef69deb6-68d1-4e94-9975-31338ff4f1a5,https://inaturalist-open-data.s3.amazonaws.com/photos/10557163/medium.jpeg,10247,American Redstart,data/new_raw/images/ef69deb6-68d1-4e94-9975-31338ff4f1a5.jpg
fd095ed3-1a6a-4939-9a5b-2cce58329ad7,https://inaturalist-open-data.s3.amazonaws.com/photos/10557185/medium.jpeg,42051,Coyote,data/new_raw/images/fd095ed3-1a6a-4939-9a5b-2cce58329ad7.jpg
d8b3e984-bc9c-469f-9aa6-6cabd580db58,https://inaturalist-open-data.s3.amazonaws.com/photos/10557200/medium.jpeg,10271,Rose-breasted Grosbeak,data/new_raw/images/d8b3e984-bc9c-469f-9aa6-6cabd580db58.jpg
4e962539-f96d-429b-a073-6903ded17a56,https://inaturalist-open-data.s3.amazonaws.com/photos/10557216/medium.jpeg,3454,Mourning Dove,data/new_raw/images/4e962539-f96d-429b-a073-6903ded17a56.jpg
2d72f58d-0d94-4e6d-964f-960c1541487b,https://inaturalist-open-data.s3.amazonaws.com/photos/10557219/medium.jpeg,73149,Northern Waterthrush,data/new_raw/images/2d72f58d-0d94-4e6d-964f-960c1541487b.jpg
2198f7b3-7390-4120-a843-e356a9d92306,https://inaturalist-open-data.s3.amazonaws.com/photos/10557222/medium.jpeg,1454382,Double-crested Cormorant,data/new_raw/images/2198f7b3-7390-4120-a843-e356a9d92306.jpg
9bbf105b-0d67-4230-af18-617979597232,https://inaturalist-open-data.s3.amazonaws.com/photos/10557228/medium.jpeg,42223,White-tailed Deer,data/new_raw/images/9bbf105b-0d67-4230-af18-617979597232.jpg
ca2ec8e2-a978-4a3f-8b6f-6488e511a2c2,https://inaturalist-open-data.s3.amazonaws.com/photos/10557397/medium.jpeg,4956,Great Blue Heron,data/new_raw/images/ca2ec8e2-a978-4a3f-8b6f-6488e511a2c2.jpg
faee0c61-fd8e-4005-ab56-79767b7f39cf,https://static.inaturalist.org/photos/10559264/medium.jpeg,4956,Great Blue Heron,data/new_raw/images/faee0c61-fd8e-4005-ab56-79767b7f39cf.jpg
9d5f8b2c-f1ed-4bcc-b08b-91d954da1d9f,https://inaturalist-open-data.s3.amazonaws.com/photos/10563240/medium.jpeg,41663,Common Raccoon,data/new_raw/images/9d5f8b2c-f1ed-4bcc-b08b-91d954da1d9f.jpg
64f18776-c9cc-4400-8e78-46b81ce3c6d8,https://inaturalist-open-data.s3.amazonaws.com/photos/10563286/medium.jpeg,46217,Eastern Chipmunk,data/new_raw/images/64f18776-c9cc-4400-8e78-46b81ce3c6d8.jpg
8485c657-8fb4-422a-9d0f-c9831273f5ef,https://static.inaturalist.org/photos/10569591/medium.jpg,41880,Striped Skunk,data/new_raw/images/8485c657-8fb4-422a-9d0f-c9831273f5ef.jpg
c106d6a7-f0a2-4973-afe0-9a198bd15ab2,https://static.inaturalist.org/photos/10569619/medium.jpg,118552,Domestic Cat,data/new_raw/images/c106d6a7-f0a2-4973-afe0-9a198bd15ab2.jpg
ccafba56-0181-422f-a137-b7270871d27e,https://inaturalist-open-data.s3.amazonaws.com/photos/10570117/medium.jpg,4981,Black-crowned Night Heron,data/new_raw/images/ccafba56-0181-422f-a137-b7270871d27e.jpg
e2ebd9c2-77f8-404f-b6fe-fe7cba34fe56,https://static.inaturalist.org/photos/10570345/medium.jpg,41880,Striped Skunk,data/new_raw/images/e2ebd9c2-77f8-404f-b6fe-fe7cba34fe56.jpg
6190a301-cb8d-44ec-b644-bd6988ec5c47,https://inaturalist-open-data.s3.amazonaws.com/photos/10579497/medium.jpeg,1454382,Double-crested Cormorant,data/new_raw/images/6190a301-cb8d-44ec-b644-bd6988ec5c47.jpg
8ac68f31-d376-4d93-b37d-e014fa125ccc,https://inaturalist-open-data.s3.amazonaws.com/photos/10607702/medium.jpeg,10286,Black-and-white Warbler,data/new_raw/images/8ac68f31-d376-4d93-b37d-e014fa125ccc.jpg
6b0bcd74-97d9-4551-b3bf-a02181791a8b,https://inaturalist-open-data.s3.amazonaws.com/photos/10607715/medium.jpeg,10247,American Redstart,data/new_raw/images/6b0bcd74-97d9-4551-b3bf-a02181791a8b.jpg
a818daf6-ff9e-46b9-a257-09792085579a,https://inaturalist-open-data.s3.amazonaws.com/photos/10607719/medium.jpeg,14995,Gray Catbird,data/new_raw/images/a818daf6-ff9e-46b9-a257-09792085579a.jpg
ef6a6a41-e4e6-4ba1-9db0-e3058556abce,https://inaturalist-open-data.s3.amazonaws.com/photos/10607718/medium.jpeg,46017,Eastern Gray Squirrel,data/new_raw/images/ef6a6a41-e4e6-4ba1-9db0-e3058556abce.jpg
f45d5f34-1d04-40f3-aaf8-7ea8a8700cac,https://inaturalist-open-data.s3.amazonaws.com/photos/10608951/medium.jpeg,8229,Blue Jay,data/new_raw/images/f45d5f34-1d04-40f3-aaf8-7ea8a8700cac.jpg
6667b88b-e60e-4aee-a94e-3ddcde097595,https://inaturalist-open-data.s3.amazonaws.com/photos/10608964/medium.jpeg,7089,Canada Goose,data/new_raw/images/6667b88b-e60e-4aee-a94e-3ddcde097595.jpg
da566c1f-4a1a-4219-88f2-ac52b98d8a0e,https://inaturalist-open-data.s3.amazonaws.com/photos/10608968/medium.jpeg,145276,Wilson's Warbler,data/new_raw/images/da566c1f-4a1a-4219-88f2-ac52b98d8a0e.jpg
9e85025b-2219-4580-a504-b38adca55548,https://inaturalist-open-data.s3.amazonaws.com/photos/10608974/medium.jpeg,14995,Gray Catbird,data/new_raw/images/9e85025b-2219-4580-a504-b38adca55548.jpg
a9ed6075-6687-4412-92f4-c64eff32685f,https://inaturalist-open-data.s3.amazonaws.com/photos/10608979/medium.jpeg,9602,Common Grackle,data/new_raw/images/a9ed6075-6687-4412-92f4-c64eff32685f.jpg
24bb6632-b60b-45b4-9bc2-9a81565c315c,https://inaturalist-open-data.s3.amazonaws.com/photos/10608985/medium.jpeg,14898,Brown Thrasher,data/new_raw/images/24bb6632-b60b-45b4-9bc2-9a81565c315c.jpg
1142b656-8694-4d8f-8f2f-7a23c3efa765,https://inaturalist-open-data.s3.amazonaws.com/photos/10608996/medium.jpeg,5020,Green Heron,data/new_raw/images/1142b656-8694-4d8f-8f2f-7a23c3efa765.jpg
e2f41b71-c59b-45ac-90e4-27b46cca71bf,https://inaturalist-open-data.s3.amazonaws.com/photos/10609414/medium.jpg,46017,Eastern Gray Squirrel,data/new_raw/images/e2f41b71-c59b-45ac-90e4-27b46cca71bf.jpg
b7b640c4-a73d-4063-ab2e-ed7e88f894ef,https://inaturalist-open-data.s3.amazonaws.com/photos/10622176/medium.jpg,41663,Common Raccoon,data/new_raw/images/b7b640c4-a73d-4063-ab2e-ed7e88f894ef.jpg
4e0d48d2-1a15-4094-9ae3-0e7afd567e6a,https://inaturalist-open-data.s3.amazonaws.com/photos/10635526/medium.jpg,46017,Eastern Gray Squirrel,data/new_raw/images/4e0d48d2-1a15-4094-9ae3-0e7afd567e6a.jpg
4633b201-1bb0-4437-898b-ef5b39640978,https://inaturalist-open-data.s3.amazonaws.com/photos/10643762/medium.jpg,14801,White-breasted Nuthatch,data/new_raw/images/4633b201-1bb0-4437-898b-ef5b39640978.jpg
31470fe3-6cfd-48d1-a5d3-220fc8559584,https://inaturalist-open-data.s3.amazonaws.com/photos/10643840/medium.jpg,14823,Red-breasted Nuthatch,data/new_raw/images/31470fe3-6cfd-48d1-a5d3-220fc8559584.jpg
ab9d09fb-dcc3-4c97-ae0c-c7efad7270ee,https://inaturalist-open-data.s3.amazonaws.com/photos/10643863/medium.jpg,1264432,American Mink,data/new_raw/images/ab9d09fb-dcc3-4c97-ae0c-c7efad7270ee.jpg
f26b1a79-6bca-4e03-acaa-e5e2441e7253,https://inaturalist-open-data.s3.amazonaws.com/photos/10643884/medium.jpg,10271,Rose-breasted Grosbeak,data/new_raw/images/f26b1a79-6bca-4e03-acaa-e5e2441e7253.jpg
74201c18-c2da-4608-9cb1-7a2462f04629,https://inaturalist-open-data.s3.amazonaws.com/photos/10643902/medium.jpg,1454382,Double-crested Cormorant,data/new_raw/images/74201c18-c2da-4608-9cb1-7a2462f04629.jpg
2ea54300-d8bd-4001-97fc-2771514f764a,https://static.inaturalist.org/photos/10652433/medium.jpg,7089,Canada Goose,data/new_raw/images/2ea54300-d8bd-4001-97fc-2771514f764a.jpg
7523ac35-53bb-4215-92b6-8b08be1967a9,https://inaturalist-open-data.s3.amazonaws.com/photos/10655039/medium.jpg,46017,Eastern Gray Squirrel,data/new_raw/images/7523ac35-53bb-4215-92b6-8b08be1967a9.jpg
48a619f2-f9e5-4544-b01f-fa442db70635,https://inaturalist-open-data.s3.amazonaws.com/photos/10677885/medium.jpg,42652,Virginia Opossum,data/new_raw/images/48a619f2-f9e5-4544-b01f-fa442db70635.jpg
7231f67a-d413-4432-a231-27241087c43a,https://inaturalist-open-data.s3.amazonaws.com/photos/10690605/medium.jpeg,10431,Connecticut Warbler,data/new_raw/images/7231f67a-d413-4432-a231-27241087c43a.jpg
f8caf684-5151-4b52-866a-f55d78b2e380,https://inaturalist-open-data.s3.amazonaws.com/photos/10690634/medium.jpeg,2548,Belted Kingfisher,data/new_raw/images/f8caf684-5151-4b52-866a-f55d78b2e380.jpg
9db33303-071b-403a-a51a-0cd20538a519,https://static.inaturalist.org/photos/10691325/medium.jpg,7513,Carolina Wren,data/new_raw/images/9db33303-071b-403a-a51a-0cd20538a519.jpg
733d85e6-b188-4b9f-8836-bcf3a0a3d9b5,https://inaturalist-open-data.s3.amazonaws.com/photos/10699889/medium.jpg,4956,Great Blue Heron,data/new_raw/images/733d85e6-b188-4b9f-8836-bcf3a0a3d9b5.jpg
44f07064-a2f1-4537-93a5-3ad635b5cd18,https://inaturalist-open-data.s3.amazonaws.com/photos/10710742/medium.jpeg,46020,Eastern Fox Squirrel,data/new_raw/images/44f07064-a2f1-4537-93a5-3ad635b5cd18.jpg
d237575c-02d2-441b-8883-245736d2ad22,https://static.inaturalist.org/photos/10724661/medium.jpg,6930,Mallard,data/new_raw/images/d237575c-02d2-441b-8883-245736d2ad22.jpg
b995847c-8ca2-448e-9155-3a8dee108612,https://static.inaturalist.org/photos/10725390/medium.jpg,13858,House Sparrow,data/new_raw/images/b995847c-8ca2-448e-9155-3a8dee108612.jpg
dc125811-c62c-4273-a2ac-84ef2c2082e7,https://static.inaturalist.org/photos/10741298/medium.jpg,62550,Ovenbird,data/new_raw/images/dc125811-c62c-4273-a2ac-84ef2c2082e7.jpg
fcdfb353-cbef-4958-95ed-66d3be676864,https://static.inaturalist.org/photos/10741312/medium.jpg,792988,Downy Woodpecker,data/new_raw/images/fcdfb353-cbef-4958-95ed-66d3be676864.jpg
c470106b-5845-4daf-8576-08239037d5a0,https://static.inaturalist.org/photos/10741332/medium.jpg,4981,Black-crowned Night Heron,data/new_raw/images/c470106b-5845-4daf-8576-08239037d5a0.jpg
b2ddd7a9-00d3-4352-890d-79c19507c5b6,https://static.inaturalist.org/photos/10741348/medium.jpg,4956,Great Blue Heron,data/new_raw/images/b2ddd7a9-00d3-4352-890d-79c19507c5b6.jpg
784544b1-d67c-4f5a-90e0-0f88051ef0f4,https://inaturalist-open-data.s3.amazonaws.com/photos/10741460/medium.jpg,12878,Swainson's Thrush,data/new_raw/images/784544b1-d67c-4f5a-90e0-0f88051ef0f4.jpg
0043beb8-57e3-47e3-88c0-8fb8dbf3b103,https://inaturalist-open-data.s3.amazonaws.com/photos/10741479/medium.jpg,9807,Golden-winged Warbler,data/new_raw/images/0043beb8-57e3-47e3-88c0-8fb8dbf3b103.jpg
dcccb231-779a-40f9-baa5-cfaf8d639677,https://inaturalist-open-data.s3.amazonaws.com/photos/10741506/medium.jpg,145239,Chestnut-sided Warbler,data/new_raw/images/dcccb231-779a-40f9-baa5-cfaf8d639677.jpg
a0f61cc2-ee9e-454b-9ae5-c170f9eb7f85,https://inaturalist-open-data.s3.amazonaws.com/photos/10760551/medium.jpg,5020,Green Heron,data/new_raw/images/a0f61cc2-ee9e-454b-9ae5-c170f9eb7f85.jpg
430da337-4ed6-4fac-b85e-d67fec890a95,https://inaturalist-open-data.s3.amazonaws.com/photos/10760621/medium.jpg,10247,American Redstart,data/new_raw/images/430da337-4ed6-4fac-b85e-d67fec890a95.jpg
64e38d3a-2635-4f66-9a90-9c113afda5a0,https://inaturalist-open-data.s3.amazonaws.com/photos/10762277/medium.jpg,43111,Eastern Cottontail,data/new_raw/images/64e38d3a-2635-4f66-9a90-9c113afda5a0.jpg
e791b876-4ba7-47d9-85d0-7c34d38ff9a1,https://static.inaturalist.org/photos/10806742/medium.jpg,474210,American Tree Sparrow,data/new_raw/images/e791b876-4ba7-47d9-85d0-7c34d38ff9a1.jpg
c49b7a50-bdb1-45b5-85f3-21b0a2dbf37f,https://inaturalist-open-data.s3.amazonaws.com/photos/10812781/medium.jpeg,41663,Common Raccoon,data/new_raw/images/c49b7a50-bdb1-45b5-85f3-21b0a2dbf37f.jpg
c07342d9-11ea-4b1e-b545-67ee6a7c6638,https://inaturalist-open-data.s3.amazonaws.com/photos/10813067/medium.jpg,40509,Big Brown Bat,data/new_raw/images/c07342d9-11ea-4b1e-b545-67ee6a7c6638.jpg
57a0096a-30d2-430f-b7d9-08ed33fdfd63,https://inaturalist-open-data.s3.amazonaws.com/photos/10833042/medium.jpg,42051,Coyote,data/new_raw/images/57a0096a-30d2-430f-b7d9-08ed33fdfd63.jpg
7205efec-6b9f-43e6-8817-4da944c2f0e6,https://inaturalist-open-data.s3.amazonaws.com/photos/10833097/medium.jpg,46217,Eastern Chipmunk,data/new_raw/images/7205efec-6b9f-43e6-8817-4da944c2f0e6.jpg
628c8b0c-067c-4bf5-be43-8191a58aa229,https://inaturalist-open-data.s3.amazonaws.com/photos/10839583/medium.jpg,4956,Great Blue Heron,data/new_raw/images/628c8b0c-067c-4bf5-be43-8191a58aa229.jpg
89f6fba4-2257-4076-bf27-6485609a1e5f,https://static.inaturalist.org/photos/10840259/medium.jpg,42223,White-tailed Deer,data/new_raw/images/89f6fba4-2257-4076-bf27-6485609a1e5f.jpg
8d6d4ce4-9836-4e7b-9555-7974a4820469,https://static.inaturalist.org/photos/10840387/medium.jpg,42223,White-tailed Deer,data/new_raw/images/8d6d4ce4-9836-4e7b-9555-7974a4820469.jpg
dfee85bb-ea28-48d2-bb14-92fb6eaaf336,https://static.inaturalist.org/photos/10840258/medium.jpeg,792988,Downy Woodpecker,data/new_raw/images/dfee85bb-ea28-48d2-bb14-92fb6eaaf336.jpg
b904d545-93af-43c9-a689-a1982e258bfe,https://static.inaturalist.org/photos/10840372/medium.jpg,42223,White-tailed Deer,data/new_raw/images/b904d545-93af-43c9-a689-a1982e258bfe.jpg
691bc23f-1b42-48d8-88fc-a9d7f0280f6f,https://inaturalist-open-data.s3.amazonaws.com/photos/10840299/medium.jpg,12727,American Robin,data/new_raw/images/691bc23f-1b42-48d8-88fc-a9d7f0280f6f.jpg
8574f369-eab1-43e3-9438-2a7d700a9d94,https://inaturalist-open-data.s3.amazonaws.com/photos/10840152/medium.jpg,40629,Silver-haired Bat,data/new_raw/images/8574f369-eab1-43e3-9438-2a7d700a9d94.jpg
9d8408c1-e89b-49b1-829e-3fa3fcba2664,https://static.inaturalist.org/photos/10840409/medium.jpg,42223,White-tailed Deer,data/new_raw/images/9d8408c1-e89b-49b1-829e-3fa3fcba2664.jpg
89c65eec-8d00-4f73-9275-5198854ad31d,https://static.inaturalist.org/photos/10840436/medium.jpg,42223,White-tailed Deer,data/new_raw/images/89c65eec-8d00-4f73-9275-5198854ad31d.jpg
a5842a80-257d-4567-a6db-70844edda07d,https://inaturalist-open-data.s3.amazonaws.com/photos/10840608/medium.jpg,9100,Song Sparrow,data/new_raw/images/a5842a80-257d-4567-a6db-70844edda07d.jpg
522c01ae-27e1-403c-bcf2-25bd49585847,https://static.inaturalist.org/photos/10840657/medium.jpg,42223,White-tailed Deer,data/new_raw/images/522c01ae-27e1-403c-bcf2-25bd49585847.jpg
79b83c32-31c2-44d6-9b0c-10949ac997e7,https://static.inaturalist.org/photos/10840666/medium.jpg,42158,Deer,data/new_raw/images/79b83c32-31c2-44d6-9b0c-10949ac997e7.jpg
6a761b6d-6d0e-42ba-913b-65fc5e59dcc9,https://static.inaturalist.org/photos/10840679/medium.jpg,3454,Mourning Dove,data/new_raw/images/6a761b6d-6d0e-42ba-913b-65fc5e59dcc9.jpg
b6d11ddb-e9d4-43f8-948d-0b1157b8d38a,https://static.inaturalist.org/photos/10840770/medium.jpg,488924,Muroids,data/new_raw/images/b6d11ddb-e9d4-43f8-948d-0b1157b8d38a.jpg
2bce1aac-283f-43f5-8e24-88a670538c9d,https://static.inaturalist.org/photos/10840856/medium.jpg,9744,Red-winged Blackbird,data/new_raw/images/2bce1aac-283f-43f5-8e24-88a670538c9d.jpg
d572e0a1-8701-4014-b224-b82afe1ca246,https://static.inaturalist.org/photos/10840960/medium.jpg,42223,White-tailed Deer,data/new_raw/images/d572e0a1-8701-4014-b224-b82afe1ca246.jpg
1fa031c0-7c4b-4ff7-b9e7-8df78f86b004,https://inaturalist-open-data.s3.amazonaws.com/photos/10841143/medium.jpeg,4756,Turkey Vulture,data/new_raw/images/1fa031c0-7c4b-4ff7-b9e7-8df78f86b004.jpg
c279fefa-a6f1-4ac6-af2c-1c234486ca78,https://static.inaturalist.org/photos/10841202/medium.jpg,42223,White-tailed Deer,data/new_raw/images/c279fefa-a6f1-4ac6-af2c-1c234486ca78.jpg
75fa0eab-9c1d-4ec5-8279-f592631ab8bf,https://static.inaturalist.org/photos/10841285/medium.jpg,42223,White-tailed Deer,data/new_raw/images/75fa0eab-9c1d-4ec5-8279-f592631ab8bf.jpg
83175c7f-4e35-4d88-86b8-38c015ab0f6b,https://static.inaturalist.org/photos/10841376/medium.jpg,4756,Turkey Vulture,data/new_raw/images/83175c7f-4e35-4d88-86b8-38c015ab0f6b.jpg
05692c8c-3252-474c-ae90-a604a355ff31,https://static.inaturalist.org/photos/10862973/medium.jpg,43698,Rodents,data/new_raw/images/05692c8c-3252-474c-ae90-a604a355ff31.jpg
602b49e8-6fe8-40c4-87a0-3523d25764d8,https://static.inaturalist.org/photos/10841566/medium.jpg,43698,Rodents,data/new_raw/images/602b49e8-6fe8-40c4-87a0-3523d25764d8.jpg
833f566e-1927-40b8-af0f-42b9e70b5074,https://static.inaturalist.org/photos/10841589/medium.jpg,792988,Downy Woodpecker,data/new_raw/images/833f566e-1927-40b8-af0f-42b9e70b5074.jpg
f9f388c6-f532-43cd-b1eb-bafc7f8188c6,https://static.inaturalist.org/photos/10841675/medium.jpg,792988,Downy Woodpecker,data/new_raw/images/f9f388c6-f532-43cd-b1eb-bafc7f8188c6.jpg
1f0723ee-dbc2-4085-959c-296bf64438c9,https://static.inaturalist.org/photos/10841666/medium.jpg,40151,Mammals,data/new_raw/images/1f0723ee-dbc2-4085-959c-296bf64438c9.jpg
a8daa77d-833f-44ce-8fe5-bd423e2f121c,https://static.inaturalist.org/photos/10842063/medium.jpg,12727,American Robin,data/new_raw/images/a8daa77d-833f-44ce-8fe5-bd423e2f121c.jpg
9d0242f4-ada6-4fea-853d-556a9d5f4bd5,https://static.inaturalist.org/photos/10841862/medium.jpeg,42223,White-tailed Deer,data/new_raw/images/9d0242f4-ada6-4fea-853d-556a9d5f4bd5.jpg
c1579e7c-01a6-4244-82f9-e09e78f508dd,https://static.inaturalist.org/photos/10841889/medium.jpeg,42223,White-tailed Deer,data/new_raw/images/c1579e7c-01a6-4244-82f9-e09e78f508dd.jpg
a1d75720-4500-4a37-8ca9-a3973912ab3e,https://inaturalist-open-data.s3.amazonaws.com/photos/10842303/medium.jpg,42223,White-tailed Deer,data/new_raw/images/a1d75720-4500-4a37-8ca9-a3973912ab3e.jpg
d112c59d-ee1c-476e-bf9e-65f79b42a797,https://static.inaturalist.org/photos/10842114/medium.jpg,5067,"Hawks, Eagles, and Kites",data/new_raw/images/d112c59d-ee1c-476e-bf9e-65f79b42a797.jpg
7395c64b-53ee-40b0-924e-ff45611a985b,https://static.inaturalist.org/photos/10842348/medium.jpg,42051,Coyote,data/new_raw/images/7395c64b-53ee-40b0-924e-ff45611a985b.jpg
87480628-6ce2-4126-9aae-23676f4c40e6,https://inaturalist-open-data.s3.amazonaws.com/photos/10842542/medium.jpg,145242,Palm Warbler,data/new_raw/images/87480628-6ce2-4126-9aae-23676f4c40e6.jpg
3a6b2b1b-11d9-41a9-9cbb-fdc55982d02a,https://static.inaturalist.org/photos/10842789/medium.jpg,41663,Common Raccoon,data/new_raw/images/3a6b2b1b-11d9-41a9-9cbb-fdc55982d02a.jpg
17e496d9-6b27-48af-b829-573eacbdbc3b,https://static.inaturalist.org/photos/10843390/medium.jpeg,42223,White-tailed Deer,data/new_raw/images/17e496d9-6b27-48af-b829-573eacbdbc3b.jpg
c08293cc-8b68-4371-8309-6fcf6bf8b2b9,https://static.inaturalist.org/photos/10844292/medium.jpeg,144455,Great Egret,data/new_raw/images/c08293cc-8b68-4371-8309-6fcf6bf8b2b9.jpg
852ff734-508a-4dc1-8243-a5411939a252,https://inaturalist-open-data.s3.amazonaws.com/photos/10845156/medium.jpg,7089,Canada Goose,data/new_raw/images/852ff734-508a-4dc1-8243-a5411939a252.jpg
69ed97ed-5975-4005-89f4-8a003efffd94,https://inaturalist-open-data.s3.amazonaws.com/photos/10845513/medium.jpg,14850,European Starling,data/new_raw/images/69ed97ed-5975-4005-89f4-8a003efffd94.jpg
73a41e4d-625d-42f2-8975-5028abccf31a,https://static.inaturalist.org/photos/10859583/medium.jpg,9176,White-crowned Sparrow,data/new_raw/images/73a41e4d-625d-42f2-8975-5028abccf31a.jpg
cbea0231-be70-45ec-8f2f-3486c8e86465,https://static.inaturalist.org/photos/10866645/medium.jpg,145310,American Goldfinch,data/new_raw/images/cbea0231-be70-45ec-8f2f-3486c8e86465.jpg
5b06234b-6c84-4a9f-a48e-8a736925f7a7,https://inaturalist-open-data.s3.amazonaws.com/photos/10867865/medium.jpeg,9346,Baltimore Oriole,data/new_raw/images/5b06234b-6c84-4a9f-a48e-8a736925f7a7.jpg
3a1c4a1e-f6f3-4709-88f8-a35ae2643f07,https://static.inaturalist.org/photos/10883081/medium.jpg,122767,Feral Pigeon,data/new_raw/images/3a1c4a1e-f6f3-4709-88f8-a35ae2643f07.jpg
a690544f-10d7-4949-a35b-35ff317ee707,https://inaturalist-open-data.s3.amazonaws.com/photos/10885254/medium.jpeg,1289388,Ruby-crowned Kinglet,data/new_raw/images/a690544f-10d7-4949-a35b-35ff317ee707.jpg
9a355568-1842-4257-a3c7-b282161b5285,https://inaturalist-open-data.s3.amazonaws.com/photos/10885241/medium.jpeg,18463,Yellow-bellied Sapsucker,data/new_raw/images/9a355568-1842-4257-a3c7-b282161b5285.jpg
a6697bf9-7645-4800-acdb-d723327ef85d,https://inaturalist-open-data.s3.amazonaws.com/photos/10885262/medium.jpeg,12890,Hermit Thrush,data/new_raw/images/a6697bf9-7645-4800-acdb-d723327ef85d.jpg
048941e9-3f16-4920-8635-2484b433f7ab,https://inaturalist-open-data.s3.amazonaws.com/photos/10885270/medium.jpeg,9100,Song Sparrow,data/new_raw/images/048941e9-3f16-4920-8635-2484b433f7ab.jpg
31b15ee2-bc4c-4844-9f6d-24c844dad608,https://inaturalist-open-data.s3.amazonaws.com/photos/10885273/medium.jpeg,117100,Golden-crowned Kinglet,data/new_raw/images/31b15ee2-bc4c-4844-9f6d-24c844dad608.jpg
42299c18-cb17-4f1f-97d5-003ddf6e8513,https://inaturalist-open-data.s3.amazonaws.com/photos/10885286/medium.jpeg,144883,Winter Wren,data/new_raw/images/42299c18-cb17-4f1f-97d5-003ddf6e8513.jpg
caa11fae-8f85-40b3-adbe-48de6512c5bd,https://inaturalist-open-data.s3.amazonaws.com/photos/10885294/medium.jpeg,9100,Song Sparrow,data/new_raw/images/caa11fae-8f85-40b3-adbe-48de6512c5bd.jpg
1b98542e-2d30-44b0-8166-71585d00158d,https://inaturalist-open-data.s3.amazonaws.com/photos/10887244/medium.jpeg,42223,White-tailed Deer,data/new_raw/images/1b98542e-2d30-44b0-8166-71585d00158d.jpg
5e9b58b0-5ff4-4ea6-acac-88ee1a53bfb3,https://inaturalist-open-data.s3.amazonaws.com/photos/10887253/medium.jpeg,42223,White-tailed Deer,data/new_raw/images/5e9b58b0-5ff4-4ea6-acac-88ee1a53bfb3.jpg
bf3ffb51-7b9a-4f24-93dc-256d7f7f4185,https://inaturalist-open-data.s3.amazonaws.com/photos/10887280/medium.jpeg,42223,White-tailed Deer,data/new_raw/images/bf3ffb51-7b9a-4f24-93dc-256d7f7f4185.jpg
0172a631-3ae2-4c0c-9699-e5004d47d4f9,https://inaturalist-open-data.s3.amazonaws.com/photos/10887289/medium.jpeg,4956,Great Blue Heron,data/new_raw/images/0172a631-3ae2-4c0c-9699-e5004d47d4f9.jpg
5cc65b24-6773-4a0e-9abb-8654e649afd6,https://inaturalist-open-data.s3.amazonaws.com/photos/10888376/medium.jpeg,1454382,Double-crested Cormorant,data/new_raw/images/5cc65b24-6773-4a0e-9abb-8654e649afd6.jpg
c3c49405-0c0d-47e0-b7f9-0afa9e685e74,https://inaturalist-open-data.s3.amazonaws.com/photos/10888389/medium.jpeg,5305,Bald Eagle,data/new_raw/images/c3c49405-0c0d-47e0-b7f9-0afa9e685e74.jpg
7545c683-ee90-4e8b-8ef2-c306287e7633,https://inaturalist-open-data.s3.amazonaws.com/photos/10888391/medium.jpeg,4756,Turkey Vulture,data/new_raw/images/7545c683-ee90-4e8b-8ef2-c306287e7633.jpg
69ea229c-b8ad-4300-99a5-ea8861eb8950,https://inaturalist-open-data.s3.amazonaws.com/photos/10888394/medium.jpeg,116999,Osprey,data/new_raw/images/69ea229c-b8ad-4300-99a5-ea8861eb8950.jpg
ad83a8e9-6dd1-44be-81f6-c1678a658278,https://inaturalist-open-data.s3.amazonaws.com/photos/10889058/medium.jpeg,17008,Eastern Phoebe,data/new_raw/images/ad83a8e9-6dd1-44be-81f6-c1678a658278.jpg
cc8d41bf-c78e-48a1-a8ca-fa2183a14533,https://inaturalist-open-data.s3.amazonaws.com/photos/10889226/medium.jpeg,73149,Northern Waterthrush,data/new_raw/images/cc8d41bf-c78e-48a1-a8ca-fa2183a14533.jpg
a570aa65-f28b-4dd0-8e2b-ea82483e5421,https://inaturalist-open-data.s3.amazonaws.com/photos/10889765/medium.jpeg,199916,Black-throated Blue Warbler,data/new_raw/images/a570aa65-f28b-4dd0-8e2b-ea82483e5421.jpg
60095813-d46f-4413-958c-6cac1dd19b38,https://inaturalist-open-data.s3.amazonaws.com/photos/10889773/medium.jpeg,16100,Eastern Wood-Pewee,data/new_raw/images/60095813-d46f-4413-958c-6cac1dd19b38.jpg
fc73e4ae-54d2-4c72-a8c2-ba125d67c8eb,https://inaturalist-open-data.s3.amazonaws.com/photos/10889776/medium.jpeg,10286,Black-and-white Warbler,data/new_raw/images/fc73e4ae-54d2-4c72-a8c2-ba125d67c8eb.jpg
04e71fdd-e82f-49ec-bdb0-2ece126c7fc6,https://inaturalist-open-data.s3.amazonaws.com/photos/10889778/medium.jpeg,145258,Black-throated Green Warbler,data/new_raw/images/04e71fdd-e82f-49ec-bdb0-2ece126c7fc6.jpg
0a98c99e-904d-40a5-b44e-2cb81e222396,https://inaturalist-open-data.s3.amazonaws.com/photos/10889784/medium.jpeg,145236,Bay-breasted Warbler,data/new_raw/images/0a98c99e-904d-40a5-b44e-2cb81e222396.jpg
a05af250-5771-4b71-bf3c-de2acc0753a3,https://inaturalist-open-data.s3.amazonaws.com/photos/10889787/medium.jpeg,145240,Blackpoll Warbler,data/new_raw/images/a05af250-5771-4b71-bf3c-de2acc0753a3.jpg
b052130a-9f70-4af7-902b-d2fcd078a844,https://inaturalist-open-data.s3.amazonaws.com/photos/10889792/medium.jpeg,145235,Magnolia Warbler,data/new_raw/images/b052130a-9f70-4af7-902b-d2fcd078a844.jpg
a770563d-6034-4117-9afa-be20443d3a9b,https://inaturalist-open-data.s3.amazonaws.com/photos/10889793/medium.jpeg,145276,Wilson's Warbler,data/new_raw/images/a770563d-6034-4117-9afa-be20443d3a9b.jpg
b55e3cae-38f3-467c-91bf-58f28745dbd8,https://inaturalist-open-data.s3.amazonaws.com/photos/10889954/medium.jpeg,238505,Western Palm Warbler,data/new_raw/images/b55e3cae-38f3-467c-91bf-58f28745dbd8.jpg
f20ed365-8064-4013-bd91-646d77e8ba47,https://inaturalist-open-data.s3.amazonaws.com/photos/10895208/medium.jpeg,132704,Myrtle Warbler,data/new_raw/images/f20ed365-8064-4013-bd91-646d77e8ba47.jpg
9f10f608-ca8c-4339-af17-da77fd2f7cc4,https://inaturalist-open-data.s3.amazonaws.com/photos/10895510/medium.jpeg,494355,Eastern Red-tailed Hawk,data/new_raw/images/9f10f608-ca8c-4339-af17-da77fd2f7cc4.jpg
d17ed98f-d5af-4b87-b9e2-922dabeb88dd,https://inaturalist-open-data.s3.amazonaws.com/photos/10895515/medium.jpeg,132704,Myrtle Warbler,data/new_raw/images/d17ed98f-d5af-4b87-b9e2-922dabeb88dd.jpg
992fb4b3-f84a-4eb9-8d9b-8c017db3c73a,https://inaturalist-open-data.s3.amazonaws.com/photos/10896135/medium.jpeg,5020,Green Heron,data/new_raw/images/992fb4b3-f84a-4eb9-8d9b-8c017db3c73a.jpg
02f0fb63-bf48-42b4-8a31-b61432611a2e,https://inaturalist-open-data.s3.amazonaws.com/photos/10896323/medium.jpeg,145258,Black-throated Green Warbler,data/new_raw/images/02f0fb63-bf48-42b4-8a31-b61432611a2e.jpg
0de728c2-05cc-4be1-9c1b-ef32b5b1a400,https://inaturalist-open-data.s3.amazonaws.com/photos/10896331/medium.jpeg,16100,Eastern Wood-Pewee,data/new_raw/images/0de728c2-05cc-4be1-9c1b-ef32b5b1a400.jpg
d32daa80-2359-4419-a936-921d1e796dbb,https://inaturalist-open-data.s3.amazonaws.com/photos/10907451/medium.jpg,18463,Yellow-bellied Sapsucker,data/new_raw/images/d32daa80-2359-4419-a936-921d1e796dbb.jpg
19998bf2-d4e5-4f4e-9c24-8e1b2a031dba,https://static.inaturalist.org/photos/10925971/medium.jpg,43584,Human,data/new_raw/images/19998bf2-d4e5-4f4e-9c24-8e1b2a031dba.jpg
4ba4d415-6f68-44e5-a422-9ce74469b730,https://static.inaturalist.org/photos/10930003/medium.jpg,6432,Ruby-throated Hummingbird,data/new_raw/images/4ba4d415-6f68-44e5-a422-9ce74469b730.jpg
034b0753-6a00-4663-8235-e4b57e20a814,https://static.inaturalist.org/photos/10930498/medium.jpg,4956,Great Blue Heron,data/new_raw/images/034b0753-6a00-4663-8235-e4b57e20a814.jpg
a487cc0b-1d83-473e-a7e2-bd6bc7ab5cb7,https://static.inaturalist.org/photos/10936538/medium.jpg,4956,Great Blue Heron,data/new_raw/images/a487cc0b-1d83-473e-a7e2-bd6bc7ab5cb7.jpg
a95aebb1-18f6-4ebf-8cfa-e23551e917e9,https://static.inaturalist.org/photos/10936632/medium.jpg,72458,Spotted Sandpiper,data/new_raw/images/a95aebb1-18f6-4ebf-8cfa-e23551e917e9.jpg
d5b3a6ec-4e80-462f-be25-c391c5d199d7,https://inaturalist-open-data.s3.amazonaws.com/photos/10955115/medium.jpg,5212,Red-tailed Hawk,data/new_raw/images/d5b3a6ec-4e80-462f-be25-c391c5d199d7.jpg
663dba9a-72fc-4eff-be3a-d890f71f2fcd,https://static.inaturalist.org/photos/10966553/medium.jpg,792976,Dryobates Woodpeckers,data/new_raw/images/663dba9a-72fc-4eff-be3a-d890f71f2fcd.jpg
f00de177-a317-4053-934f-b7237f9e9bae,https://static.inaturalist.org/photos/10967147/medium.jpg,19577,Common Nighthawk,data/new_raw/images/f00de177-a317-4053-934f-b7237f9e9bae.jpg
b128cf0e-54a5-4c25-a806-11e2f4e7173b,https://inaturalist-open-data.s3.amazonaws.com/photos/10967342/medium.jpg,5212,Red-tailed Hawk,data/new_raw/images/b128cf0e-54a5-4c25-a806-11e2f4e7173b.jpg
87bcb0a7-bb2f-4298-afe8-ea53bbc28d91,https://static.inaturalist.org/photos/10968901/medium.jpg,4956,Great Blue Heron,data/new_raw/images/87bcb0a7-bb2f-4298-afe8-ea53bbc28d91.jpg
45c7e179-19d1-4927-b2a6-b31765c88f93,https://static.inaturalist.org/photos/10975371/medium.jpeg,507971,Domestic Budgerigar,data/new_raw/images/45c7e179-19d1-4927-b2a6-b31765c88f93.jpg
ed886871-03ed-4b1b-ab72-258a6acd30ee,https://static.inaturalist.org/photos/10977672/medium.jpg,41663,Common Raccoon,data/new_raw/images/ed886871-03ed-4b1b-ab72-258a6acd30ee.jpg
9707df16-cf3d-483e-8071-d29ea7518cf6,https://static.inaturalist.org/photos/10977922/medium.jpg,1579017,Cooper's Hawk,data/new_raw/images/9707df16-cf3d-483e-8071-d29ea7518cf6.jpg
8c206acb-a6c8-4754-9da6-af36dcae2b02,https://static.inaturalist.org/photos/10977962/medium.jpg,4956,Great Blue Heron,data/new_raw/images/8c206acb-a6c8-4754-9da6-af36dcae2b02.jpg
d216a456-47ab-4415-a912-ed01a14a49e0,https://static.inaturalist.org/photos/10993483/medium.jpg,7089,Canada Goose,data/new_raw/images/d216a456-47ab-4415-a912-ed01a14a49e0.jpg
5b640c9e-1b10-40df-ac5a-86f914765ff2,https://inaturalist-open-data.s3.amazonaws.com/photos/11013569/medium.jpg,42652,Virginia Opossum,data/new_raw/images/5b640c9e-1b10-40df-ac5a-86f914765ff2.jpg
2a906668-8b3f-4952-bbff-260dfd83d56c,https://inaturalist-open-data.s3.amazonaws.com/photos/11018220/medium.jpg,4364,Ring-billed Gull,data/new_raw/images/2a906668-8b3f-4952-bbff-260dfd83d56c.jpg
977b355e-9d57-42ed-8b95-44e1742c611c,https://inaturalist-open-data.s3.amazonaws.com/photos/11018304/medium.jpg,1579017,Cooper's Hawk,data/new_raw/images/977b355e-9d57-42ed-8b95-44e1742c611c.jpg
8f6ba465-e60b-4b92-aa67-03373ded51e8,https://inaturalist-open-data.s3.amazonaws.com/photos/11018332/medium.jpg,132704,Myrtle Warbler,data/new_raw/images/8f6ba465-e60b-4b92-aa67-03373ded51e8.jpg
ca557c97-28fb-43c4-b96c-90fc64c3f881,https://inaturalist-open-data.s3.amazonaws.com/photos/11018339/medium.jpg,117100,Golden-crowned Kinglet,data/new_raw/images/ca557c97-28fb-43c4-b96c-90fc64c3f881.jpg
d4a7c56b-e7e8-4bec-8a29-7400df711dc3,https://inaturalist-open-data.s3.amazonaws.com/photos/11018363/medium.jpg,1289388,Ruby-crowned Kinglet,data/new_raw/images/d4a7c56b-e7e8-4bec-8a29-7400df711dc3.jpg
f2b913e6-a12e-4af1-9d3f-ed0209877c90,https://inaturalist-open-data.s3.amazonaws.com/photos/11018376/medium.jpg,14995,Gray Catbird,data/new_raw/images/f2b913e6-a12e-4af1-9d3f-ed0209877c90.jpg
076eb073-c131-4278-895b-1bd53c05e2c4,https://inaturalist-open-data.s3.amazonaws.com/photos/11018398/medium.jpg,9176,White-crowned Sparrow,data/new_raw/images/076eb073-c131-4278-895b-1bd53c05e2c4.jpg
5af7a25e-ecd8-489b-ae5a-ec8a1d57b179,https://inaturalist-open-data.s3.amazonaws.com/photos/11018411/medium.jpg,9184,White-throated Sparrow,data/new_raw/images/5af7a25e-ecd8-489b-ae5a-ec8a1d57b179.jpg
261880b8-3180-4298-a2ed-0c07a0aa2a60,https://inaturalist-open-data.s3.amazonaws.com/photos/11018439/medium.jpg,12890,Hermit Thrush,data/new_raw/images/261880b8-3180-4298-a2ed-0c07a0aa2a60.jpg
c7400595-61f1-4937-b062-9d1d7f72b2ba,https://inaturalist-open-data.s3.amazonaws.com/photos/11018498/medium.jpg,145240,Blackpoll Warbler,data/new_raw/images/c7400595-61f1-4937-b062-9d1d7f72b2ba.jpg
5186da56-a0ac-4941-bd0e-788a39f9a1f0,https://inaturalist-open-data.s3.amazonaws.com/photos/11018534/medium.jpg,9721,Common Yellowthroat,data/new_raw/images/5186da56-a0ac-4941-bd0e-788a39f9a1f0.jpg
94367bb2-ce7a-442a-9c6e-f2662062dde9,https://inaturalist-open-data.s3.amazonaws.com/photos/11018547/medium.jpg,12890,Hermit Thrush,data/new_raw/images/94367bb2-ce7a-442a-9c6e-f2662062dde9.jpg
78e89d04-583c-4478-9c97-64ba0e64f6ec,https://inaturalist-open-data.s3.amazonaws.com/photos/11046927/medium.jpg,4981,Black-crowned Night Heron,data/new_raw/images/78e89d04-583c-4478-9c97-64ba0e64f6ec.jpg
7d10fcd9-61b5-4f9f-b75e-a04837dd6324,https://inaturalist-open-data.s3.amazonaws.com/photos/11046929/medium.jpg,42223,White-tailed Deer,data/new_raw/images/7d10fcd9-61b5-4f9f-b75e-a04837dd6324.jpg
57c96901-6520-48ce-9a61-6d1a5eddc86c,https://inaturalist-open-data.s3.amazonaws.com/photos/11046978/medium.jpg,5212,Red-tailed Hawk,data/new_raw/images/57c96901-6520-48ce-9a61-6d1a5eddc86c.jpg
08248633-9b7e-4dd6-8507-c56bb5f12845,https://static.inaturalist.org/photos/11058450/medium.jpg,4956,Great Blue Heron,data/new_raw/images/08248633-9b7e-4dd6-8507-c56bb5f12845.jpg
b5445491-699e-40fb-a5d8-510d4c2b2c4d,https://static.inaturalist.org/photos/11063032/medium.jpg,46217,Eastern Chipmunk,data/new_raw/images/b5445491-699e-40fb-a5d8-510d4c2b2c4d.jpg
7ad36f73-dce6-457a-ab68-298875bcddf5,https://static.inaturalist.org/photos/11095250/medium.jpg,46017,Eastern Gray Squirrel,data/new_raw/images/7ad36f73-dce6-457a-ab68-298875bcddf5.jpg
549544ff-094e-4e17-b2aa-4d32b20f2c5a,https://static.inaturalist.org/photos/11095336/medium.jpg,9184,White-throated Sparrow,data/new_raw/images/549544ff-094e-4e17-b2aa-4d32b20f2c5a.jpg
f0c085dd-7349-4dc6-8819-992c8efc4ffc,https://static.inaturalist.org/photos/11095345/medium.jpg,9184,White-throated Sparrow,data/new_raw/images/f0c085dd-7349-4dc6-8819-992c8efc4ffc.jpg
5169ee91-f09f-4281-ba35-76d6c57a6fd3,https://inaturalist-open-data.s3.amazonaws.com/photos/11103793/medium.jpeg,4892,Black-bellied Plover,data/new_raw/images/5169ee91-f09f-4281-ba35-76d6c57a6fd3.jpg
87da8fa1-629b-4923-8037-1bdff58b156f,https://inaturalist-open-data.s3.amazonaws.com/photos/11103795/medium.jpeg,4793,Killdeer,data/new_raw/images/87da8fa1-629b-4923-8037-1bdff58b156f.jpg
f62a414b-ad2a-4c68-be1e-f1d474cc168b,https://inaturalist-open-data.s3.amazonaws.com/photos/11128475/medium.jpeg,4956,Great Blue Heron,data/new_raw/images/f62a414b-ad2a-4c68-be1e-f1d474cc168b.jpg
ebd527b2-cb2e-4c9b-af37-a2a0671038a3,https://inaturalist-open-data.s3.amazonaws.com/photos/11130408/medium.jpg,44259,Meadow Voles,data/new_raw/images/ebd527b2-cb2e-4c9b-af37-a2a0671038a3.jpg
ed507cad-f781-456d-985c-dab1afb60a5e,https://inaturalist-open-data.s3.amazonaws.com/photos/11177557/medium.jpeg,145242,Palm Warbler,data/new_raw/images/ed507cad-f781-456d-985c-dab1afb60a5e.jpg
b7a270db-1264-47ad-b85e-261db53e7a8b,https://inaturalist-open-data.s3.amazonaws.com/photos/11188751/medium.jpeg,132704,Myrtle Warbler,data/new_raw/images/b7a270db-1264-47ad-b85e-261db53e7a8b.jpg
b9989a70-fcff-4d1c-9525-a51ff773d77f,https://static.inaturalist.org/photos/11197781/medium.jpg,41663,Common Raccoon,data/new_raw/images/b9989a70-fcff-4d1c-9525-a51ff773d77f.jpg
05711a6b-905d-44ef-9d32-4fa9a67aed47,https://static.inaturalist.org/photos/11197802/medium.jpg,46217,Eastern Chipmunk,data/new_raw/images/05711a6b-905d-44ef-9d32-4fa9a67aed47.jpg
c2aac355-6358-42b2-8d97-fee6fd0304d3,https://inaturalist-open-data.s3.amazonaws.com/photos/11204016/medium.jpeg,485176,American Wigeon,data/new_raw/images/c2aac355-6358-42b2-8d97-fee6fd0304d3.jpg
8225babf-6c7f-49b1-a911-64abe3544e5f,https://inaturalist-open-data.s3.amazonaws.com/photos/11213262/medium.jpeg,10373,Brown-headed Cowbird,data/new_raw/images/8225babf-6c7f-49b1-a911-64abe3544e5f.jpg
5cfcb810-ec2a-4f26-9e88-37ddb1ec38b4,https://inaturalist-open-data.s3.amazonaws.com/photos/11213273/medium.jpeg,792990,Hairy Woodpecker,data/new_raw/images/5cfcb810-ec2a-4f26-9e88-37ddb1ec38b4.jpg
497da4c9-6771-4c61-879c-adad5bbc4f60,https://inaturalist-open-data.s3.amazonaws.com/photos/11213278/medium.jpeg,12890,Hermit Thrush,data/new_raw/images/497da4c9-6771-4c61-879c-adad5bbc4f60.jpg
8587bf9c-1023-4696-a9d9-02dd2b48f814,https://inaturalist-open-data.s3.amazonaws.com/photos/11213283/medium.jpeg,132764,Slate-colored Junco,data/new_raw/images/8587bf9c-1023-4696-a9d9-02dd2b48f814.jpg
3450c908-4f95-4324-8f64-db9c91af5678,https://inaturalist-open-data.s3.amazonaws.com/photos/11213601/medium.jpg,62550,Ovenbird,data/new_raw/images/3450c908-4f95-4324-8f64-db9c91af5678.jpg
7a861bb4-c1e9-4cce-b510-05e579bd98e0,https://inaturalist-open-data.s3.amazonaws.com/photos/11220485/medium.jpg,41573,Carnivorans,data/new_raw/images/7a861bb4-c1e9-4cce-b510-05e579bd98e0.jpg
6044db3b-0779-4db6-bdb4-e73adb6c8071,https://inaturalist-open-data.s3.amazonaws.com/photos/11237860/medium.jpeg,18204,Red-headed Woodpecker,data/new_raw/images/6044db3b-0779-4db6-bdb4-e73adb6c8071.jpg
4b3204db-8ce9-475b-9f57-9adab11e5a79,https://inaturalist-open-data.s3.amazonaws.com/photos/11237868/medium.jpeg,145304,Pine Siskin,data/new_raw/images/4b3204db-8ce9-475b-9f57-9adab11e5a79.jpg
a4433a5d-539c-4c2a-9dd1-1bb21d5fae69,https://inaturalist-open-data.s3.amazonaws.com/photos/11237872/medium.jpeg,9100,Song Sparrow,data/new_raw/images/a4433a5d-539c-4c2a-9dd1-1bb21d5fae69.jpg
8d14dafc-42f2-435f-9d25-16b1864ced49,https://inaturalist-open-data.s3.amazonaws.com/photos/11237885/medium.jpeg,9135,Chipping Sparrow,data/new_raw/images/8d14dafc-42f2-435f-9d25-16b1864ced49.jpg
02d095e3-0bc3-4a99-bca9-f99eefeaac80,https://inaturalist-open-data.s3.amazonaws.com/photos/11237876/medium.jpeg,7562,Northern House Wren,data/new_raw/images/02d095e3-0bc3-4a99-bca9-f99eefeaac80.jpg
724fe511-3ee2-4796-a853-a0371d89e2d7,https://inaturalist-open-data.s3.amazonaws.com/photos/11237891/medium.jpeg,117100,Golden-crowned Kinglet,data/new_raw/images/724fe511-3ee2-4796-a853-a0371d89e2d7.jpg
15dc9c24-fd23-4075-b4b2-87fb71c88b6f,https://inaturalist-open-data.s3.amazonaws.com/photos/11237895/medium.jpeg,145258,Black-throated Green Warbler,data/new_raw/images/15dc9c24-fd23-4075-b4b2-87fb71c88b6f.jpg
ff3587ce-0239-4d6f-bf0d-0b39b28a3d72,https://inaturalist-open-data.s3.amazonaws.com/photos/11238148/medium.jpeg,343340,Eastern Red Fox Sparrow,data/new_raw/images/ff3587ce-0239-4d6f-bf0d-0b39b28a3d72.jpg
c6fcc8b4-1dc1-4d79-b2f4-8bde0415bfb3,https://inaturalist-open-data.s3.amazonaws.com/photos/11252650/medium.jpg,5212,Red-tailed Hawk,data/new_raw/images/c6fcc8b4-1dc1-4d79-b2f4-8bde0415bfb3.jpg
6d7f8a55-cd4a-4981-90a6-cc2366d9d290,https://inaturalist-open-data.s3.amazonaws.com/photos/11252811/medium.jpg,1579017,Cooper's Hawk,data/new_raw/images/6d7f8a55-cd4a-4981-90a6-cc2366d9d290.jpg
65e96926-2d55-44c6-932a-c8a99b915925,https://inaturalist-open-data.s3.amazonaws.com/photos/11252894/medium.jpg,7562,Northern House Wren,data/new_raw/images/65e96926-2d55-44c6-932a-c8a99b915925.jpg
590955a6-2ba3-4e97-8d24-ee5a5f3a2d59,https://inaturalist-open-data.s3.amazonaws.com/photos/11252976/medium.jpg,145258,Black-throated Green Warbler,data/new_raw/images/590955a6-2ba3-4e97-8d24-ee5a5f3a2d59.jpg
5633ffea-9ee5-4bb1-9058-e1268966ebe6,https://inaturalist-open-data.s3.amazonaws.com/photos/11253001/medium.jpg,122767,Feral Pigeon,data/new_raw/images/5633ffea-9ee5-4bb1-9058-e1268966ebe6.jpg
6c68e9e3-a28b-4641-ba18-8fd0026cf79d,https://inaturalist-open-data.s3.amazonaws.com/photos/11260029/medium.jpeg,5305,Bald Eagle,data/new_raw/images/6c68e9e3-a28b-4641-ba18-8fd0026cf79d.jpg
63d109c1-cd00-419b-9329-bd63f3a4fb87,https://inaturalist-open-data.s3.amazonaws.com/photos/11261862/medium.jpeg,14995,Gray Catbird,data/new_raw/images/63d109c1-cd00-419b-9329-bd63f3a4fb87.jpg
8a3b6b08-83ef-4e33-8697-89a132877e89,https://inaturalist-open-data.s3.amazonaws.com/photos/11279966/medium.jpeg,5097,Sharp-shinned Hawk,data/new_raw/images/8a3b6b08-83ef-4e33-8697-89a132877e89.jpg
e0e63afb-901f-48c9-befa-74a80b6941e5,https://static.inaturalist.org/photos/11305529/medium.jpg,12890,Hermit Thrush,data/new_raw/images/e0e63afb-901f-48c9-befa-74a80b6941e5.jpg
03c925fe-dff3-4814-9117-61cf4a4ea38e,https://static.inaturalist.org/photos/11306666/medium.jpg,47144,Domestic Dog,data/new_raw/images/03c925fe-dff3-4814-9117-61cf4a4ea38e.jpg
62fc0781-49df-451d-b0ce-4417c100b24e,https://static.inaturalist.org/photos/11306671/medium.jpg,8021,American Crow,data/new_raw/images/62fc0781-49df-451d-b0ce-4417c100b24e.jpg
953fc821-230a-4e00-ac97-066f3bbc7432,https://static.inaturalist.org/photos/11306702/medium.jpg,47144,Domestic Dog,data/new_raw/images/953fc821-230a-4e00-ac97-066f3bbc7432.jpg
f9e36dc0-247d-48e9-91b8-ecaba2939f5a,https://static.inaturalist.org/photos/11307977/medium.jpg,13858,House Sparrow,data/new_raw/images/f9e36dc0-247d-48e9-91b8-ecaba2939f5a.jpg
b5bea385-2007-450b-b64f-2deec8ec35f7,https://inaturalist-open-data.s3.amazonaws.com/photos/11311172/medium.jpg,3857,Dunlin,data/new_raw/images/b5bea385-2007-450b-b64f-2deec8ec35f7.jpg
f988dbae-4aa4-437d-b23b-ddf05d28c1fa,https://inaturalist-open-data.s3.amazonaws.com/photos/11311263/medium.jpg,1454382,Double-crested Cormorant,data/new_raw/images/f988dbae-4aa4-437d-b23b-ddf05d28c1fa.jpg
2e7b6010-b569-40c3-902b-67632176d4aa,https://static.inaturalist.org/photos/11318205/medium.jpg,4956,Great Blue Heron,data/new_raw/images/2e7b6010-b569-40c3-902b-67632176d4aa.jpg
2967ff61-2b40-46b3-a199-4b972e0b978d,https://inaturalist-open-data.s3.amazonaws.com/photos/11335704/medium.jpg,41880,Striped Skunk,data/new_raw/images/2967ff61-2b40-46b3-a199-4b972e0b978d.jpg
8c756e8b-41db-4cbf-a9fb-a5b11cb421af,https://inaturalist-open-data.s3.amazonaws.com/photos/11323573/medium.jpg,46017,Eastern Gray Squirrel,data/new_raw/images/8c756e8b-41db-4cbf-a9fb-a5b11cb421af.jpg
a7ccc500-32fd-4f2e-9232-6e6762e6afdc,https://static.inaturalist.org/photos/11601860/medium.jpg,9176,White-crowned Sparrow,data/new_raw/images/a7ccc500-32fd-4f2e-9232-6e6762e6afdc.jpg
0fd4c6a3-6bcf-41a7-9233-e3f7c6fa46d8,https://inaturalist-open-data.s3.amazonaws.com/photos/11329868/medium.jpeg,792988,Downy Woodpecker,data/new_raw/images/0fd4c6a3-6bcf-41a7-9233-e3f7c6fa46d8.jpg
b7b55499-f66d-4097-ba0d-8dec13252aa6,https://static.inaturalist.org/photos/11337991/medium.jpg,4981,Black-crowned Night Heron,data/new_raw/images/b7b55499-f66d-4097-ba0d-8dec13252aa6.jpg
7796dfa9-a8f4-4558-9b86-b87ea0998b28,https://inaturalist-open-data.s3.amazonaws.com/photos/11363465/medium.jpg,41663,Common Raccoon,data/new_raw/images/7796dfa9-a8f4-4558-9b86-b87ea0998b28.jpg
00f22e55-c3c2-425c-82ad-8c9ba0658b76,https://inaturalist-open-data.s3.amazonaws.com/photos/11412029/medium.jpeg,43584,Human,data/new_raw/images/00f22e55-c3c2-425c-82ad-8c9ba0658b76.jpg
bc90fb16-faf9-41d8-87fa-6d93d4717413,https://inaturalist-open-data.s3.amazonaws.com/photos/11415832/medium.jpeg,1578489,American Herring Gull,data/new_raw/images/bc90fb16-faf9-41d8-87fa-6d93d4717413.jpg
035dc4bb-89b3-412e-be44-a75689107427,https://inaturalist-open-data.s3.amazonaws.com/photos/11429682/medium.jpeg,10322,Rusty Blackbird,data/new_raw/images/035dc4bb-89b3-412e-be44-a75689107427.jpg
049c337c-fba3-44a9-ac87-6d978ebc37a9,https://inaturalist-open-data.s3.amazonaws.com/photos/11430199/medium.jpeg,343340,Eastern Red Fox Sparrow,data/new_raw/images/049c337c-fba3-44a9-ac87-6d978ebc37a9.jpg
04496812-90b7-4641-afd4-b88890cfd3e5,https://inaturalist-open-data.s3.amazonaws.com/photos/11430600/medium.jpeg,132764,Slate-colored Junco,data/new_raw/images/04496812-90b7-4641-afd4-b88890cfd3e5.jpg
b9479f66-7776-4d5e-8d76-eb93233b97ef,https://inaturalist-open-data.s3.amazonaws.com/photos/11430733/medium.jpeg,144883,Winter Wren,data/new_raw/images/b9479f66-7776-4d5e-8d76-eb93233b97ef.jpg
d63ef06a-1435-4d26-86aa-e5c013b97e1e,https://inaturalist-open-data.s3.amazonaws.com/photos/11431148/medium.jpeg,7458,Brown Creeper,data/new_raw/images/d63ef06a-1435-4d26-86aa-e5c013b97e1e.jpg
2514879d-a41e-4adc-affd-bd868c9295e6,https://inaturalist-open-data.s3.amazonaws.com/photos/11439587/medium.jpeg,10676,Dickcissel,data/new_raw/images/2514879d-a41e-4adc-affd-bd868c9295e6.jpg
62dd8d33-2749-4731-8afe-593ba42cf6ff,https://static.inaturalist.org/photos/11443195/medium.jpg,42051,Coyote,data/new_raw/images/62dd8d33-2749-4731-8afe-593ba42cf6ff.jpg
80f1b601-dc1e-4cca-914d-e4b4c359c187,https://inaturalist-open-data.s3.amazonaws.com/photos/11442050/medium.jpeg,7458,Brown Creeper,data/new_raw/images/80f1b601-dc1e-4cca-914d-e4b4c359c187.jpg
0cd849df-3ad6-42f0-84e0-d552a9c2de23,https://static.inaturalist.org/photos/11446452/medium.jpg,3,Birds,data/new_raw/images/0cd849df-3ad6-42f0-84e0-d552a9c2de23.jpg
0dbe5e4d-1590-46b4-9976-549affdce83f,https://static.inaturalist.org/photos/11467495/medium.jpg,1579017,Cooper's Hawk,data/new_raw/images/0dbe5e4d-1590-46b4-9976-549affdce83f.jpg
f6e22764-c450-4191-9e24-fd9bd345e6f6,https://inaturalist-open-data.s3.amazonaws.com/photos/11468946/medium.jpg,9744,Red-winged Blackbird,data/new_raw/images/f6e22764-c450-4191-9e24-fd9bd345e6f6.jpg
14ae602f-bd89-44a0-aad7-72c3a688426e,https://inaturalist-open-data.s3.amazonaws.com/photos/11492518/medium.jpg,42652,Virginia Opossum,data/new_raw/images/14ae602f-bd89-44a0-aad7-72c3a688426e.jpg
3cd1a3f0-23c4-4fca-a685-d8bed32c45bc,https://inaturalist-open-data.s3.amazonaws.com/photos/11496412/medium.jpeg,4956,Great Blue Heron,data/new_raw/images/3cd1a3f0-23c4-4fca-a685-d8bed32c45bc.jpg
3338e2ca-85b3-4b3d-9079-267b0480a38e,https://inaturalist-open-data.s3.amazonaws.com/photos/11501680/medium.jpeg,1579017,Cooper's Hawk,data/new_raw/images/3338e2ca-85b3-4b3d-9079-267b0480a38e.jpg
ac01f0d7-3116-445b-a962-b8ac735ac9fe,https://inaturalist-open-data.s3.amazonaws.com/photos/11501692/medium.jpeg,9176,White-crowned Sparrow,data/new_raw/images/ac01f0d7-3116-445b-a962-b8ac735ac9fe.jpg
4dc29c82-e06c-4347-ac40-558df600e620,https://inaturalist-open-data.s3.amazonaws.com/photos/11501697/medium.jpeg,1541538,Typical Hawks and Harriers,data/new_raw/images/4dc29c82-e06c-4347-ac40-558df600e620.jpg
e362dabb-041e-4ba6-88b4-974f8fb0f745,https://inaturalist-open-data.s3.amazonaws.com/photos/11525859/medium.jpeg,1578489,American Herring Gull,data/new_raw/images/e362dabb-041e-4ba6-88b4-974f8fb0f745.jpg
e10bad8e-e0f9-40f6-a4a5-6861352c3ad1,https://inaturalist-open-data.s3.amazonaws.com/photos/11525893/medium.jpeg,1289388,Ruby-crowned Kinglet,data/new_raw/images/e10bad8e-e0f9-40f6-a4a5-6861352c3ad1.jpg
f47140da-8a4c-47c1-a73e-e528e340abc9,https://inaturalist-open-data.s3.amazonaws.com/photos/11542253/medium.jpeg,5200,Rough-legged Hawk,data/new_raw/images/f47140da-8a4c-47c1-a73e-e528e340abc9.jpg
fc324fe1-b5b9-43a2-ab64-43592fe166de,https://inaturalist-open-data.s3.amazonaws.com/photos/11542260/medium.jpeg,5305,Bald Eagle,data/new_raw/images/fc324fe1-b5b9-43a2-ab64-43592fe166de.jpg
d4544cb4-7e02-440a-9d81-261fdf5ce9f2,https://inaturalist-open-data.s3.amazonaws.com/photos/11542270/medium.jpeg,494355,Eastern Red-tailed Hawk,data/new_raw/images/d4544cb4-7e02-440a-9d81-261fdf5ce9f2.jpg
a32d8884-822e-4993-b630-5ccca1f9e833,https://static.inaturalist.org/photos/11552951/medium.jpg,18463,Yellow-bellied Sapsucker,data/new_raw/images/a32d8884-822e-4993-b630-5ccca1f9e833.jpg
99497dc5-e588-456b-8f30-8f8084c6993d,https://inaturalist-open-data.s3.amazonaws.com/photos/11583861/medium.jpeg,4647,Peregrine Falcon,data/new_raw/images/99497dc5-e588-456b-8f30-8f8084c6993d.jpg
fe679a9a-42b3-47c4-899b-290f00c3a855,https://inaturalist-open-data.s3.amazonaws.com/photos/11583915/medium.jpeg,9135,Chipping Sparrow,data/new_raw/images/fe679a9a-42b3-47c4-899b-290f00c3a855.jpg
d72aa144-886a-438a-9c16-f89b05e0e971,https://static.inaturalist.org/photos/11585026/medium.jpg,4665,American Kestrel,data/new_raw/images/d72aa144-886a-438a-9c16-f89b05e0e971.jpg
c73c20fb-9664-4164-bbb9-edf2848874de,https://static.inaturalist.org/photos/11585104/medium.jpg,4981,Black-crowned Night Heron,data/new_raw/images/c73c20fb-9664-4164-bbb9-edf2848874de.jpg
4e4c95bf-27bd-4f9c-9621-e2a43aef6b5d,https://inaturalist-open-data.s3.amazonaws.com/photos/11606172/medium.jpeg,10271,Rose-breasted Grosbeak,data/new_raw/images/4e4c95bf-27bd-4f9c-9621-e2a43aef6b5d.jpg
099c81d7-d305-4ad6-b94b-15caa3aed941,https://inaturalist-open-data.s3.amazonaws.com/photos/11664071/medium.jpeg,43698,Rodents,data/new_raw/images/099c81d7-d305-4ad6-b94b-15caa3aed941.jpg
84b6184b-3ba0-4a5c-ac55-957d8980a5ef,https://inaturalist-open-data.s3.amazonaws.com/photos/11711326/medium.jpeg,9083,Northern Cardinal,data/new_raw/images/84b6184b-3ba0-4a5c-ac55-957d8980a5ef.jpg
5e021223-f05a-4ec8-ae6b-f997aad47647,https://inaturalist-open-data.s3.amazonaws.com/photos/11720892/medium.jpg,6930,Mallard,data/new_raw/images/5e021223-f05a-4ec8-ae6b-f997aad47647.jpg
a6a4279a-c68d-4535-91a4-49122fa9fdb4,https://inaturalist-open-data.s3.amazonaws.com/photos/11721040/medium.jpg,41573,Carnivorans,data/new_raw/images/a6a4279a-c68d-4535-91a4-49122fa9fdb4.jpg
52ad520f-0916-4d7a-894b-0d03a970ee59,https://inaturalist-open-data.s3.amazonaws.com/photos/11727194/medium.jpeg,9744,Red-winged Blackbird,data/new_raw/images/52ad520f-0916-4d7a-894b-0d03a970ee59.jpg
2cfeb7a1-d68c-4231-85aa-b9c3e50a6bf2,https://inaturalist-open-data.s3.amazonaws.com/photos/11758801/medium.jpg,7089,Canada Goose,data/new_raw/images/2cfeb7a1-d68c-4231-85aa-b9c3e50a6bf2.jpg
9d87b4c7-5404-4007-a6e9-00cdfcf7100d,https://static.inaturalist.org/photos/11765568/medium.jpg,122767,Feral Pigeon,data/new_raw/images/9d87b4c7-5404-4007-a6e9-00cdfcf7100d.jpg
59bb63a8-a74d-41eb-8c30-d7f9938d7bef,https://static.inaturalist.org/photos/11765571/medium.jpg,13858,House Sparrow,data/new_raw/images/59bb63a8-a74d-41eb-8c30-d7f9938d7bef.jpg
f830142c-6051-45db-8e56-79991e299170,https://static.inaturalist.org/photos/11766571/medium.jpg,122767,Feral Pigeon,data/new_raw/images/f830142c-6051-45db-8e56-79991e299170.jpg
50ee4cd3-73aa-4777-a5b2-f782d9d552d9,https://static.inaturalist.org/photos/11766884/medium.jpg,122767,Feral Pigeon,data/new_raw/images/50ee4cd3-73aa-4777-a5b2-f782d9d552d9.jpg
7fc2a3fe-7e14-46d0-b984-606b78e7003e,https://static.inaturalist.org/photos/11767039/medium.jpg,46017,Eastern Gray Squirrel,data/new_raw/images/7fc2a3fe-7e14-46d0-b984-606b78e7003e.jpg
8e5211fb-3da3-4a41-b1f5-e5e2c999f05b,https://static.inaturalist.org/photos/11767062/medium.jpg,122767,Feral Pigeon,data/new_raw/images/8e5211fb-3da3-4a41-b1f5-e5e2c999f05b.jpg
e1d7f01c-6194-451f-bbaf-08e203362529,https://static.inaturalist.org/photos/11768629/medium.jpg,46017,Eastern Gray Squirrel,data/new_raw/images/e1d7f01c-6194-451f-bbaf-08e203362529.jpg
07c19471-e192-46b1-8312-4a39624f481e,https://inaturalist-open-data.s3.amazonaws.com/photos/11770613/medium.jpg,42223,White-tailed Deer,data/new_raw/images/07c19471-e192-46b1-8312-4a39624f481e.jpg
3af9199d-3260-4c10-9fa1-a4c6065924c7,https://static.inaturalist.org/photos/11793498/medium.jpg,7089,Canada Goose,data/new_raw/images/3af9199d-3260-4c10-9fa1-a4c6065924c7.jpg
8f702f56-c1a2-4f07-b381-2df7f71f4574,https://inaturalist-open-data.s3.amazonaws.com/photos/11798815/medium.jpeg,42051,Coyote,data/new_raw/images/8f702f56-c1a2-4f07-b381-2df7f71f4574.jpg
3ff42b22-5676-467d-9978-5631db55db34,https://inaturalist-open-data.s3.amazonaws.com/photos/11798851/medium.jpeg,46017,Eastern Gray Squirrel,data/new_raw/images/3ff42b22-5676-467d-9978-5631db55db34.jpg
67ae3966-a663-42da-b65d-d98c5c16a7b7,https://inaturalist-open-data.s3.amazonaws.com/photos/11798884/medium.jpeg,7107,Wood Duck,data/new_raw/images/67ae3966-a663-42da-b65d-d98c5c16a7b7.jpg
9c49276b-7d5c-4567-80ae-3a24a83b846b,https://inaturalist-open-data.s3.amazonaws.com/photos/11818424/medium.jpeg,19349,Monk Parakeet,data/new_raw/images/9c49276b-7d5c-4567-80ae-3a24a83b846b.jpg
cfe65522-f46d-4216-9fba-ee7531f9fee9,https://inaturalist-open-data.s3.amazonaws.com/photos/11818865/medium.jpeg,42223,White-tailed Deer,data/new_raw/images/cfe65522-f46d-4216-9fba-ee7531f9fee9.jpg
8f0ca7be-6de0-4569-afa6-3e824f261d8f,https://inaturalist-open-data.s3.amazonaws.com/photos/11818866/medium.jpeg,558438,Northern Shoveler,data/new_raw/images/8f0ca7be-6de0-4569-afa6-3e824f261d8f.jpg
77599d13-60cf-4202-a30e-12df174a7eff,https://inaturalist-open-data.s3.amazonaws.com/photos/11824323/medium.jpg,20307,Long-eared Owl,data/new_raw/images/77599d13-60cf-4202-a30e-12df174a7eff.jpg
ed741f9d-1f2c-41ee-9faa-5efae7cc7fc5,https://inaturalist-open-data.s3.amazonaws.com/photos/11824570/medium.jpeg,46217,Eastern Chipmunk,data/new_raw/images/ed741f9d-1f2c-41ee-9faa-5efae7cc7fc5.jpg
ec51a6b7-db4c-45ae-87e5-393ebe045c14,https://inaturalist-open-data.s3.amazonaws.com/photos/11824573/medium.jpeg,343340,Eastern Red Fox Sparrow,data/new_raw/images/ec51a6b7-db4c-45ae-87e5-393ebe045c14.jpg
60652508-d651-4cbf-ac12-a907489cfca8,https://inaturalist-open-data.s3.amazonaws.com/photos/11826746/medium.jpg,42051,Coyote,data/new_raw/images/60652508-d651-4cbf-ac12-a907489cfca8.jpg
80e2f180-7a04-41c8-b10b-4855b656b13b,https://inaturalist-open-data.s3.amazonaws.com/photos/11843902/medium.jpeg,42223,White-tailed Deer,data/new_raw/images/80e2f180-7a04-41c8-b10b-4855b656b13b.jpg
164a4849-cebb-47c8-86b8-0d99d9144ebc,https://inaturalist-open-data.s3.amazonaws.com/photos/11844070/medium.jpeg,42223,White-tailed Deer,data/new_raw/images/164a4849-cebb-47c8-86b8-0d99d9144ebc.jpg
a911f23c-2f3c-4dd4-84ab-20aff84789f7,https://inaturalist-open-data.s3.amazonaws.com/photos/11844334/medium.jpeg,42223,White-tailed Deer,data/new_raw/images/a911f23c-2f3c-4dd4-84ab-20aff84789f7.jpg
04e05395-aff3-42bc-a5fc-516753dca90e,https://inaturalist-open-data.s3.amazonaws.com/photos/11850634/medium.jpeg,558426,Snow Goose,data/new_raw/images/04e05395-aff3-42bc-a5fc-516753dca90e.jpg
647fa99a-e3ff-4cdf-85be-619a5459dc2f,https://inaturalist-open-data.s3.amazonaws.com/photos/11868355/medium.jpg,46017,Eastern Gray Squirrel,data/new_raw/images/647fa99a-e3ff-4cdf-85be-619a5459dc2f.jpg
3b89ce0c-2464-41fb-ab80-24a36e3bcf05,https://static.inaturalist.org/photos/11875418/medium.jpg,14850,European Starling,data/new_raw/images/3b89ce0c-2464-41fb-ab80-24a36e3bcf05.jpg
5c8cd286-28ef-4ef0-9886-c76509b8695e,https://inaturalist-open-data.s3.amazonaws.com/photos/11912954/medium.jpeg,122767,Feral Pigeon,data/new_raw/images/5c8cd286-28ef-4ef0-9886-c76509b8695e.jpg
8dbc04c5-0cf8-43e4-9760-14069458b690,https://inaturalist-open-data.s3.amazonaws.com/photos/11913184/medium.jpeg,46017,Eastern Gray Squirrel,data/new_raw/images/8dbc04c5-0cf8-43e4-9760-14069458b690.jpg
6154af32-b762-46e9-b38a-6663281a28ca,https://inaturalist-open-data.s3.amazonaws.com/photos/11935179/medium.jpeg,1579017,Cooper's Hawk,data/new_raw/images/6154af32-b762-46e9-b38a-6663281a28ca.jpg
3a5eeb4d-8ef9-4cfb-a252-a37cfe3100d9,https://inaturalist-open-data.s3.amazonaws.com/photos/11935186/medium.jpeg,4956,Great Blue Heron,data/new_raw/images/3a5eeb4d-8ef9-4cfb-a252-a37cfe3100d9.jpg
d93b5578-ffa1-4f3d-b260-128abade8ce8,https://inaturalist-open-data.s3.amazonaws.com/photos/11935989/medium.jpeg,1579017,Cooper's Hawk,data/new_raw/images/d93b5578-ffa1-4f3d-b260-128abade8ce8.jpg
41ce1c34-39f5-4708-846d-055d806e8e0c,https://inaturalist-open-data.s3.amazonaws.com/photos/11977651/medium.jpg,42223,White-tailed Deer,data/new_raw/images/41ce1c34-39f5-4708-846d-055d806e8e0c.jpg
a446099f-15de-4886-8b14-8d101bd0f1c5,https://inaturalist-open-data.s3.amazonaws.com/photos/11977699/medium.jpg,1431621,Western Meadow Vole,data/new_raw/images/a446099f-15de-4886-8b14-8d101bd0f1c5.jpg
ef14abbe-258f-49f8-95d5-d27655da4a29,https://inaturalist-open-data.s3.amazonaws.com/photos/11977795/medium.jpg,42223,White-tailed Deer,data/new_raw/images/ef14abbe-258f-49f8-95d5-d27655da4a29.jpg
6592f6fe-11ae-4f3e-960a-2f1d5133f50d,https://inaturalist-open-data.s3.amazonaws.com/photos/11981600/medium.jpeg,5212,Red-tailed Hawk,data/new_raw/images/6592f6fe-11ae-4f3e-960a-2f1d5133f50d.jpg
abc9ee83-de2d-4f57-9e86-63d933f49cbf,https://static.inaturalist.org/photos/11989120/medium.jpg,1579017,Cooper's Hawk,data/new_raw/images/abc9ee83-de2d-4f57-9e86-63d933f49cbf.jpg
d93c887f-fdd3-4419-8c01-6a968b7c94ab,https://static.inaturalist.org/photos/12011590/medium.jpg,46217,Eastern Chipmunk,data/new_raw/images/d93c887f-fdd3-4419-8c01-6a968b7c94ab.jpg
e876624b-4b3f-42bb-81ed-6afbb4d8a482,https://inaturalist-open-data.s3.amazonaws.com/photos/12018339/medium.jpeg,9184,White-throated Sparrow,data/new_raw/images/e876624b-4b3f-42bb-81ed-6afbb4d8a482.jpg
06de55b3-b6a3-4248-917e-63b4dc332f5c,https://inaturalist-open-data.s3.amazonaws.com/photos/12049096/medium.jpeg,792988,Downy Woodpecker,data/new_raw/images/06de55b3-b6a3-4248-917e-63b4dc332f5c.jpg
463f0a7f-ce34-4d39-bfad-1cea86435b11,https://static.inaturalist.org/photos/12065643/medium.jpg,1579017,Cooper's Hawk,data/new_raw/images/463f0a7f-ce34-4d39-bfad-1cea86435b11.jpg
e8cc7bb0-2517-4ea2-9f61-e7706dc32ab7,https://static.inaturalist.org/photos/12059371/medium.jpg,508048,Sandhill Crane,data/new_raw/images/e8cc7bb0-2517-4ea2-9f61-e7706dc32ab7.jpg
2601297d-b649-4fb8-806c-6f7daf053fff,https://inaturalist-open-data.s3.amazonaws.com/photos/12079942/medium.jpg,3,Birds,data/new_raw/images/2601297d-b649-4fb8-806c-6f7daf053fff.jpg
4d3cbbaf-8c11-4256-8775-4394eb816df4,https://static.inaturalist.org/photos/12085293/medium.jpg,43584,Human,data/new_raw/images/4d3cbbaf-8c11-4256-8775-4394eb816df4.jpg
b299b731-5bd3-4483-8acf-2ac578a17237,https://static.inaturalist.org/photos/12085348/medium.jpg,7089,Canada Goose,data/new_raw/images/b299b731-5bd3-4483-8acf-2ac578a17237.jpg
e0bb006e-082f-4bf4-b453-f3faf1f61b22,https://static.inaturalist.org/photos/12085373/medium.jpg,5179,Buteos,data/new_raw/images/e0bb006e-082f-4bf4-b453-f3faf1f61b22.jpg
da96ab71-e33d-40a7-9d94-371f98b50afe,https://inaturalist-open-data.s3.amazonaws.com/photos/12085384/medium.jpeg,7089,Canada Goose,data/new_raw/images/da96ab71-e33d-40a7-9d94-371f98b50afe.jpg
88d61dd8-fde8-412b-88eb-03b3867f2746,https://static.inaturalist.org/photos/12085407/medium.jpg,7089,Canada Goose,data/new_raw/images/88d61dd8-fde8-412b-88eb-03b3867f2746.jpg
173d72a1-efe8-4cd4-b808-23890dd0ebb2,https://static.inaturalist.org/photos/12085411/medium.jpg,7089,Canada Goose,data/new_raw/images/173d72a1-efe8-4cd4-b808-23890dd0ebb2.jpg
4085c763-e3cb-4a11-b4c0-f06712e5f1d6,https://static.inaturalist.org/photos/12085416/medium.jpg,43584,Human,data/new_raw/images/4085c763-e3cb-4a11-b4c0-f06712e5f1d6.jpg
f981912c-f074-4da2-a642-0a3bf68ae7e2,https://static.inaturalist.org/photos/12085421/medium.jpeg,7089,Canada Goose,data/new_raw/images/f981912c-f074-4da2-a642-0a3bf68ae7e2.jpg
84301bda-f852-4cb3-a2d0-025b3163034f,https://static.inaturalist.org/photos/12085422/medium.jpg,7089,Canada Goose,data/new_raw/images/84301bda-f852-4cb3-a2d0-025b3163034f.jpg
706d1bc6-9ba3-4b1a-b4ca-a92f75452b29,https://static.inaturalist.org/photos/12085426/medium.jpg,7089,Canada Goose,data/new_raw/images/706d1bc6-9ba3-4b1a-b4ca-a92f75452b29.jpg
648db19a-17b7-4c45-8b36-3b4982f0b02e,https://static.inaturalist.org/photos/12085427/medium.jpg,8021,American Crow,data/new_raw/images/648db19a-17b7-4c45-8b36-3b4982f0b02e.jpg
ad2f155c-832a-47a4-a3c5-d9431b6c86c5,https://inaturalist-open-data.s3.amazonaws.com/photos/12085428/medium.jpeg,7089,Canada Goose,data/new_raw/images/ad2f155c-832a-47a4-a3c5-d9431b6c86c5.jpg
9cbf9ce5-1a0c-4671-a6a8-1cfa46828b6d,https://static.inaturalist.org/photos/12085455/medium.jpg,7089,Canada Goose,data/new_raw/images/9cbf9ce5-1a0c-4671-a6a8-1cfa46828b6d.jpg
9c1bcc48-4f7c-4b89-9925-23bb91d2cac9,https://static.inaturalist.org/photos/12085547/medium.jpg,43111,Eastern Cottontail,data/new_raw/images/9c1bcc48-4f7c-4b89-9925-23bb91d2cac9.jpg
1b472cd2-6c11-4006-9c50-f7ade4e54336,https://static.inaturalist.org/photos/12085556/medium.jpg,43111,Eastern Cottontail,data/new_raw/images/1b472cd2-6c11-4006-9c50-f7ade4e54336.jpg
dccc5afc-b5c5-49fc-9bd4-946b733d2986,https://inaturalist-open-data.s3.amazonaws.com/photos/12085559/medium.jpeg,473,American Coot,data/new_raw/images/dccc5afc-b5c5-49fc-9bd4-946b733d2986.jpg
b7de75a0-da3c-406d-bdb1-e9f1daa3cf3d,https://static.inaturalist.org/photos/12085565/medium.jpg,43111,Eastern Cottontail,data/new_raw/images/b7de75a0-da3c-406d-bdb1-e9f1daa3cf3d.jpg
809f1c39-63c4-4271-b767-139b7e13cc89,https://static.inaturalist.org/photos/12085567/medium.jpg,473,American Coot,data/new_raw/images/809f1c39-63c4-4271-b767-139b7e13cc89.jpg
4003004f-3833-494e-8a94-f46283f61cc3,https://static.inaturalist.org/photos/12085569/medium.jpeg,473,American Coot,data/new_raw/images/4003004f-3833-494e-8a94-f46283f61cc3.jpg
a8bd32a1-be41-4ecc-b049-629b0658a09b,https://inaturalist-open-data.s3.amazonaws.com/photos/12085571/medium.jpeg,43111,Eastern Cottontail,data/new_raw/images/a8bd32a1-be41-4ecc-b049-629b0658a09b.jpg
66110269-55d0-4f4d-b03d-7455a8ef5459,https://inaturalist-open-data.s3.amazonaws.com/photos/12085586/medium.jpeg,473,American Coot,data/new_raw/images/66110269-55d0-4f4d-b03d-7455a8ef5459.jpg
62354451-b62d-41f3-a27f-78580efd6712,https://inaturalist-open-data.s3.amazonaws.com/photos/12098739/medium.jpeg,46017,Eastern Gray Squirrel,data/new_raw/images/62354451-b62d-41f3-a27f-78580efd6712.jpg
8c8c4bff-19a4-471d-a790-6a107d300121,https://inaturalist-open-data.s3.amazonaws.com/photos/12114482/medium.jpg,42652,Virginia Opossum,data/new_raw/images/8c8c4bff-19a4-471d-a790-6a107d300121.jpg
72ba7a8e-033b-48ec-94b2-81db16d1ebc0,https://inaturalist-open-data.s3.amazonaws.com/photos/12116436/medium.jpg,144594,Snowy Owl,data/new_raw/images/72ba7a8e-033b-48ec-94b2-81db16d1ebc0.jpg
b21a6ac4-748d-42f1-a1b9-ed334a0eeb44,https://inaturalist-open-data.s3.amazonaws.com/photos/12116442/medium.jpg,558426,Snow Goose,data/new_raw/images/b21a6ac4-748d-42f1-a1b9-ed334a0eeb44.jpg
b88dcd5c-afc9-4f76-81b5-7857ef48cb21,https://inaturalist-open-data.s3.amazonaws.com/photos/12116522/medium.jpg,7089,Canada Goose,data/new_raw/images/b88dcd5c-afc9-4f76-81b5-7857ef48cb21.jpg
f8bf2bc6-f47c-483d-82b5-a4478601104b,https://inaturalist-open-data.s3.amazonaws.com/photos/12122599/medium.jpeg,144594,Snowy Owl,data/new_raw/images/f8bf2bc6-f47c-483d-82b5-a4478601104b.jpg
c7cfc91c-f013-4d5e-92a6-45fbdd5e9bd8,https://inaturalist-open-data.s3.amazonaws.com/photos/12122668/medium.jpeg,144594,Snowy Owl,data/new_raw/images/c7cfc91c-f013-4d5e-92a6-45fbdd5e9bd8.jpg
c5b6b340-e408-41f4-a09f-2253151c3c3f,https://inaturalist-open-data.s3.amazonaws.com/photos/12123102/medium.jpeg,5305,Bald Eagle,data/new_raw/images/c5b6b340-e408-41f4-a09f-2253151c3c3f.jpg
de0d8e5a-10ab-4bcc-b028-5fad7804a0a4,https://inaturalist-open-data.s3.amazonaws.com/photos/12127431/medium.jpeg,6930,Mallard,data/new_raw/images/de0d8e5a-10ab-4bcc-b028-5fad7804a0a4.jpg
accb7f42-fee0-4ec8-a7f0-35951f126936,https://inaturalist-open-data.s3.amazonaws.com/photos/12127436/medium.jpeg,144883,Winter Wren,data/new_raw/images/accb7f42-fee0-4ec8-a7f0-35951f126936.jpg
b73f26ef-f34f-4786-8a2a-7d4992fee7e3,https://inaturalist-open-data.s3.amazonaws.com/photos/12127441/medium.jpg,4956,Great Blue Heron,data/new_raw/images/b73f26ef-f34f-4786-8a2a-7d4992fee7e3.jpg
dc273da9-ed87-4a73-9b5b-d7e5da030aad,https://inaturalist-open-data.s3.amazonaws.com/photos/12127465/medium.jpeg,7107,Wood Duck,data/new_raw/images/dc273da9-ed87-4a73-9b5b-d7e5da030aad.jpg
0c12d895-7d53-46cc-83f3-4c2bf1307c7a,https://inaturalist-open-data.s3.amazonaws.com/photos/12135526/medium.jpg,43794,American Beaver,data/new_raw/images/0c12d895-7d53-46cc-83f3-4c2bf1307c7a.jpg
4bfbd608-7bdf-48fa-9531-d69f62e77bd5,https://inaturalist-open-data.s3.amazonaws.com/photos/12154617/medium.jpeg,132764,Slate-colored Junco,data/new_raw/images/4bfbd608-7bdf-48fa-9531-d69f62e77bd5.jpg
655c96b6-afcf-4ef7-b4b0-95c0268b306c,https://inaturalist-open-data.s3.amazonaws.com/photos/12154619/medium.jpeg,9100,Song Sparrow,data/new_raw/images/655c96b6-afcf-4ef7-b4b0-95c0268b306c.jpg
2e9e7017-a810-4c13-9e1a-7beef37abe18,https://inaturalist-open-data.s3.amazonaws.com/photos/12154620/medium.jpeg,199840,House Finch,data/new_raw/images/2e9e7017-a810-4c13-9e1a-7beef37abe18.jpg
d279da96-a16d-4877-8b3f-7797979defdc,https://inaturalist-open-data.s3.amazonaws.com/photos/12154625/medium.jpeg,145310,American Goldfinch,data/new_raw/images/d279da96-a16d-4877-8b3f-7797979defdc.jpg
db8babec-80f0-4f41-84af-107321eb6be0,https://inaturalist-open-data.s3.amazonaws.com/photos/12154631/medium.jpeg,7107,Wood Duck,data/new_raw/images/db8babec-80f0-4f41-84af-107321eb6be0.jpg
d2d33bf1-7af4-4fcb-a901-1fa64257ffe5,https://inaturalist-open-data.s3.amazonaws.com/photos/12154637/medium.jpeg,3454,Mourning Dove,data/new_raw/images/d2d33bf1-7af4-4fcb-a901-1fa64257ffe5.jpg
4fcdc279-5faf-4dac-96b1-72b385ae0ecf,https://inaturalist-open-data.s3.amazonaws.com/photos/12154639/medium.jpeg,4956,Great Blue Heron,data/new_raw/images/4fcdc279-5faf-4dac-96b1-72b385ae0ecf.jpg
a16df332-7015-4518-96d9-a4e42bf3ef94,https://inaturalist-open-data.s3.amazonaws.com/photos/12154640/medium.jpeg,4647,Peregrine Falcon,data/new_raw/images/a16df332-7015-4518-96d9-a4e42bf3ef94.jpg
66a1430e-ee6d-4947-b2c9-ce085e1c644b,https://inaturalist-open-data.s3.amazonaws.com/photos/12154719/medium.jpeg,144815,Black-capped Chickadee,data/new_raw/images/66a1430e-ee6d-4947-b2c9-ce085e1c644b.jpg
3bdf3c87-0e6c-4b00-824e-4278e44b1c5e,https://inaturalist-open-data.s3.amazonaws.com/photos/12164072/medium.jpeg,145310,American Goldfinch,data/new_raw/images/3bdf3c87-0e6c-4b00-824e-4278e44b1c5e.jpg
2439ccd7-9ec2-47bf-9529-a000abda594b,https://inaturalist-open-data.s3.amazonaws.com/photos/12166432/medium.jpg,9083,Northern Cardinal,data/new_raw/images/2439ccd7-9ec2-47bf-9529-a000abda594b.jpg
8c46db51-4473-4472-81a1-b099622ab2ad,https://inaturalist-open-data.s3.amazonaws.com/photos/12166460/medium.jpg,792988,Downy Woodpecker,data/new_raw/images/8c46db51-4473-4472-81a1-b099622ab2ad.jpg
8b8c0d5f-952e-456d-af8b-f03411357c4e,https://inaturalist-open-data.s3.amazonaws.com/photos/12166488/medium.jpg,14850,European Starling,data/new_raw/images/8b8c0d5f-952e-456d-af8b-f03411357c4e.jpg
d2c51d6d-fd23-4ffc-bf87-3416e0b6b8c9,https://inaturalist-open-data.s3.amazonaws.com/photos/12166524/medium.jpg,9083,Northern Cardinal,data/new_raw/images/d2c51d6d-fd23-4ffc-bf87-3416e0b6b8c9.jpg
9c7c3753-8945-4bcf-a539-da43b7d4d0c5,https://inaturalist-open-data.s3.amazonaws.com/photos/12166549/medium.jpg,144815,Black-capped Chickadee,data/new_raw/images/9c7c3753-8945-4bcf-a539-da43b7d4d0c5.jpg
10e7f0ce-5f96-471e-893a-3b7ebf62d360,https://inaturalist-open-data.s3.amazonaws.com/photos/12185214/medium.jpg,792988,Downy Woodpecker,data/new_raw/images/10e7f0ce-5f96-471e-893a-3b7ebf62d360.jpg
1bd73253-bed5-4596-8fba-d38d281aa248,https://inaturalist-open-data.s3.amazonaws.com/photos/12187759/medium.jpg,4364,Ring-billed Gull,data/new_raw/images/1bd73253-bed5-4596-8fba-d38d281aa248.jpg
86a8bfcd-c2f6-4dd4-9758-12a471b64c45,https://inaturalist-open-data.s3.amazonaws.com/photos/12187866/medium.jpg,12727,American Robin,data/new_raw/images/86a8bfcd-c2f6-4dd4-9758-12a471b64c45.jpg
7831e452-a0a0-4404-8a58-d698046377cc,https://inaturalist-open-data.s3.amazonaws.com/photos/12196184/medium.jpg,236935,Domestic Mallard,data/new_raw/images/7831e452-a0a0-4404-8a58-d698046377cc.jpg
c30cc17e-0056-455a-b853-079ee6816029,https://inaturalist-open-data.s3.amazonaws.com/photos/12205968/medium.jpg,1454382,Double-crested Cormorant,data/new_raw/images/c30cc17e-0056-455a-b853-079ee6816029.jpg
25911958-d7f0-4040-84ac-e9ed97f70877,https://inaturalist-open-data.s3.amazonaws.com/photos/12222869/medium.jpeg,6996,Red-breasted Merganser,data/new_raw/images/25911958-d7f0-4040-84ac-e9ed97f70877.jpg
1c432119-df37-48da-91bf-9f15adae1cb7,https://static.inaturalist.org/photos/12251996/medium.jpg,43584,Human,data/new_raw/images/1c432119-df37-48da-91bf-9f15adae1cb7.jpg
fdc4d209-7ade-4ada-a61d-e7d3f894912d,https://static.inaturalist.org/photos/12255090/medium.jpg,6930,Mallard,data/new_raw/images/fdc4d209-7ade-4ada-a61d-e7d3f894912d.jpg
8d2afea6-b70b-418a-bc9a-d8f9cf8d4f25,https://inaturalist-open-data.s3.amazonaws.com/photos/12276595/medium.jpeg,5212,Red-tailed Hawk,data/new_raw/images/8d2afea6-b70b-418a-bc9a-d8f9cf8d4f25.jpg
630e9910-db49-4f66-8dd8-bbef8bae8249,https://inaturalist-open-data.s3.amazonaws.com/photos/12294554/medium.jpeg,8229,Blue Jay,data/new_raw/images/630e9910-db49-4f66-8dd8-bbef8bae8249.jpg
c8ebad41-b237-454c-8df3-ecf87549e322,https://inaturalist-open-data.s3.amazonaws.com/photos/12294602/medium.jpeg,9083,Northern Cardinal,data/new_raw/images/c8ebad41-b237-454c-8df3-ecf87549e322.jpg
926b3af9-cdd6-42d2-a3ee-215734d08756,https://inaturalist-open-data.s3.amazonaws.com/photos/12301265/medium.jpg,7004,Common Merganser,data/new_raw/images/926b3af9-cdd6-42d2-a3ee-215734d08756.jpg
1b2a6466-8e6a-4af7-81e7-5cb0586b0449,https://inaturalist-open-data.s3.amazonaws.com/photos/12302279/medium.jpeg,9083,Northern Cardinal,data/new_raw/images/1b2a6466-8e6a-4af7-81e7-5cb0586b0449.jpg
8efadfcb-bfff-4511-b729-5d6378732bd7,https://inaturalist-open-data.s3.amazonaws.com/photos/12302360/medium.jpeg,792988,Downy Woodpecker,data/new_raw/images/8efadfcb-bfff-4511-b729-5d6378732bd7.jpg
7e4f7f48-25fd-4156-ba58-d5d8036f6142,https://inaturalist-open-data.s3.amazonaws.com/photos/12302601/medium.jpg,13858,House Sparrow,data/new_raw/images/7e4f7f48-25fd-4156-ba58-d5d8036f6142.jpg
5ec109d4-ad8e-4f3a-8a5f-b0cd98a2fd42,https://inaturalist-open-data.s3.amazonaws.com/photos/12302636/medium.jpg,145310,American Goldfinch,data/new_raw/images/5ec109d4-ad8e-4f3a-8a5f-b0cd98a2fd42.jpg
7dbfd937-12fc-480e-9e91-a02d85253806,https://inaturalist-open-data.s3.amazonaws.com/photos/12302654/medium.jpeg,46017,Eastern Gray Squirrel,data/new_raw/images/7dbfd937-12fc-480e-9e91-a02d85253806.jpg
29acffa4-c4d4-4215-89c1-4bd783f8f823,https://inaturalist-open-data.s3.amazonaws.com/photos/12302681/medium.jpeg,10094,Dark-eyed Junco,data/new_raw/images/29acffa4-c4d4-4215-89c1-4bd783f8f823.jpg
0108b2bb-31be-49e4-a126-e2b6fa39baa7,https://inaturalist-open-data.s3.amazonaws.com/photos/12302718/medium.jpeg,144815,Black-capped Chickadee,data/new_raw/images/0108b2bb-31be-49e4-a126-e2b6fa39baa7.jpg
59400fab-ec96-4197-9201-36be662a4da3,https://inaturalist-open-data.s3.amazonaws.com/photos/12302758/medium.jpeg,6990,Common Goldeneye,data/new_raw/images/59400fab-ec96-4197-9201-36be662a4da3.jpg
06439d6e-6c6b-491e-8da0-5af1e3e54901,https://static.inaturalist.org/photos/12308953/medium.jpg,5212,Red-tailed Hawk,data/new_raw/images/06439d6e-6c6b-491e-8da0-5af1e3e54901.jpg
e309672c-bd9b-409b-96b6-f9328c5f665f,https://inaturalist-open-data.s3.amazonaws.com/photos/12309115/medium.jpeg,145310,American Goldfinch,data/new_raw/images/e309672c-bd9b-409b-96b6-f9328c5f665f.jpg
db1c0ebe-0dd0-4e18-bb92-71d6d9451915,https://inaturalist-open-data.s3.amazonaws.com/photos/12315963/medium.jpeg,41461,Beluga,data/new_raw/images/db1c0ebe-0dd0-4e18-bb92-71d6d9451915.jpg
be33ef81-9347-479b-a652-1b5a74158705,https://inaturalist-open-data.s3.amazonaws.com/photos/12316158/medium.jpeg,3812,Magellanic Penguin,data/new_raw/images/be33ef81-9347-479b-a652-1b5a74158705.jpg
18a214a2-2dfb-4f12-acf7-1343d1021ebb,https://inaturalist-open-data.s3.amazonaws.com/photos/12316209/medium.jpeg,1368491,Pacific White-sided Dolphin,data/new_raw/images/18a214a2-2dfb-4f12-acf7-1343d1021ebb.jpg
a0416e6a-8c87-43de-b574-bf435b306494,https://inaturalist-open-data.s3.amazonaws.com/photos/12337265/medium.jpg,45994,Tree Squirrels,data/new_raw/images/a0416e6a-8c87-43de-b574-bf435b306494.jpg
1cd9b453-218f-4bf7-9d00-905737d80d6f,https://inaturalist-open-data.s3.amazonaws.com/photos/12337282/medium.jpg,43111,Eastern Cottontail,data/new_raw/images/1cd9b453-218f-4bf7-9d00-905737d80d6f.jpg
98c946a2-7004-4561-ae0f-065cc69aeb1f,https://inaturalist-open-data.s3.amazonaws.com/photos/12348522/medium.jpeg,5212,Red-tailed Hawk,data/new_raw/images/98c946a2-7004-4561-ae0f-065cc69aeb1f.jpg
79dd60f4-6c60-4e4f-bc37-3a9eb879341a,https://inaturalist-open-data.s3.amazonaws.com/photos/12373137/medium.jpg,3,Birds,data/new_raw/images/79dd60f4-6c60-4e4f-bc37-3a9eb879341a.jpg
91bdfb29-2b2e-4d49-9b7d-b676ea48672b,https://inaturalist-open-data.s3.amazonaws.com/photos/12375389/medium.jpeg,12890,Hermit Thrush,data/new_raw/images/91bdfb29-2b2e-4d49-9b7d-b676ea48672b.jpg
106f0fcb-0bd1-4c58-b040-f57c4587ce36,https://inaturalist-open-data.s3.amazonaws.com/photos/12388571/medium.jpg,42652,Virginia Opossum,data/new_raw/images/106f0fcb-0bd1-4c58-b040-f57c4587ce36.jpg
3ef14b7b-f2e4-485b-a2d7-b6f12146d58c,https://inaturalist-open-data.s3.amazonaws.com/photos/12388590/medium.jpg,42652,Virginia Opossum,data/new_raw/images/3ef14b7b-f2e4-485b-a2d7-b6f12146d58c.jpg
8cff229b-2108-4762-bc21-84fce189eb48,https://inaturalist-open-data.s3.amazonaws.com/photos/12388651/medium.jpg,1431621,Western Meadow Vole,data/new_raw/images/8cff229b-2108-4762-bc21-84fce189eb48.jpg
dce37fbd-8a5f-4eb4-bee7-0965220d25b2,https://inaturalist-open-data.s3.amazonaws.com/photos/12397364/medium.jpeg,144594,Snowy Owl,data/new_raw/images/dce37fbd-8a5f-4eb4-bee7-0965220d25b2.jpg
eeb15c51-db22-4c1a-8b09-45f74bf298cd,https://inaturalist-open-data.s3.amazonaws.com/photos/12400798/medium.jpg,46017,Eastern Gray Squirrel,data/new_raw/images/eeb15c51-db22-4c1a-8b09-45f74bf298cd.jpg
8236bc33-d162-4a8a-b870-2e21da3c3819,https://inaturalist-open-data.s3.amazonaws.com/photos/12411324/medium.jpg,7493,Blue-gray Gnatcatcher,data/new_raw/images/8236bc33-d162-4a8a-b870-2e21da3c3819.jpg
204c520a-39c7-4e95-805b-bd8036c894f1,https://inaturalist-open-data.s3.amazonaws.com/photos/12454009/medium.jpg,4364,Ring-billed Gull,data/new_raw/images/204c520a-39c7-4e95-805b-bd8036c894f1.jpg
0361eb51-6e80-4d93-8cc3-13b638d36653,https://inaturalist-open-data.s3.amazonaws.com/photos/12459897/medium.jpg,44349,North American Deer Mice,data/new_raw/images/0361eb51-6e80-4d93-8cc3-13b638d36653.jpg
16d50e4f-230b-4d1d-ac74-e3b2fc5d01fc,https://inaturalist-open-data.s3.amazonaws.com/photos/12464493/medium.jpg,20044,Great Horned Owl,data/new_raw/images/16d50e4f-230b-4d1d-ac74-e3b2fc5d01fc.jpg
62ea74d7-5481-423f-a581-294bf2091e0e,https://inaturalist-open-data.s3.amazonaws.com/photos/12464565/medium.jpeg,144594,Snowy Owl,data/new_raw/images/62ea74d7-5481-423f-a581-294bf2091e0e.jpg
5b981206-bb9d-4f34-8be7-4a5ce91a7e20,https://inaturalist-open-data.s3.amazonaws.com/photos/12464793/medium.jpeg,59220,Cackling Goose,data/new_raw/images/5b981206-bb9d-4f34-8be7-4a5ce91a7e20.jpg
1f5bb760-9fa6-486b-a412-ecba6b285978,https://inaturalist-open-data.s3.amazonaws.com/photos/12464996/medium.jpg,46017,Eastern Gray Squirrel,data/new_raw/images/1f5bb760-9fa6-486b-a412-ecba6b285978.jpg
0bf9bfa9-cdd4-48bf-8c5a-ddaadc112284,https://inaturalist-open-data.s3.amazonaws.com/photos/12465007/medium.jpg,5212,Red-tailed Hawk,data/new_raw/images/0bf9bfa9-cdd4-48bf-8c5a-ddaadc112284.jpg
10f92394-c08a-41b9-925e-e12bf01c804c,https://inaturalist-open-data.s3.amazonaws.com/photos/12465004/medium.jpeg,7089,Canada Goose,data/new_raw/images/10f92394-c08a-41b9-925e-e12bf01c804c.jpg
3fa61288-a3c0-4f4c-90b6-c89fede57bbc,https://static.inaturalist.org/photos/12484297/medium.jpg,46017,Eastern Gray Squirrel,data/new_raw/images/3fa61288-a3c0-4f4c-90b6-c89fede57bbc.jpg
13872cab-01c0-467b-b8c6-2e05620820ba,https://static.inaturalist.org/photos/12484874/medium.jpg,7089,Canada Goose,data/new_raw/images/13872cab-01c0-467b-b8c6-2e05620820ba.jpg
018f3ff4-d79b-463d-85ea-a80574e7187b,https://inaturalist-open-data.s3.amazonaws.com/photos/12490192/medium.jpg,4364,Ring-billed Gull,data/new_raw/images/018f3ff4-d79b-463d-85ea-a80574e7187b.jpg
dea0d196-a57d-46a3-9df3-09d0ee62538d,https://inaturalist-open-data.s3.amazonaws.com/photos/12501261/medium.jpeg,1264432,American Mink,data/new_raw/images/dea0d196-a57d-46a3-9df3-09d0ee62538d.jpg
10f58273-686f-48a3-9a69-0dff736e8089,https://static.inaturalist.org/photos/12512371/medium.jpg,5212,Red-tailed Hawk,data/new_raw/images/10f58273-686f-48a3-9a69-0dff736e8089.jpg
40ecf86b-cb95-453d-acde-6e7ffac64af0,https://static.inaturalist.org/photos/12515982/medium.jpeg,9744,Red-winged Blackbird,data/new_raw/images/40ecf86b-cb95-453d-acde-6e7ffac64af0.jpg
5eb7911a-cc0b-4244-95ce-58764d967e94,https://inaturalist-open-data.s3.amazonaws.com/photos/12538361/medium.jpg,792990,Hairy Woodpecker,data/new_raw/images/5eb7911a-cc0b-4244-95ce-58764d967e94.jpg
741ce6ff-857c-45b5-92d9-926db6d45f89,https://static.inaturalist.org/photos/12539907/medium.jpg,43584,Human,data/new_raw/images/741ce6ff-857c-45b5-92d9-926db6d45f89.jpg
78c2a925-b670-4748-84eb-3d532a6581ec,https://inaturalist-open-data.s3.amazonaws.com/photos/12551997/medium.jpeg,42223,White-tailed Deer,data/new_raw/images/78c2a925-b670-4748-84eb-3d532a6581ec.jpg
dc2755eb-c375-4e84-81b5-0e2a8779dc14,https://static.inaturalist.org/photos/12554730/medium.jpg,7089,Canada Goose,data/new_raw/images/dc2755eb-c375-4e84-81b5-0e2a8779dc14.jpg
71ef423e-3c13-4582-97d7-6bb7fd6271a1,https://static.inaturalist.org/photos/12555043/medium.jpg,120479,Domestic Greylag Goose,data/new_raw/images/71ef423e-3c13-4582-97d7-6bb7fd6271a1.jpg
410aa237-765e-4fad-8cb9-10f23a6d0806,https://static.inaturalist.org/photos/12555158/medium.jpg,7107,Wood Duck,data/new_raw/images/410aa237-765e-4fad-8cb9-10f23a6d0806.jpg
ba111afe-1197-4900-9142-54c3d102868e,https://inaturalist-open-data.s3.amazonaws.com/photos/12557292/medium.jpg,7089,Canada Goose,data/new_raw/images/ba111afe-1197-4900-9142-54c3d102868e.jpg
03166b95-e689-421d-9555-b17de84332e0,https://static.inaturalist.org/photos/12560488/medium.jpg,47144,Domestic Dog,data/new_raw/images/03166b95-e689-421d-9555-b17de84332e0.jpg
20c84e22-35c9-40ce-8e61-3af025f6f15b,https://static.inaturalist.org/photos/12605547/medium.jpg,4364,Ring-billed Gull,data/new_raw/images/20c84e22-35c9-40ce-8e61-3af025f6f15b.jpg
680c22c0-1eea-4fd7-812e-034bb4357339,https://inaturalist-open-data.s3.amazonaws.com/photos/12618842/medium.jpeg,10094,Dark-eyed Junco,data/new_raw/images/680c22c0-1eea-4fd7-812e-034bb4357339.jpg
c135edb9-f012-4d4b-9a48-2c3862438fec,https://static.inaturalist.org/photos/12625215/medium.jpg,41663,Common Raccoon,data/new_raw/images/c135edb9-f012-4d4b-9a48-2c3862438fec.jpg
2b8bbe04-1595-4ff0-8a4e-fd674195c602,https://inaturalist-open-data.s3.amazonaws.com/photos/12643027/medium.jpeg,9083,Northern Cardinal,data/new_raw/images/2b8bbe04-1595-4ff0-8a4e-fd674195c602.jpg
0b37d3f7-4615-4956-b019-0085d226ff42,https://inaturalist-open-data.s3.amazonaws.com/photos/12646126/medium.jpg,18463,Yellow-bellied Sapsucker,data/new_raw/images/0b37d3f7-4615-4956-b019-0085d226ff42.jpg
a2834177-c8a6-4a5b-9e20-c289e58d7e38,https://inaturalist-open-data.s3.amazonaws.com/photos/12676792/medium.jpeg,18205,Red-bellied Woodpecker,data/new_raw/images/a2834177-c8a6-4a5b-9e20-c289e58d7e38.jpg
ba38706e-ab53-4b40-b6de-9c788272d3b6,https://inaturalist-open-data.s3.amazonaws.com/photos/12676798/medium.jpeg,18236,Northern Flicker,data/new_raw/images/ba38706e-ab53-4b40-b6de-9c788272d3b6.jpg
e72cda70-82ce-4d91-a4b0-dc70fa9f1793,https://static.inaturalist.org/photos/12712151/medium.jpg,5212,Red-tailed Hawk,data/new_raw/images/e72cda70-82ce-4d91-a4b0-dc70fa9f1793.jpg
c7032d02-c726-4ad1-b3aa-a1f02670c1b9,https://inaturalist-open-data.s3.amazonaws.com/photos/12745110/medium.jpeg,122767,Feral Pigeon,data/new_raw/images/c7032d02-c726-4ad1-b3aa-a1f02670c1b9.jpg
f6a38262-57bd-48a7-bd9b-c793951efb16,https://static.inaturalist.org/photos/12768438/medium.jpg,6921,Mute Swan,data/new_raw/images/f6a38262-57bd-48a7-bd9b-c793951efb16.jpg
ebe43ff6-6e21-4e4e-af9e-06b6e116acf1,https://static.inaturalist.org/photos/12784749/medium.jpg,4368,Great Black-backed Gull,data/new_raw/images/ebe43ff6-6e21-4e4e-af9e-06b6e116acf1.jpg
b6ce4950-e155-4302-a042-b1fb72e5b5d9,https://static.inaturalist.org/photos/12787614/medium.jpg,145300,Redpoll,data/new_raw/images/b6ce4950-e155-4302-a042-b1fb72e5b5d9.jpg
f8c62b7c-0e74-4fe9-aa77-e89b2f922792,https://static.inaturalist.org/photos/12787683/medium.jpg,7004,Common Merganser,data/new_raw/images/f8c62b7c-0e74-4fe9-aa77-e89b2f922792.jpg
5ea276aa-34d3-4b50-bc68-df6de31a8ff1,https://static.inaturalist.org/photos/12795716/medium.jpg,46017,Eastern Gray Squirrel,data/new_raw/images/5ea276aa-34d3-4b50-bc68-df6de31a8ff1.jpg
f7aab5b0-e7eb-4eef-8377-711f3d525167,https://inaturalist-open-data.s3.amazonaws.com/photos/12795810/medium.jpg,42652,Virginia Opossum,data/new_raw/images/f7aab5b0-e7eb-4eef-8377-711f3d525167.jpg
3dd975de-ade5-4cb3-aec7-e39d5f202c63,https://inaturalist-open-data.s3.amazonaws.com/photos/12797472/medium.jpeg,5200,Rough-legged Hawk,data/new_raw/images/3dd975de-ade5-4cb3-aec7-e39d5f202c63.jpg
40458ef5-8b33-42af-8aca-0193582bf673,https://inaturalist-open-data.s3.amazonaws.com/photos/12797647/medium.jpeg,7056,Redhead,data/new_raw/images/40458ef5-8b33-42af-8aca-0193582bf673.jpg
71e68f31-25e5-4c35-828e-3e9df3a1d7c3,https://inaturalist-open-data.s3.amazonaws.com/photos/12797829/medium.jpeg,4246,Pied-billed Grebe,data/new_raw/images/71e68f31-25e5-4c35-828e-3e9df3a1d7c3.jpg
bbd3b229-2b8c-4496-b6a1-60790bcd65a4,https://inaturalist-open-data.s3.amazonaws.com/photos/12798147/medium.jpeg,4349,Glaucous Gull,data/new_raw/images/bbd3b229-2b8c-4496-b6a1-60790bcd65a4.jpg
83b79efd-e4a5-4ed6-8384-2a3cee05e097,https://inaturalist-open-data.s3.amazonaws.com/photos/12811252/medium.jpeg,4981,Black-crowned Night Heron,data/new_raw/images/83b79efd-e4a5-4ed6-8384-2a3cee05e097.jpg
c92e1952-aad4-44f9-8981-13707521feb9,https://inaturalist-open-data.s3.amazonaws.com/photos/12812854/medium.jpeg,4368,Great Black-backed Gull,data/new_raw/images/c92e1952-aad4-44f9-8981-13707521feb9.jpg
df5e339b-775f-46d5-ba55-9cdb70fc552d,https://inaturalist-open-data.s3.amazonaws.com/photos/12819286/medium.jpeg,19349,Monk Parakeet,data/new_raw/images/df5e339b-775f-46d5-ba55-9cdb70fc552d.jpg
796171b3-a0ac-474a-a94f-b59627b06c60,https://inaturalist-open-data.s3.amazonaws.com/photos/12819369/medium.jpeg,43794,American Beaver,data/new_raw/images/796171b3-a0ac-474a-a94f-b59627b06c60.jpg
1f0fa2d3-8c61-4686-8082-73f9153e02f5,https://inaturalist-open-data.s3.amazonaws.com/photos/12824099/medium.jpg,792990,Hairy Woodpecker,data/new_raw/images/1f0fa2d3-8c61-4686-8082-73f9153e02f5.jpg
4772e479-57ff-4fa3-97f1-84b46306ba05,https://inaturalist-open-data.s3.amazonaws.com/photos/12825064/medium.jpeg,41663,Common Raccoon,data/new_raw/images/4772e479-57ff-4fa3-97f1-84b46306ba05.jpg
f88ba725-33fe-4561-b108-bfc1b9a56646,https://inaturalist-open-data.s3.amazonaws.com/photos/12842506/medium.jpeg,43111,Eastern Cottontail,data/new_raw/images/f88ba725-33fe-4561-b108-bfc1b9a56646.jpg
0cdc1ec8-621e-49ad-827f-fdb339e62e94,https://inaturalist-open-data.s3.amazonaws.com/photos/12844731/medium.jpeg,7057,Canvasback,data/new_raw/images/0cdc1ec8-621e-49ad-827f-fdb339e62e94.jpg
aef5f3b0-c0e0-47e4-91ad-0ab41a5eac47,https://inaturalist-open-data.s3.amazonaws.com/photos/12845274/medium.jpeg,6921,Mute Swan,data/new_raw/images/aef5f3b0-c0e0-47e4-91ad-0ab41a5eac47.jpg
b75b362d-139f-470b-9810-bed1b075c1bf,https://inaturalist-open-data.s3.amazonaws.com/photos/12845276/medium.jpeg,7047,Greater Scaup,data/new_raw/images/b75b362d-139f-470b-9810-bed1b075c1bf.jpg
afd7528f-ea07-41c9-aa87-68f0c21dfbd7,https://inaturalist-open-data.s3.amazonaws.com/photos/12845395/medium.jpeg,7056,Redhead,data/new_raw/images/afd7528f-ea07-41c9-aa87-68f0c21dfbd7.jpg
e370dcd0-7607-4571-9976-1ddc8faad5d7,https://inaturalist-open-data.s3.amazonaws.com/photos/12845575/medium.jpeg,6990,Common Goldeneye,data/new_raw/images/e370dcd0-7607-4571-9976-1ddc8faad5d7.jpg
2fcf03e3-3915-452c-9d9e-57b0e76445c6,https://inaturalist-open-data.s3.amazonaws.com/photos/12846249/medium.jpeg,4981,Black-crowned Night Heron,data/new_raw/images/2fcf03e3-3915-452c-9d9e-57b0e76445c6.jpg
f02d9ca9-64ab-4ff6-8c66-1f2efb17754c,https://inaturalist-open-data.s3.amazonaws.com/photos/12855577/medium.jpg,41880,Striped Skunk,data/new_raw/images/f02d9ca9-64ab-4ff6-8c66-1f2efb17754c.jpg
55fa27de-80d1-4696-b3bd-60483cafea5c,https://inaturalist-open-data.s3.amazonaws.com/photos/12859008/medium.jpeg,41663,Common Raccoon,data/new_raw/images/55fa27de-80d1-4696-b3bd-60483cafea5c.jpg
06baa9c5-b4b1-49bf-8d46-119d198acd61,https://inaturalist-open-data.s3.amazonaws.com/photos/12861739/medium.jpeg,6990,Common Goldeneye,data/new_raw/images/06baa9c5-b4b1-49bf-8d46-119d198acd61.jpg
84434d82-3d77-4d91-885d-15c4b55616df,https://inaturalist-open-data.s3.amazonaws.com/photos/12861744/medium.jpeg,6990,Common Goldeneye,data/new_raw/images/84434d82-3d77-4d91-885d-15c4b55616df.jpg
09175cee-65eb-4179-ab93-5e5a01081b9a,https://inaturalist-open-data.s3.amazonaws.com/photos/12861747/medium.jpeg,9083,Northern Cardinal,data/new_raw/images/09175cee-65eb-4179-ab93-5e5a01081b9a.jpg
5d0821d6-16f3-4ee2-8710-a8c059dc29cf,https://inaturalist-open-data.s3.amazonaws.com/photos/12908349/medium.jpg,43111,Eastern Cottontail,data/new_raw/images/5d0821d6-16f3-4ee2-8710-a8c059dc29cf.jpg
5873ff64-6d92-4ea0-8b74-19b1da17a584,https://inaturalist-open-data.s3.amazonaws.com/photos/12952403/medium.jpeg,42051,Coyote,data/new_raw/images/5873ff64-6d92-4ea0-8b74-19b1da17a584.jpg
38514cbd-46c1-43f3-adb6-5314ded97d88,https://inaturalist-open-data.s3.amazonaws.com/photos/12965003/medium.jpeg,558427,Ross's Goose,data/new_raw/images/38514cbd-46c1-43f3-adb6-5314ded97d88.jpg
b4caa33c-4106-4569-b5b8-4cb03ef05fb8,https://inaturalist-open-data.s3.amazonaws.com/photos/12965058/medium.jpeg,7089,Canada Goose,data/new_raw/images/b4caa33c-4106-4569-b5b8-4cb03ef05fb8.jpg
40a3bb5a-d660-4cdf-be8c-e737eab94f89,https://inaturalist-open-data.s3.amazonaws.com/photos/12970825/medium.jpeg,20307,Long-eared Owl,data/new_raw/images/40a3bb5a-d660-4cdf-be8c-e737eab94f89.jpg
72c7e3e3-8d13-4cfc-8628-b1543592bfc2,https://inaturalist-open-data.s3.amazonaws.com/photos/12986204/medium.jpeg,5200,Rough-legged Hawk,data/new_raw/images/72c7e3e3-8d13-4cfc-8628-b1543592bfc2.jpg
eaef4f8e-73e4-4038-af77-772eb1436f00,https://inaturalist-open-data.s3.amazonaws.com/photos/12986307/medium.jpeg,474210,American Tree Sparrow,data/new_raw/images/eaef4f8e-73e4-4038-af77-772eb1436f00.jpg
f27f2e43-f431-47fc-bbcb-fc1cf2fb4412,https://inaturalist-open-data.s3.amazonaws.com/photos/12986328/medium.jpeg,46017,Eastern Gray Squirrel,data/new_raw/images/f27f2e43-f431-47fc-bbcb-fc1cf2fb4412.jpg
f9fca396-c49e-446c-a2c3-3c9e613f680a,https://inaturalist-open-data.s3.amazonaws.com/photos/12986352/medium.jpeg,13858,House Sparrow,data/new_raw/images/f9fca396-c49e-446c-a2c3-3c9e613f680a.jpg
10ecc747-91ad-4186-92ec-a633a1077046,https://inaturalist-open-data.s3.amazonaws.com/photos/12986391/medium.jpeg,9083,Northern Cardinal,data/new_raw/images/10ecc747-91ad-4186-92ec-a633a1077046.jpg
ec253567-966c-4333-8477-e51bcbc4bc0a,https://inaturalist-open-data.s3.amazonaws.com/photos/12986644/medium.jpeg,792988,Downy Woodpecker,data/new_raw/images/ec253567-966c-4333-8477-e51bcbc4bc0a.jpg
0f3cc218-1b81-4d0c-8dce-6ba732c005e6,https://inaturalist-open-data.s3.amazonaws.com/photos/12986678/medium.jpeg,144815,Black-capped Chickadee,data/new_raw/images/0f3cc218-1b81-4d0c-8dce-6ba732c005e6.jpg
f2f7af7b-4353-4e98-a54f-a9742065477f,https://inaturalist-open-data.s3.amazonaws.com/photos/12986685/medium.jpeg,4364,Ring-billed Gull,data/new_raw/images/f2f7af7b-4353-4e98-a54f-a9742065477f.jpg
7a64fc91-b4ad-47f1-8643-08d75ebe8046,https://inaturalist-open-data.s3.amazonaws.com/photos/13000520/medium.jpeg,6930,Mallard,data/new_raw/images/7a64fc91-b4ad-47f1-8643-08d75ebe8046.jpg
efdf5ffd-3c5a-4526-a456-4aaf4e32c596,https://inaturalist-open-data.s3.amazonaws.com/photos/13013568/medium.jpeg,13858,House Sparrow,data/new_raw/images/efdf5ffd-3c5a-4526-a456-4aaf4e32c596.jpg
e7916baf-175f-4b05-bf84-e4854c973bbc,https://inaturalist-open-data.s3.amazonaws.com/photos/13013808/medium.jpeg,14850,European Starling,data/new_raw/images/e7916baf-175f-4b05-bf84-e4854c973bbc.jpg
518169b8-390f-4374-812e-14a1edf63561,https://inaturalist-open-data.s3.amazonaws.com/photos/13018235/medium.jpeg,3017,Rock Pigeon,data/new_raw/images/518169b8-390f-4374-812e-14a1edf63561.jpg
767e996f-8b5a-4e5b-a52d-ab6d86f244fa,https://inaturalist-open-data.s3.amazonaws.com/photos/13019025/medium.jpeg,8229,Blue Jay,data/new_raw/images/767e996f-8b5a-4e5b-a52d-ab6d86f244fa.jpg
b53d7f9b-d6b6-4d4f-b08b-c73e1c736c3d,https://inaturalist-open-data.s3.amazonaws.com/photos/13019295/medium.jpeg,474210,American Tree Sparrow,data/new_raw/images/b53d7f9b-d6b6-4d4f-b08b-c73e1c736c3d.jpg
4b6b86e7-f26d-4628-83cd-b22452bd0b64,https://inaturalist-open-data.s3.amazonaws.com/photos/13019441/medium.jpeg,10094,Dark-eyed Junco,data/new_raw/images/4b6b86e7-f26d-4628-83cd-b22452bd0b64.jpg
82a1ad35-2c92-4684-8561-da65a0a262c2,https://inaturalist-open-data.s3.amazonaws.com/photos/13019475/medium.jpeg,3454,Mourning Dove,data/new_raw/images/82a1ad35-2c92-4684-8561-da65a0a262c2.jpg
947bb4b8-d1f4-489f-96d2-116a67eb4973,https://inaturalist-open-data.s3.amazonaws.com/photos/13019504/medium.jpeg,9083,Northern Cardinal,data/new_raw/images/947bb4b8-d1f4-489f-96d2-116a67eb4973.jpg
69df3908-1521-40e2-bd2e-5dbba3877713,https://inaturalist-open-data.s3.amazonaws.com/photos/13023794/medium.jpg,43111,Eastern Cottontail,data/new_raw/images/69df3908-1521-40e2-bd2e-5dbba3877713.jpg
593ed997-abbc-4bdd-bb6c-be747f6bfbd5,https://inaturalist-open-data.s3.amazonaws.com/photos/13062469/medium.jpeg,42051,Coyote,data/new_raw/images/593ed997-abbc-4bdd-bb6c-be747f6bfbd5.jpg
7a401a3e-c911-4ca6-95d8-a3cb8907c668,https://inaturalist-open-data.s3.amazonaws.com/photos/13062471/medium.jpeg,4981,Black-crowned Night Heron,data/new_raw/images/7a401a3e-c911-4ca6-95d8-a3cb8907c668.jpg
0cc1f995-1a4e-492e-a40d-42c433ebef4f,https://inaturalist-open-data.s3.amazonaws.com/photos/13085107/medium.jpeg,18205,Red-bellied Woodpecker,data/new_raw/images/0cc1f995-1a4e-492e-a40d-42c433ebef4f.jpg
5e35ede1-7a35-49d7-945f-0af4d8eab553,https://inaturalist-open-data.s3.amazonaws.com/photos/13085152/medium.jpeg,792988,Downy Woodpecker,data/new_raw/images/5e35ede1-7a35-49d7-945f-0af4d8eab553.jpg
66f9b607-7433-462f-9212-4041b3d030a2,https://inaturalist-open-data.s3.amazonaws.com/photos/13085178/medium.jpeg,42223,White-tailed Deer,data/new_raw/images/66f9b607-7433-462f-9212-4041b3d030a2.jpg
d6a4f22f-4951-43c2-8b80-46a95595b551,https://inaturalist-open-data.s3.amazonaws.com/photos/13085328/medium.jpeg,6990,Common Goldeneye,data/new_raw/images/d6a4f22f-4951-43c2-8b80-46a95595b551.jpg
54a9d6e4-289f-4ad1-b569-a043f46f6c7c,https://inaturalist-open-data.s3.amazonaws.com/photos/13085571/medium.jpeg,6912,"Ducks, Geese, and Swans",data/new_raw/images/54a9d6e4-289f-4ad1-b569-a043f46f6c7c.jpg
f7527237-8e54-45a2-b568-bcc6d9c253ba,https://inaturalist-open-data.s3.amazonaws.com/photos/13085376/medium.jpeg,7089,Canada Goose,data/new_raw/images/f7527237-8e54-45a2-b568-bcc6d9c253ba.jpg
beac1f82-1605-4232-9544-379154cf0524,https://inaturalist-open-data.s3.amazonaws.com/photos/13101286/medium.jpeg,5200,Rough-legged Hawk,data/new_raw/images/beac1f82-1605-4232-9544-379154cf0524.jpg
dd2d0596-f4ca-49d5-80cc-eec52f51cd0e,https://inaturalist-open-data.s3.amazonaws.com/photos/13108408/medium.jpeg,6930,Mallard,data/new_raw/images/dd2d0596-f4ca-49d5-80cc-eec52f51cd0e.jpg
ac11a301-5e55-41ab-b51a-4fb0ce0c9b75,https://static.inaturalist.org/photos/13138984/medium.jpg,46017,Eastern Gray Squirrel,data/new_raw/images/ac11a301-5e55-41ab-b51a-4fb0ce0c9b75.jpg
e97c9de1-147e-4827-b3bc-69402e12e381,https://static.inaturalist.org/photos/13138989/medium.jpg,46017,Eastern Gray Squirrel,data/new_raw/images/e97c9de1-147e-4827-b3bc-69402e12e381.jpg
2188c377-33aa-4dd3-a0b6-8c75da7b4fa8,https://static.inaturalist.org/photos/13138993/medium.jpg,6990,Common Goldeneye,data/new_raw/images/2188c377-33aa-4dd3-a0b6-8c75da7b4fa8.jpg
dd382238-49be-40e9-b5b7-34113a782cf8,https://static.inaturalist.org/photos/13138999/medium.jpg,7089,Canada Goose,data/new_raw/images/dd382238-49be-40e9-b5b7-34113a782cf8.jpg
671cd305-48dc-4354-9cde-b14be2facf96,https://inaturalist-open-data.s3.amazonaws.com/photos/13163384/medium.jpeg,1264432,American Mink,data/new_raw/images/671cd305-48dc-4354-9cde-b14be2facf96.jpg
69634b2c-a428-49cc-baa9-29974a9a45c8,https://inaturalist-open-data.s3.amazonaws.com/photos/13175823/medium.jpeg,46017,Eastern Gray Squirrel,data/new_raw/images/69634b2c-a428-49cc-baa9-29974a9a45c8.jpg
62a04810-fd50-4199-a237-68cccfccca18,https://inaturalist-open-data.s3.amazonaws.com/photos/13183017/medium.jpeg,9083,Northern Cardinal,data/new_raw/images/62a04810-fd50-4199-a237-68cccfccca18.jpg
2140142a-e1fe-4e48-89ee-5a059062ec50,https://inaturalist-open-data.s3.amazonaws.com/photos/13185906/medium.jpeg,7019,Greater White-fronted Goose,data/new_raw/images/2140142a-e1fe-4e48-89ee-5a059062ec50.jpg
6c04bd20-619f-4f79-be24-e8ab5d89e051,https://inaturalist-open-data.s3.amazonaws.com/photos/13201141/medium.jpeg,2548,Belted Kingfisher,data/new_raw/images/6c04bd20-619f-4f79-be24-e8ab5d89e051.jpg
8a7570ba-a10a-480d-841c-fe4404ded695,https://inaturalist-open-data.s3.amazonaws.com/photos/13204007/medium.jpg,243,Virginia Rail,data/new_raw/images/8a7570ba-a10a-480d-841c-fe4404ded695.jpg
46b54c4d-1c8b-4da8-b9fc-77e77f2cbef5,https://inaturalist-open-data.s3.amazonaws.com/photos/13205896/medium.jpeg,4349,Glaucous Gull,data/new_raw/images/46b54c4d-1c8b-4da8-b9fc-77e77f2cbef5.jpg
26636b42-6e78-4a0e-a066-b69560c1d47c,https://inaturalist-open-data.s3.amazonaws.com/photos/13240125/medium.jpeg,2969,Eurasian Collared-Dove,data/new_raw/images/26636b42-6e78-4a0e-a066-b69560c1d47c.jpg
066cbf52-16e1-4fb0-aad3-cde806897cff,https://inaturalist-open-data.s3.amazonaws.com/photos/13248542/medium.jpeg,558512,Northern Shrike,data/new_raw/images/066cbf52-16e1-4fb0-aad3-cde806897cff.jpg
6401169c-f6f8-4af2-801c-2d0fbad659e3,https://inaturalist-open-data.s3.amazonaws.com/photos/13248637/medium.jpeg,4349,Glaucous Gull,data/new_raw/images/6401169c-f6f8-4af2-801c-2d0fbad659e3.jpg
4d839f04-1f84-4e65-b3ba-616bc1ad7274,https://inaturalist-open-data.s3.amazonaws.com/photos/13248706/medium.jpeg,19349,Monk Parakeet,data/new_raw/images/4d839f04-1f84-4e65-b3ba-616bc1ad7274.jpg
d909f170-2b4e-41b8-9de6-2eb3725a0de3,https://inaturalist-open-data.s3.amazonaws.com/photos/13248746/medium.jpeg,5206,Red-shouldered Hawk,data/new_raw/images/d909f170-2b4e-41b8-9de6-2eb3725a0de3.jpg
475e6500-ad6e-4507-86a9-1fae985ac136,https://inaturalist-open-data.s3.amazonaws.com/photos/13257314/medium.jpeg,6993,Bufflehead,data/new_raw/images/475e6500-ad6e-4507-86a9-1fae985ac136.jpg
97a0b302-19f9-4ceb-bd0d-2ac3dcaba791,https://inaturalist-open-data.s3.amazonaws.com/photos/13263102/medium.jpeg,7109,Hooded Merganser,data/new_raw/images/97a0b302-19f9-4ceb-bd0d-2ac3dcaba791.jpg
13bab386-1d9c-4627-8de5-fe8beecabbe6,https://inaturalist-open-data.s3.amazonaws.com/photos/13263947/medium.jpeg,144594,Snowy Owl,data/new_raw/images/13bab386-1d9c-4627-8de5-fe8beecabbe6.jpg
b4a9f18d-27e5-4ed9-a435-14f6a07dfc85,https://inaturalist-open-data.s3.amazonaws.com/photos/13264849/medium.jpeg,144594,Snowy Owl,data/new_raw/images/b4a9f18d-27e5-4ed9-a435-14f6a07dfc85.jpg
cd05733a-47ff-4c90-930f-36286f3d4311,https://inaturalist-open-data.s3.amazonaws.com/photos/13315886/medium.jpeg,9083,Northern Cardinal,data/new_raw/images/cd05733a-47ff-4c90-930f-36286f3d4311.jpg
7c2de9ca-29a8-4ffe-ae9a-3401cdf22146,https://inaturalist-open-data.s3.amazonaws.com/photos/13323048/medium.jpeg,1578489,American Herring Gull,data/new_raw/images/7c2de9ca-29a8-4ffe-ae9a-3401cdf22146.jpg
75daf2ca-3051-4d68-9360-507820f2d7e8,https://inaturalist-open-data.s3.amazonaws.com/photos/13326364/medium.jpeg,4368,Great Black-backed Gull,data/new_raw/images/75daf2ca-3051-4d68-9360-507820f2d7e8.jpg
e4628cf2-10cd-4918-92dd-9788cfca7144,https://inaturalist-open-data.s3.amazonaws.com/photos/13326367/medium.jpeg,4343,Large White-headed Gulls,data/new_raw/images/e4628cf2-10cd-4918-92dd-9788cfca7144.jpg
03d88235-45d3-408f-b40d-37a0956ed8ca,https://inaturalist-open-data.s3.amazonaws.com/photos/13326372/medium.jpeg,4349,Glaucous Gull,data/new_raw/images/03d88235-45d3-408f-b40d-37a0956ed8ca.jpg
ee4e10db-1ea4-40d5-9695-c592baeb2e71,https://inaturalist-open-data.s3.amazonaws.com/photos/13326376/medium.jpeg,4349,Glaucous Gull,data/new_raw/images/ee4e10db-1ea4-40d5-9695-c592baeb2e71.jpg
a852a306-314d-4267-b4a5-a0fd020413b8,https://inaturalist-open-data.s3.amazonaws.com/photos/13326378/medium.jpeg,4343,Large White-headed Gulls,data/new_raw/images/a852a306-314d-4267-b4a5-a0fd020413b8.jpg
28fa2d0b-c9c5-43c8-9bc8-90da313dc5d2,https://inaturalist-open-data.s3.amazonaws.com/photos/13326383/medium.jpeg,6921,Mute Swan,data/new_raw/images/28fa2d0b-c9c5-43c8-9bc8-90da313dc5d2.jpg
e9b79e2e-463f-40ef-bb2c-802de1fa3008,https://inaturalist-open-data.s3.amazonaws.com/photos/13326389/medium.jpeg,7004,Common Merganser,data/new_raw/images/e9b79e2e-463f-40ef-bb2c-802de1fa3008.jpg
f2c097c6-be48-45aa-83b0-106aca5ce307,https://inaturalist-open-data.s3.amazonaws.com/photos/13333408/medium.jpeg,5212,Red-tailed Hawk,data/new_raw/images/f2c097c6-be48-45aa-83b0-106aca5ce307.jpg
e82e6c71-4007-4314-84f2-7ebba3076ab4,https://inaturalist-open-data.s3.amazonaws.com/photos/13403240/medium.jpg,4364,Ring-billed Gull,data/new_raw/images/e82e6c71-4007-4314-84f2-7ebba3076ab4.jpg
b8b11d95-3b4c-4428-86f2-592402150fa1,https://inaturalist-open-data.s3.amazonaws.com/photos/13403242/medium.jpg,9744,Red-winged Blackbird,data/new_raw/images/b8b11d95-3b4c-4428-86f2-592402150fa1.jpg
081e6801-f746-475a-ba3a-3d84e1bcc408,https://inaturalist-open-data.s3.amazonaws.com/photos/13403243/medium.jpg,9346,Baltimore Oriole,data/new_raw/images/081e6801-f746-475a-ba3a-3d84e1bcc408.jpg
ff23612b-b640-4133-9b39-df5ce7f1c1be,https://inaturalist-open-data.s3.amazonaws.com/photos/13403244/medium.jpg,43111,Eastern Cottontail,data/new_raw/images/ff23612b-b640-4133-9b39-df5ce7f1c1be.jpg
dfb0d1a5-ff80-478f-8d71-63826cba4ee5,https://inaturalist-open-data.s3.amazonaws.com/photos/13403245/medium.jpg,144815,Black-capped Chickadee,data/new_raw/images/dfb0d1a5-ff80-478f-8d71-63826cba4ee5.jpg
dab1bb7e-ef01-4fc4-aca5-6c589f43b8cb,https://inaturalist-open-data.s3.amazonaws.com/photos/13403246/medium.jpg,12727,American Robin,data/new_raw/images/dab1bb7e-ef01-4fc4-aca5-6c589f43b8cb.jpg
4ac702ae-ddae-4aab-b12e-ce887dee40ce,https://inaturalist-open-data.s3.amazonaws.com/photos/13403247/medium.jpg,10247,American Redstart,data/new_raw/images/4ac702ae-ddae-4aab-b12e-ce887dee40ce.jpg
16a4466e-cdfc-4160-beb7-4dfd93c7fb68,https://inaturalist-open-data.s3.amazonaws.com/photos/13403249/medium.jpg,145235,Magnolia Warbler,data/new_raw/images/16a4466e-cdfc-4160-beb7-4dfd93c7fb68.jpg
be58d199-0c6d-448f-ae26-d3dadd39c381,https://inaturalist-open-data.s3.amazonaws.com/photos/13403250/medium.jpg,145238,Yellow Warbler,data/new_raw/images/be58d199-0c6d-448f-ae26-d3dadd39c381.jpg
0d9a82fb-75ac-494b-81e3-cad76d88939d,https://inaturalist-open-data.s3.amazonaws.com/photos/13403252/medium.jpg,145239,Chestnut-sided Warbler,data/new_raw/images/0d9a82fb-75ac-494b-81e3-cad76d88939d.jpg
ffd36f22-954e-4d5e-a0e1-d4e0af19a436,https://inaturalist-open-data.s3.amazonaws.com/photos/13403254/medium.jpg,145240,Blackpoll Warbler,data/new_raw/images/ffd36f22-954e-4d5e-a0e1-d4e0af19a436.jpg
1c3bf013-b9dc-43f9-9961-5cdb5230aa83,https://inaturalist-open-data.s3.amazonaws.com/photos/13403256/medium.jpg,145275,Canada Warbler,data/new_raw/images/1c3bf013-b9dc-43f9-9961-5cdb5230aa83.jpg
e543b3da-4ce0-4e99-83eb-8d901de6d3c6,https://inaturalist-open-data.s3.amazonaws.com/photos/13403262/medium.jpg,9744,Red-winged Blackbird,data/new_raw/images/e543b3da-4ce0-4e99-83eb-8d901de6d3c6.jpg
2433cd0f-3a37-49a0-ab92-f03d0c2a495b,https://inaturalist-open-data.s3.amazonaws.com/photos/13403263/medium.jpg,9602,Common Grackle,data/new_raw/images/2433cd0f-3a37-49a0-ab92-f03d0c2a495b.jpg
5931357d-d617-45d9-a0db-091530f28727,https://inaturalist-open-data.s3.amazonaws.com/photos/13403264/medium.jpg,145224,Mourning Warbler,data/new_raw/images/5931357d-d617-45d9-a0db-091530f28727.jpg
c97cbaca-82e9-4afa-87bb-3dd63b636600,https://inaturalist-open-data.s3.amazonaws.com/photos/13403266/medium.jpg,17394,Warbling Vireo,data/new_raw/images/c97cbaca-82e9-4afa-87bb-3dd63b636600.jpg
641717ac-d0d1-438b-9f54-28ba755049b2,https://inaturalist-open-data.s3.amazonaws.com/photos/13403339/medium.jpg,1579017,Cooper's Hawk,data/new_raw/images/641717ac-d0d1-438b-9f54-28ba755049b2.jpg
0f5603ee-19f5-48a4-955c-11ca6b2140a4,https://inaturalist-open-data.s3.amazonaws.com/photos/13403340/medium.jpg,144815,Black-capped Chickadee,data/new_raw/images/0f5603ee-19f5-48a4-955c-11ca6b2140a4.jpg
4d530e60-3dfa-4bba-a04b-b93c9d768fb6,https://inaturalist-open-data.s3.amazonaws.com/photos/13403341/medium.jpg,12878,Swainson's Thrush,data/new_raw/images/4d530e60-3dfa-4bba-a04b-b93c9d768fb6.jpg
991bb03f-b262-46c6-819f-68e27f32440f,https://inaturalist-open-data.s3.amazonaws.com/photos/13403342/medium.jpg,979753,Nashville Warbler,data/new_raw/images/991bb03f-b262-46c6-819f-68e27f32440f.jpg
bd961ed7-e6c8-43f8-8b1d-c6fa902ec042,https://inaturalist-open-data.s3.amazonaws.com/photos/13403343/medium.jpg,145231,Cape May Warbler,data/new_raw/images/bd961ed7-e6c8-43f8-8b1d-c6fa902ec042.jpg
efcc7ee1-f67d-47f1-8d24-8d45adc68295,https://inaturalist-open-data.s3.amazonaws.com/photos/13403344/medium.jpg,145233,Northern Parula,data/new_raw/images/efcc7ee1-f67d-47f1-8d24-8d45adc68295.jpg
78b6c960-99f2-4308-b2dd-eec02217dde1,https://inaturalist-open-data.s3.amazonaws.com/photos/13403345/medium.jpg,145240,Blackpoll Warbler,data/new_raw/images/78b6c960-99f2-4308-b2dd-eec02217dde1.jpg
5e3ec2fb-7ae3-412c-92bc-8000b168aa03,https://inaturalist-open-data.s3.amazonaws.com/photos/13403354/medium.jpg,9184,White-throated Sparrow,data/new_raw/images/5e3ec2fb-7ae3-412c-92bc-8000b168aa03.jpg
dd2f5da8-5101-41a9-9190-8171e961ee16,https://inaturalist-open-data.s3.amazonaws.com/photos/13403356/medium.jpg,10431,Connecticut Warbler,data/new_raw/images/dd2f5da8-5101-41a9-9190-8171e961ee16.jpg
fc6b0984-068a-4906-bbd8-1e67ef75e9f6,https://inaturalist-open-data.s3.amazonaws.com/photos/13409584/medium.jpg,144537,Caspian Tern,data/new_raw/images/fc6b0984-068a-4906-bbd8-1e67ef75e9f6.jpg
e59aa4bd-7576-4c4c-863a-c0fe78e9422b,https://inaturalist-open-data.s3.amazonaws.com/photos/13409587/medium.jpg,17008,Eastern Phoebe,data/new_raw/images/e59aa4bd-7576-4c4c-863a-c0fe78e9422b.jpg
5d3a08b8-4191-4cd1-948b-d1074d8c326f,https://inaturalist-open-data.s3.amazonaws.com/photos/13409589/medium.jpg,11970,Northern Rough-winged Swallow,data/new_raw/images/5d3a08b8-4191-4cd1-948b-d1074d8c326f.jpg
b3207b1a-8eb2-428c-b2b7-f6cf5961f7de,https://inaturalist-open-data.s3.amazonaws.com/photos/13409610/medium.jpg,9184,White-throated Sparrow,data/new_raw/images/b3207b1a-8eb2-428c-b2b7-f6cf5961f7de.jpg
bc726c3b-5a97-439e-8b14-71344a2b18b6,https://inaturalist-open-data.s3.amazonaws.com/photos/13409619/medium.jpg,9424,Eastern Towhee,data/new_raw/images/bc726c3b-5a97-439e-8b14-71344a2b18b6.jpg
ef687f61-ad75-4e2b-98b9-1ca967db8f51,https://inaturalist-open-data.s3.amazonaws.com/photos/13409623/medium.jpg,9083,Northern Cardinal,data/new_raw/images/ef687f61-ad75-4e2b-98b9-1ca967db8f51.jpg
19d2f7fc-2a48-4a0b-b65f-4675ffd7ef0b,https://inaturalist-open-data.s3.amazonaws.com/photos/13409629/medium.jpg,145231,Cape May Warbler,data/new_raw/images/19d2f7fc-2a48-4a0b-b65f-4675ffd7ef0b.jpg
fbc7d2ee-b7b7-4518-8c74-9c876778730c,https://inaturalist-open-data.s3.amazonaws.com/photos/13459288/medium.jpg,3454,Mourning Dove,data/new_raw/images/fbc7d2ee-b7b7-4518-8c74-9c876778730c.jpg
8c7d748c-7a03-4158-a00d-ba60efbd305f,https://inaturalist-open-data.s3.amazonaws.com/photos/13469403/medium.jpeg,42051,Coyote,data/new_raw/images/8c7d748c-7a03-4158-a00d-ba60efbd305f.jpg
4e647b4b-164b-4ed4-b01e-7fde1a31a6b0,https://inaturalist-open-data.s3.amazonaws.com/photos/13515379/medium.jpeg,4627,Red-throated Loon,data/new_raw/images/4e647b4b-164b-4ed4-b01e-7fde1a31a6b0.jpg
8f931494-a88f-4efa-9b5d-25e3cdbbbc74,https://inaturalist-open-data.s3.amazonaws.com/photos/13529728/medium.jpeg,558438,Northern Shoveler,data/new_raw/images/8f931494-a88f-4efa-9b5d-25e3cdbbbc74.jpg
0a4d9b42-6fac-4836-8927-533df89ab833,https://static.inaturalist.org/photos/13530931/medium.jpg,7107,Wood Duck,data/new_raw/images/0a4d9b42-6fac-4836-8927-533df89ab833.jpg
ea3894c1-26a3-4bc6-8770-9d47195399c7,https://static.inaturalist.org/photos/13530944/medium.jpg,7107,Wood Duck,data/new_raw/images/ea3894c1-26a3-4bc6-8770-9d47195399c7.jpg
a479340c-097c-494b-b667-d1939c00faa7,https://static.inaturalist.org/photos/13531082/medium.jpg,9744,Red-winged Blackbird,data/new_raw/images/a479340c-097c-494b-b667-d1939c00faa7.jpg
c2ea0d16-f1c4-44d2-8a8f-3e6496eca04b,https://static.inaturalist.org/photos/13531725/medium.jpg,236935,Domestic Mallard,data/new_raw/images/c2ea0d16-f1c4-44d2-8a8f-3e6496eca04b.jpg
d7b031a4-1420-419b-bcad-bce8203ea334,https://static.inaturalist.org/photos/13531727/medium.jpg,4364,Ring-billed Gull,data/new_raw/images/d7b031a4-1420-419b-bcad-bce8203ea334.jpg
199a4c85-3314-46a8-a239-093f02b5f2d6,https://static.inaturalist.org/photos/13531728/medium.jpg,9744,Red-winged Blackbird,data/new_raw/images/199a4c85-3314-46a8-a239-093f02b5f2d6.jpg
960e6a5d-c8cb-4752-8539-413533e96d04,https://static.inaturalist.org/photos/13531729/medium.jpg,6930,Mallard,data/new_raw/images/960e6a5d-c8cb-4752-8539-413533e96d04.jpg
c7d0bb42-2503-4399-afe9-3e252a358997,https://static.inaturalist.org/photos/13531730/medium.jpg,7047,Greater Scaup,data/new_raw/images/c7d0bb42-2503-4399-afe9-3e252a358997.jpg
549f96a5-b7ee-4bff-88b1-f90a0565d559,https://static.inaturalist.org/photos/13531732/medium.jpg,473,American Coot,data/new_raw/images/549f96a5-b7ee-4bff-88b1-f90a0565d559.jpg
95aebc04-f511-4309-a7f1-2e7494b34339,https://static.inaturalist.org/photos/13531734/medium.jpg,7044,Ring-necked Duck,data/new_raw/images/95aebc04-f511-4309-a7f1-2e7494b34339.jpg
9a6d53fa-0649-4036-9088-dd07dc9c68dc,https://static.inaturalist.org/photos/13531735/medium.jpg,7054,Lesser Scaup,data/new_raw/images/9a6d53fa-0649-4036-9088-dd07dc9c68dc.jpg
9b37d72e-f7e7-4779-b845-334da0852db3,https://static.inaturalist.org/photos/13531736/medium.jpg,6930,Mallard,data/new_raw/images/9b37d72e-f7e7-4779-b845-334da0852db3.jpg
8bae49c9-11c5-4953-b865-1302bc33107d,https://inaturalist-open-data.s3.amazonaws.com/photos/13532686/medium.jpeg,6996,Red-breasted Merganser,data/new_raw/images/8bae49c9-11c5-4953-b865-1302bc33107d.jpg
ba5dd008-f3e8-4edf-a024-2d6492eca909,https://inaturalist-open-data.s3.amazonaws.com/photos/13532791/medium.jpeg,122767,Feral Pigeon,data/new_raw/images/ba5dd008-f3e8-4edf-a024-2d6492eca909.jpg
031485ea-249a-460c-a42e-7c3d1a5bb884,https://inaturalist-open-data.s3.amazonaws.com/photos/13532794/medium.jpeg,8021,American Crow,data/new_raw/images/031485ea-249a-460c-a42e-7c3d1a5bb884.jpg
97442e64-5b8a-4c70-b943-8de117ef45e4,https://inaturalist-open-data.s3.amazonaws.com/photos/13554481/medium.jpeg,7036,Surf Scoter,data/new_raw/images/97442e64-5b8a-4c70-b943-8de117ef45e4.jpg
3a463a2b-23fb-441f-b1ad-3e18118e5d6a,https://inaturalist-open-data.s3.amazonaws.com/photos/13554964/medium.jpeg,42223,White-tailed Deer,data/new_raw/images/3a463a2b-23fb-441f-b1ad-3e18118e5d6a.jpg
623d6c8b-9152-4baa-be91-dee0048827ac,https://inaturalist-open-data.s3.amazonaws.com/photos/13562984/medium.jpg,44576,Brown Rat,data/new_raw/images/623d6c8b-9152-4baa-be91-dee0048827ac.jpg
c6acf597-3a52-44d6-8a9a-806dee2f2ec3,https://static.inaturalist.org/photos/13580054/medium.jpg,41663,Common Raccoon,data/new_raw/images/c6acf597-3a52-44d6-8a9a-806dee2f2ec3.jpg
9f5fd0bf-120a-4eda-ad22-aa95d71980b3,https://inaturalist-open-data.s3.amazonaws.com/photos/13580417/medium.jpg,7089,Canada Goose,data/new_raw/images/9f5fd0bf-120a-4eda-ad22-aa95d71980b3.jpg
65ec624a-57d3-4f73-9107-c5a4b8390358,https://inaturalist-open-data.s3.amazonaws.com/photos/13580715/medium.jpeg,6921,Mute Swan,data/new_raw/images/65ec624a-57d3-4f73-9107-c5a4b8390358.jpg
19d998eb-4f93-4db9-afd0-b001ffbfec92,https://inaturalist-open-data.s3.amazonaws.com/photos/13580727/medium.jpeg,7109,Hooded Merganser,data/new_raw/images/19d998eb-4f93-4db9-afd0-b001ffbfec92.jpg
9deb0e50-75f5-40cf-9593-fb786e86b7cf,https://inaturalist-open-data.s3.amazonaws.com/photos/13581241/medium.jpeg,42051,Coyote,data/new_raw/images/9deb0e50-75f5-40cf-9593-fb786e86b7cf.jpg
2087b295-664b-4a91-b221-0eddfa6c7914,https://inaturalist-open-data.s3.amazonaws.com/photos/13581317/medium.jpeg,4381,Lesser Black-backed Gull,data/new_raw/images/2087b295-664b-4a91-b221-0eddfa6c7914.jpg
cb96b2d6-eeae-41f7-8fbb-d2c427de7131,https://static.inaturalist.org/photos/13590209/medium.jpg,9744,Red-winged Blackbird,data/new_raw/images/cb96b2d6-eeae-41f7-8fbb-d2c427de7131.jpg
dbe451eb-1cf4-4f25-a6d3-4a960793527a,https://static.inaturalist.org/photos/13593281/medium.jpg,7089,Canada Goose,data/new_raw/images/dbe451eb-1cf4-4f25-a6d3-4a960793527a.jpg
55b82292-8bbb-4b44-9396-32d3865f0483,https://inaturalist-open-data.s3.amazonaws.com/photos/13604064/medium.jpeg,40151,Mammals,data/new_raw/images/55b82292-8bbb-4b44-9396-32d3865f0483.jpg
3566e738-6771-4a2b-b35b-f3a9b5688c9a,https://inaturalist-open-data.s3.amazonaws.com/photos/13608674/medium.jpeg,7089,Canada Goose,data/new_raw/images/3566e738-6771-4a2b-b35b-f3a9b5688c9a.jpg
a622a5bb-d39e-421c-b247-03c55658de92,https://static.inaturalist.org/photos/13613901/medium.jpg,8021,American Crow,data/new_raw/images/a622a5bb-d39e-421c-b247-03c55658de92.jpg
ef6d275f-1afc-4630-b660-857b122ff2cd,https://inaturalist-open-data.s3.amazonaws.com/photos/13617029/medium.jpeg,4981,Black-crowned Night Heron,data/new_raw/images/ef6d275f-1afc-4630-b660-857b122ff2cd.jpg
26a3c009-6297-4c7b-9158-ae6b1793bd72,https://inaturalist-open-data.s3.amazonaws.com/photos/13617031/medium.jpeg,6996,Red-breasted Merganser,data/new_raw/images/26a3c009-6297-4c7b-9158-ae6b1793bd72.jpg
0874ceba-591b-48b1-8c9c-ec1ac2595aff,https://inaturalist-open-data.s3.amazonaws.com/photos/13617249/medium.jpeg,7004,Common Merganser,data/new_raw/images/0874ceba-591b-48b1-8c9c-ec1ac2595aff.jpg
bc1c7f0e-50f7-4ad0-a92f-bae4c8319fc6,https://inaturalist-open-data.s3.amazonaws.com/photos/13617505/medium.jpeg,46017,Eastern Gray Squirrel,data/new_raw/images/bc1c7f0e-50f7-4ad0-a92f-bae4c8319fc6.jpg
13b29b4c-8747-479d-a078-c185d358de93,https://inaturalist-open-data.s3.amazonaws.com/photos/13617508/medium.jpeg,3454,Mourning Dove,data/new_raw/images/13b29b4c-8747-479d-a078-c185d358de93.jpg
25594bea-bd05-4eb9-90a3-80c2983a3e57,https://inaturalist-open-data.s3.amazonaws.com/photos/13617987/medium.jpeg,4665,American Kestrel,data/new_raw/images/25594bea-bd05-4eb9-90a3-80c2983a3e57.jpg
ad362b7d-c907-4d7d-93ea-9dfb534ef8cd,https://inaturalist-open-data.s3.amazonaws.com/photos/13618124/medium.jpeg,1579017,Cooper's Hawk,data/new_raw/images/ad362b7d-c907-4d7d-93ea-9dfb534ef8cd.jpg
e7b44bba-8493-48a2-9a3b-f4f50227fc72,https://inaturalist-open-data.s3.amazonaws.com/photos/13618959/medium.jpeg,494355,Eastern Red-tailed Hawk,data/new_raw/images/e7b44bba-8493-48a2-9a3b-f4f50227fc72.jpg
c824251f-0054-42c4-9906-410e84a0307e,https://inaturalist-open-data.s3.amazonaws.com/photos/13619103/medium.jpeg,6930,Mallard,data/new_raw/images/c824251f-0054-42c4-9906-410e84a0307e.jpg
ab364f28-985b-41ea-9d87-646bae81a0f6,https://inaturalist-open-data.s3.amazonaws.com/photos/13619722/medium.jpeg,7109,Hooded Merganser,data/new_raw/images/ab364f28-985b-41ea-9d87-646bae81a0f6.jpg
49e31fb5-ea72-4ffc-ba74-a54127e606bd,https://inaturalist-open-data.s3.amazonaws.com/photos/13623150/medium.jpeg,42223,White-tailed Deer,data/new_raw/images/49e31fb5-ea72-4ffc-ba74-a54127e606bd.jpg
040c14e1-a29f-45e9-8d47-fd2b85761c8d,https://inaturalist-open-data.s3.amazonaws.com/photos/13624724/medium.jpeg,7047,Greater Scaup,data/new_raw/images/040c14e1-a29f-45e9-8d47-fd2b85761c8d.jpg
33675a37-5e55-4d94-b557-1d0713a6e3d4,https://inaturalist-open-data.s3.amazonaws.com/photos/13624836/medium.jpeg,7057,Canvasback,data/new_raw/images/33675a37-5e55-4d94-b557-1d0713a6e3d4.jpg
a10e838e-c1fe-46ae-af95-79f919944c22,https://inaturalist-open-data.s3.amazonaws.com/photos/13624939/medium.jpeg,4647,Peregrine Falcon,data/new_raw/images/a10e838e-c1fe-46ae-af95-79f919944c22.jpg
2182a86f-e964-4866-8aa3-04bd2450882d,https://inaturalist-open-data.s3.amazonaws.com/photos/13625569/medium.jpeg,4349,Glaucous Gull,data/new_raw/images/2182a86f-e964-4866-8aa3-04bd2450882d.jpg
441b9698-e358-49ed-bf05-f55124212c89,https://static.inaturalist.org/photos/13638638/medium.jpg,5212,Red-tailed Hawk,data/new_raw/images/441b9698-e358-49ed-bf05-f55124212c89.jpg
b1c81d60-f2af-4053-a0a2-3239a610bb18,https://inaturalist-open-data.s3.amazonaws.com/photos/13657606/medium.jpeg,1579017,Cooper's Hawk,data/new_raw/images/b1c81d60-f2af-4053-a0a2-3239a610bb18.jpg
1a62c91f-726a-4083-abac-622fbb9038a4,https://inaturalist-open-data.s3.amazonaws.com/photos/13672935/medium.jpeg,46017,Eastern Gray Squirrel,data/new_raw/images/1a62c91f-726a-4083-abac-622fbb9038a4.jpg
fc2d67a5-4cfa-4fac-8d39-8def95f84e03,https://static.inaturalist.org/photos/13678298/medium.jpg,46017,Eastern Gray Squirrel,data/new_raw/images/fc2d67a5-4cfa-4fac-8d39-8def95f84e03.jpg
bfa54a67-313b-4880-800f-b80bfd1f298a,https://inaturalist-open-data.s3.amazonaws.com/photos/13705579/medium.jpg,6930,Mallard,data/new_raw/images/bfa54a67-313b-4880-800f-b80bfd1f298a.jpg
de58d3a9-59ed-4865-81f1-9e39c64e87c3,https://inaturalist-open-data.s3.amazonaws.com/photos/13705628/medium.jpg,6930,Mallard,data/new_raw/images/de58d3a9-59ed-4865-81f1-9e39c64e87c3.jpg
72182535-1a6a-4d64-8fc0-55f412d6f2c1,https://inaturalist-open-data.s3.amazonaws.com/photos/13705652/medium.jpg,7089,Canada Goose,data/new_raw/images/72182535-1a6a-4d64-8fc0-55f412d6f2c1.jpg
101be567-fd11-4fa5-8498-528586036c39,https://inaturalist-open-data.s3.amazonaws.com/photos/13705769/medium.jpg,45763,Muskrat,data/new_raw/images/101be567-fd11-4fa5-8498-528586036c39.jpg
aadc7b77-3c7f-4b52-9df4-e1aa7858d4bf,https://inaturalist-open-data.s3.amazonaws.com/photos/13706083/medium.jpeg,4672,Merlin,data/new_raw/images/aadc7b77-3c7f-4b52-9df4-e1aa7858d4bf.jpg
a066e807-ebf3-4481-91f9-1f35c1e47704,https://inaturalist-open-data.s3.amazonaws.com/photos/13706111/medium.jpg,4956,Great Blue Heron,data/new_raw/images/a066e807-ebf3-4481-91f9-1f35c1e47704.jpg
fd455825-a9c8-4d82-9c2e-954b648b122f,https://inaturalist-open-data.s3.amazonaws.com/photos/13706123/medium.jpeg,9100,Song Sparrow,data/new_raw/images/fd455825-a9c8-4d82-9c2e-954b648b122f.jpg
ff1a5f5a-72ec-4608-89ee-81dfb1719fca,https://inaturalist-open-data.s3.amazonaws.com/photos/13706127/medium.jpeg,8021,American Crow,data/new_raw/images/ff1a5f5a-72ec-4608-89ee-81dfb1719fca.jpg
10442657-14ba-4aa3-9a6e-5f0f6f8ad685,https://inaturalist-open-data.s3.amazonaws.com/photos/13710715/medium.jpeg,19349,Monk Parakeet,data/new_raw/images/10442657-14ba-4aa3-9a6e-5f0f6f8ad685.jpg
c20909a5-5292-45c4-b562-6b533a30cb26,https://inaturalist-open-data.s3.amazonaws.com/photos/13726529/medium.jpeg,8021,American Crow,data/new_raw/images/c20909a5-5292-45c4-b562-6b533a30cb26.jpg
7afe41d3-4cfa-4722-8401-3a105f30d096,https://inaturalist-open-data.s3.amazonaws.com/photos/13726530/medium.jpeg,6990,Common Goldeneye,data/new_raw/images/7afe41d3-4cfa-4722-8401-3a105f30d096.jpg
76aa23ad-66cf-45f0-8366-5a0bfa175c67,https://inaturalist-open-data.s3.amazonaws.com/photos/13726532/medium.jpeg,7047,Greater Scaup,data/new_raw/images/76aa23ad-66cf-45f0-8366-5a0bfa175c67.jpg
60eb0b83-8b62-4e8e-bc60-8116ce3ae6c1,https://inaturalist-open-data.s3.amazonaws.com/photos/13726534/medium.jpeg,4246,Pied-billed Grebe,data/new_raw/images/60eb0b83-8b62-4e8e-bc60-8116ce3ae6c1.jpg
8299e9a2-f1bf-42cf-a1d8-1074ca9bc495,https://inaturalist-open-data.s3.amazonaws.com/photos/13726537/medium.jpeg,1578489,American Herring Gull,data/new_raw/images/8299e9a2-f1bf-42cf-a1d8-1074ca9bc495.jpg
f202995b-6650-4a70-8a2d-43b9afc18d03,https://inaturalist-open-data.s3.amazonaws.com/photos/13737169/medium.jpeg,7089,Canada Goose,data/new_raw/images/f202995b-6650-4a70-8a2d-43b9afc18d03.jpg
2cdd7384-8745-4de3-bfc2-cc95dc65838f,https://inaturalist-open-data.s3.amazonaws.com/photos/13779130/medium.jpg,4209,Horned Grebe,data/new_raw/images/2cdd7384-8745-4de3-bfc2-cc95dc65838f.jpg
9ff651ca-03eb-44c0-9c47-fb3386de8956,https://inaturalist-open-data.s3.amazonaws.com/photos/13751482/medium.jpeg,145233,Northern Parula,data/new_raw/images/9ff651ca-03eb-44c0-9c47-fb3386de8956.jpg
21559c0f-c8c3-4b17-82f8-a738680327b3,https://inaturalist-open-data.s3.amazonaws.com/photos/13751651/medium.jpeg,5227,Broad-winged Hawk,data/new_raw/images/21559c0f-c8c3-4b17-82f8-a738680327b3.jpg
b3b30ba7-cc95-4ee5-a023-a7177ba77ae7,https://inaturalist-open-data.s3.amazonaws.com/photos/13751869/medium.jpeg,342169,American Barn Swallow,data/new_raw/images/b3b30ba7-cc95-4ee5-a023-a7177ba77ae7.jpg
e7098dfc-dfea-4146-8eee-1a754585708e,https://static.inaturalist.org/photos/13766087/medium.jpg,7089,Canada Goose,data/new_raw/images/e7098dfc-dfea-4146-8eee-1a754585708e.jpg
eb579271-8ed9-4cfa-ac85-0b7870313f66,https://inaturalist-open-data.s3.amazonaws.com/photos/13766161/medium.jpeg,6921,Mute Swan,data/new_raw/images/eb579271-8ed9-4cfa-ac85-0b7870313f66.jpg
ec9b2f9b-f46f-4527-bfc8-71fba6efe597,https://inaturalist-open-data.s3.amazonaws.com/photos/13781136/medium.jpeg,1579017,Cooper's Hawk,data/new_raw/images/ec9b2f9b-f46f-4527-bfc8-71fba6efe597.jpg
bdc0956e-6ed6-4036-b6ba-6d4a410cd972,https://inaturalist-open-data.s3.amazonaws.com/photos/13799307/medium.jpeg,7089,Canada Goose,data/new_raw/images/bdc0956e-6ed6-4036-b6ba-6d4a410cd972.jpg
61c8f8d9-c730-46f8-b440-75842571f6b0,https://static.inaturalist.org/photos/13801607/medium.jpg,20315,Short-eared Owl,data/new_raw/images/61c8f8d9-c730-46f8-b440-75842571f6b0.jpg
5bcd4c8c-4d83-4dc8-84f3-d6f44796ca34,https://static.inaturalist.org/photos/13805675/medium.jpg,44576,Brown Rat,data/new_raw/images/5bcd4c8c-4d83-4dc8-84f3-d6f44796ca34.jpg
fa9679de-f1e0-4d56-a4d5-8135c1cb71e4,https://inaturalist-open-data.s3.amazonaws.com/photos/13812707/medium.jpeg,6915,Trumpeter Swan,data/new_raw/images/fa9679de-f1e0-4d56-a4d5-8135c1cb71e4.jpg
9a5c2e02-e7d4-4a70-b4ef-a4d1e605b2f2,https://inaturalist-open-data.s3.amazonaws.com/photos/13813261/medium.jpeg,485176,American Wigeon,data/new_raw/images/9a5c2e02-e7d4-4a70-b4ef-a4d1e605b2f2.jpg
0aa9c3fa-4f01-440d-a9a9-f19d31847c92,https://inaturalist-open-data.s3.amazonaws.com/photos/13813264/medium.jpeg,9744,Red-winged Blackbird,data/new_raw/images/0aa9c3fa-4f01-440d-a9a9-f19d31847c92.jpg
8e7e1648-709c-4951-a94d-b3a19db56fa4,https://inaturalist-open-data.s3.amazonaws.com/photos/13820338/medium.jpeg,7089,Canada Goose,data/new_raw/images/8e7e1648-709c-4951-a94d-b3a19db56fa4.jpg
af1f2411-9330-4ec5-97f5-1315b927af53,https://inaturalist-open-data.s3.amazonaws.com/photos/13820341/medium.jpeg,7428,Cedar Waxwing,data/new_raw/images/af1f2411-9330-4ec5-97f5-1315b927af53.jpg
92eac3a9-ec14-4bd2-8459-140bcb710f91,https://inaturalist-open-data.s3.amazonaws.com/photos/13820708/medium.jpeg,122767,Feral Pigeon,data/new_raw/images/92eac3a9-ec14-4bd2-8459-140bcb710f91.jpg
a32eeb42-4106-4a91-9de2-733d866fa333,https://inaturalist-open-data.s3.amazonaws.com/photos/13840727/medium.jpg,44395,White-footed Mouse,data/new_raw/images/a32eeb42-4106-4a91-9de2-733d866fa333.jpg
4478893b-a2eb-45a7-b28d-aece3bc07822,https://inaturalist-open-data.s3.amazonaws.com/photos/13855478/medium.jpeg,792990,Hairy Woodpecker,data/new_raw/images/4478893b-a2eb-45a7-b28d-aece3bc07822.jpg
d297af33-4f2a-4420-b389-01b54f130971,https://inaturalist-open-data.s3.amazonaws.com/photos/13870062/medium.jpg,7056,Redhead,data/new_raw/images/d297af33-4f2a-4420-b389-01b54f130971.jpg
35a155bd-f042-4d3e-890c-8eec7080c959,https://inaturalist-open-data.s3.amazonaws.com/photos/13873867/medium.jpeg,3857,Dunlin,data/new_raw/images/35a155bd-f042-4d3e-890c-8eec7080c959.jpg
d2a0b8d8-165d-4cec-8ac8-55035732e31e,https://inaturalist-open-data.s3.amazonaws.com/photos/13880420/medium.jpeg,42223,White-tailed Deer,data/new_raw/images/d2a0b8d8-165d-4cec-8ac8-55035732e31e.jpg
00c56fcf-d638-42a9-a52b-02fbfa86038f,https://inaturalist-open-data.s3.amazonaws.com/photos/13884196/medium.jpg,144222,White-winged Scoter,data/new_raw/images/00c56fcf-d638-42a9-a52b-02fbfa86038f.jpg
40f54931-7e48-43d2-998c-d56c691190fb,https://static.inaturalist.org/photos/13889727/medium.jpg,3,Birds,data/new_raw/images/40f54931-7e48-43d2-998c-d56c691190fb.jpg
d2d49457-82e6-4444-aae3-3b3ba7e2356d,https://static.inaturalist.org/photos/13889743/medium.jpg,3,Birds,data/new_raw/images/d2d49457-82e6-4444-aae3-3b3ba7e2356d.jpg
ce461a03-8e62-4b7b-998f-5fc44b48c574,https://static.inaturalist.org/photos/13889765/medium.jpg,47144,Domestic Dog,data/new_raw/images/ce461a03-8e62-4b7b-998f-5fc44b48c574.jpg
186d7024-de8d-4a67-9229-d766989b66e5,https://inaturalist-open-data.s3.amazonaws.com/photos/13892898/medium.jpeg,6930,Mallard,data/new_raw/images/186d7024-de8d-4a67-9229-d766989b66e5.jpg
6725f0cb-9154-4640-b3d3-1df118c7560a,https://inaturalist-open-data.s3.amazonaws.com/photos/13892934/medium.jpeg,12727,American Robin,data/new_raw/images/6725f0cb-9154-4640-b3d3-1df118c7560a.jpg
68b1fcb9-8416-44c8-a0cf-a186f59494b9,https://static.inaturalist.org/photos/13898672/medium.jpg,7107,Wood Duck,data/new_raw/images/68b1fcb9-8416-44c8-a0cf-a186f59494b9.jpg
9dd0154b-6107-4783-a137-70fbef2a7b08,https://static.inaturalist.org/photos/13898692/medium.jpg,236935,Domestic Mallard,data/new_raw/images/9dd0154b-6107-4783-a137-70fbef2a7b08.jpg
0db14058-a685-4625-aa94-014d1435aaab,https://inaturalist-open-data.s3.amazonaws.com/photos/13902270/medium.jpg,9744,Red-winged Blackbird,data/new_raw/images/0db14058-a685-4625-aa94-014d1435aaab.jpg
e23fab6f-729a-436a-8c94-710bbb9d7311,https://inaturalist-open-data.s3.amazonaws.com/photos/13902301/medium.jpg,10094,Dark-eyed Junco,data/new_raw/images/e23fab6f-729a-436a-8c94-710bbb9d7311.jpg
a251b225-8534-445c-ab63-722bf4e0182f,https://inaturalist-open-data.s3.amazonaws.com/photos/13902326/medium.jpg,9744,Red-winged Blackbird,data/new_raw/images/a251b225-8534-445c-ab63-722bf4e0182f.jpg
57a6da56-6453-41b8-8dd1-5b160d5ab3e5,https://inaturalist-open-data.s3.amazonaws.com/photos/13902371/medium.jpg,792988,Downy Woodpecker,data/new_raw/images/57a6da56-6453-41b8-8dd1-5b160d5ab3e5.jpg
7344ea28-9063-46c6-809b-84555ff533ea,https://inaturalist-open-data.s3.amazonaws.com/photos/13902413/medium.jpg,9083,Northern Cardinal,data/new_raw/images/7344ea28-9063-46c6-809b-84555ff533ea.jpg
9d710e94-d4fc-4425-aa39-17ecaf393db6,https://static.inaturalist.org/photos/14232874/medium.jpg,118552,Domestic Cat,data/new_raw/images/9d710e94-d4fc-4425-aa39-17ecaf393db6.jpg
e3a687ff-784f-411e-92f4-a691de3a2816,https://inaturalist-open-data.s3.amazonaws.com/photos/13906284/medium.jpeg,7428,Cedar Waxwing,data/new_raw/images/e3a687ff-784f-411e-92f4-a691de3a2816.jpg
25b905c1-6533-4568-af87-fa15a11f77bd,https://inaturalist-open-data.s3.amazonaws.com/photos/13920033/medium.jpeg,5212,Red-tailed Hawk,data/new_raw/images/25b905c1-6533-4568-af87-fa15a11f77bd.jpg
ceaae526-4811-4540-a688-2031e4818999,https://static.inaturalist.org/photos/13991212/medium.jpg,3454,Mourning Dove,data/new_raw/images/ceaae526-4811-4540-a688-2031e4818999.jpg
75ccdb30-d410-41e9-8383-991b7e5af0f9,https://inaturalist-open-data.s3.amazonaws.com/photos/14001999/medium.jpg,19349,Monk Parakeet,data/new_raw/images/75ccdb30-d410-41e9-8383-991b7e5af0f9.jpg
dc6c41c1-e062-497b-a4d5-01a5ac64d2fd,https://static.inaturalist.org/photos/14007735/medium.jpg,7044,Ring-necked Duck,data/new_raw/images/dc6c41c1-e062-497b-a4d5-01a5ac64d2fd.jpg
4679fb5f-4695-4ce0-b370-6ab490ef93f2,https://static.inaturalist.org/photos/14007752/medium.jpg,7057,Canvasback,data/new_raw/images/4679fb5f-4695-4ce0-b370-6ab490ef93f2.jpg
e29a6743-b908-47e1-a387-d1048747c50d,https://static.inaturalist.org/photos/14007780/medium.jpg,485176,American Wigeon,data/new_raw/images/e29a6743-b908-47e1-a387-d1048747c50d.jpg
ab83d7af-69dd-4512-8623-8421aa7913fc,https://static.inaturalist.org/photos/14007796/medium.jpg,122767,Feral Pigeon,data/new_raw/images/ab83d7af-69dd-4512-8623-8421aa7913fc.jpg
b4002f3d-7d07-4229-84a5-b6d469450612,https://static.inaturalist.org/photos/14007838/medium.jpg,558512,Northern Shrike,data/new_raw/images/b4002f3d-7d07-4229-84a5-b6d469450612.jpg
c9dad74f-1904-4abf-8888-1cc724743250,https://static.inaturalist.org/photos/14007864/medium.jpg,9083,Northern Cardinal,data/new_raw/images/c9dad74f-1904-4abf-8888-1cc724743250.jpg
693206f3-ea31-4201-b779-f339169be5e9,https://inaturalist-open-data.s3.amazonaws.com/photos/14013151/medium.jpeg,792988,Downy Woodpecker,data/new_raw/images/693206f3-ea31-4201-b779-f339169be5e9.jpg
690d5b38-4f68-4490-9339-3ca7a62fe52d,https://inaturalist-open-data.s3.amazonaws.com/photos/14017346/medium.jpeg,42051,Coyote,data/new_raw/images/690d5b38-4f68-4490-9339-3ca7a62fe52d.jpg
caa4c66d-aa86-417d-bbe2-c964760af8da,https://static.inaturalist.org/photos/14017510/medium.jpg,199840,House Finch,data/new_raw/images/caa4c66d-aa86-417d-bbe2-c964760af8da.jpg
7d724a47-2198-499e-87ef-a2fd6798b0a0,https://static.inaturalist.org/photos/14065031/medium.jpeg,10094,Dark-eyed Junco,data/new_raw/images/7d724a47-2198-499e-87ef-a2fd6798b0a0.jpg
e876cc73-3010-4ec2-98ed-1ebfe122c695,https://static.inaturalist.org/photos/14065079/medium.jpeg,144815,Black-capped Chickadee,data/new_raw/images/e876cc73-3010-4ec2-98ed-1ebfe122c695.jpg
3419647f-35a7-4d64-ab88-211c3f4f6658,https://static.inaturalist.org/photos/14065108/medium.jpeg,473,American Coot,data/new_raw/images/3419647f-35a7-4d64-ab88-211c3f4f6658.jpg
56cde00d-b306-4ced-8848-adc4919455ac,https://static.inaturalist.org/photos/14065109/medium.jpeg,7036,Surf Scoter,data/new_raw/images/56cde00d-b306-4ced-8848-adc4919455ac.jpg
97a0f146-629e-4277-a99a-d79b0547b5ff,https://static.inaturalist.org/photos/14065198/medium.jpeg,7057,Canvasback,data/new_raw/images/97a0f146-629e-4277-a99a-d79b0547b5ff.jpg
eb3531d5-23a3-4ba0-96bb-126dd2e011ff,https://static.inaturalist.org/photos/14065199/medium.jpeg,6993,Bufflehead,data/new_raw/images/eb3531d5-23a3-4ba0-96bb-126dd2e011ff.jpg
c23bf5e6-53f3-4330-952b-6d877317244d,https://static.inaturalist.org/photos/14065371/medium.jpeg,7019,Greater White-fronted Goose,data/new_raw/images/c23bf5e6-53f3-4330-952b-6d877317244d.jpg
15cf0bae-8390-4167-98e8-3184dd835682,https://static.inaturalist.org/photos/14065399/medium.jpeg,7019,Greater White-fronted Goose,data/new_raw/images/15cf0bae-8390-4167-98e8-3184dd835682.jpg
6a734c9a-b738-4781-87d0-17ca148315ac,https://static.inaturalist.org/photos/14065456/medium.jpeg,5206,Red-shouldered Hawk,data/new_raw/images/6a734c9a-b738-4781-87d0-17ca148315ac.jpg
915f30cf-d4e4-4670-9daf-f1219553fd60,https://static.inaturalist.org/photos/14065721/medium.jpeg,485176,American Wigeon,data/new_raw/images/915f30cf-d4e4-4670-9daf-f1219553fd60.jpg
c34fa051-bbbe-4e97-88dc-6f970aa53c78,https://static.inaturalist.org/photos/14065723/medium.jpeg,485176,American Wigeon,data/new_raw/images/c34fa051-bbbe-4e97-88dc-6f970aa53c78.jpg
cd90a48c-b167-4b7d-a205-8cf7858c94a0,https://static.inaturalist.org/photos/14065727/medium.jpeg,485176,American Wigeon,data/new_raw/images/cd90a48c-b167-4b7d-a205-8cf7858c94a0.jpg
724d1647-a364-4045-aaea-a6ad7160101d,https://static.inaturalist.org/photos/14065729/medium.jpeg,485176,American Wigeon,data/new_raw/images/724d1647-a364-4045-aaea-a6ad7160101d.jpg
91fdc46c-3b43-4646-879a-e4fcc310ef74,https://static.inaturalist.org/photos/14069797/medium.jpg,1579017,Cooper's Hawk,data/new_raw/images/91fdc46c-3b43-4646-879a-e4fcc310ef74.jpg
da25b9fd-29c6-485e-9bc8-03419101b70f,https://static.inaturalist.org/photos/14072877/medium.jpeg,9424,Eastern Towhee,data/new_raw/images/da25b9fd-29c6-485e-9bc8-03419101b70f.jpg
6a80f6c4-b6ad-4076-af96-2fc037431f95,https://static.inaturalist.org/photos/14072888/medium.jpeg,9184,White-throated Sparrow,data/new_raw/images/6a80f6c4-b6ad-4076-af96-2fc037431f95.jpg
8c763cf6-a03f-4138-8609-647921adace2,https://static.inaturalist.org/photos/14072896/medium.jpeg,14898,Brown Thrasher,data/new_raw/images/8c763cf6-a03f-4138-8609-647921adace2.jpg
72de265d-84b0-4ce6-ba06-fd3a48aea407,https://static.inaturalist.org/photos/14072897/medium.jpeg,9346,Baltimore Oriole,data/new_raw/images/72de265d-84b0-4ce6-ba06-fd3a48aea407.jpg
af90323e-4f37-441b-a13a-24b54040b300,https://static.inaturalist.org/photos/14072900/medium.jpeg,145240,Blackpoll Warbler,data/new_raw/images/af90323e-4f37-441b-a13a-24b54040b300.jpg
b5f1e959-12bc-4528-8e8e-40cae869f73b,https://static.inaturalist.org/photos/14072905/medium.jpeg,145238,Yellow Warbler,data/new_raw/images/b5f1e959-12bc-4528-8e8e-40cae869f73b.jpg
f4deb76e-7d7a-4005-a41c-719450ba717f,https://static.inaturalist.org/photos/14072934/medium.jpeg,5305,Bald Eagle,data/new_raw/images/f4deb76e-7d7a-4005-a41c-719450ba717f.jpg
8765557b-9b20-4d6b-b310-2ddef0411530,https://static.inaturalist.org/photos/14072928/medium.jpeg,558439,Gadwall,data/new_raw/images/8765557b-9b20-4d6b-b310-2ddef0411530.jpg
8e5c1055-9899-4be9-b743-3aabc07dd51d,https://static.inaturalist.org/photos/14076710/medium.jpeg,792988,Downy Woodpecker,data/new_raw/images/8e5c1055-9899-4be9-b743-3aabc07dd51d.jpg
92e31161-d2fe-4931-9d3f-81d9b5588d4a,https://static.inaturalist.org/photos/14076712/medium.jpeg,9100,Song Sparrow,data/new_raw/images/92e31161-d2fe-4931-9d3f-81d9b5588d4a.jpg
beb6af92-1ce5-406f-9731-75968d15297d,https://static.inaturalist.org/photos/14076732/medium.jpeg,5212,Red-tailed Hawk,data/new_raw/images/beb6af92-1ce5-406f-9731-75968d15297d.jpg
a80404a9-7378-402f-8cdf-11f5c00ba7c5,https://inaturalist-open-data.s3.amazonaws.com/photos/14094182/medium.jpg,7109,Hooded Merganser,data/new_raw/images/a80404a9-7378-402f-8cdf-11f5c00ba7c5.jpg
37b29b03-2149-4e55-b489-09cb069e7852,https://static.inaturalist.org/photos/14108452/medium.jpeg,6930,Mallard,data/new_raw/images/37b29b03-2149-4e55-b489-09cb069e7852.jpg
cf646561-15ce-4e5a-b0af-50c3ea27ed47,https://static.inaturalist.org/photos/14120411/medium.jpg,12727,American Robin,data/new_raw/images/cf646561-15ce-4e5a-b0af-50c3ea27ed47.jpg
e2039405-f4e7-4c98-8ae6-ab2462983d45,https://inaturalist-open-data.s3.amazonaws.com/photos/14124159/medium.jpg,122767,Feral Pigeon,data/new_raw/images/e2039405-f4e7-4c98-8ae6-ab2462983d45.jpg
3a667989-138e-484f-9cbe-7856514c285a,https://static.inaturalist.org/photos/14132706/medium.jpg,13858,House Sparrow,data/new_raw/images/3a667989-138e-484f-9cbe-7856514c285a.jpg
f27f70b0-558c-4cc4-abc1-3ab723d2ce23,https://static.inaturalist.org/photos/14132898/medium.jpg,122767,Feral Pigeon,data/new_raw/images/f27f70b0-558c-4cc4-abc1-3ab723d2ce23.jpg
7d7212bb-2c51-47e4-a694-3047c8cf6538,https://static.inaturalist.org/photos/14132952/medium.jpg,12727,American Robin,data/new_raw/images/7d7212bb-2c51-47e4-a694-3047c8cf6538.jpg
298fb323-979c-4ac7-99e6-de18b4631df4,https://inaturalist-open-data.s3.amazonaws.com/photos/14134929/medium.jpeg,14886,Northern Mockingbird,data/new_raw/images/298fb323-979c-4ac7-99e6-de18b4631df4.jpg
a79c1ddd-5338-46f6-8f17-9a7a5268cb08,https://inaturalist-open-data.s3.amazonaws.com/photos/14138390/medium.jpg,42051,Coyote,data/new_raw/images/a79c1ddd-5338-46f6-8f17-9a7a5268cb08.jpg
f0362638-c3cb-44a0-a04a-c6309545a660,https://inaturalist-open-data.s3.amazonaws.com/photos/14138402/medium.jpg,144594,Snowy Owl,data/new_raw/images/f0362638-c3cb-44a0-a04a-c6309545a660.jpg
60a07d43-a1e1-4941-85aa-6733b0e4fc33,https://inaturalist-open-data.s3.amazonaws.com/photos/14138701/medium.jpg,144222,White-winged Scoter,data/new_raw/images/60a07d43-a1e1-4941-85aa-6733b0e4fc33.jpg
92386f78-f7e3-4224-94f8-b313f70dbd02,https://inaturalist-open-data.s3.amazonaws.com/photos/14138847/medium.jpeg,2969,Eurasian Collared-Dove,data/new_raw/images/92386f78-f7e3-4224-94f8-b313f70dbd02.jpg
b1c2de37-8c55-454c-8204-452d41b90f73,https://inaturalist-open-data.s3.amazonaws.com/photos/14139237/medium.jpeg,558512,Northern Shrike,data/new_raw/images/b1c2de37-8c55-454c-8204-452d41b90f73.jpg
3fb3f07e-b1fd-4faf-b5b7-48f9717412ff,https://inaturalist-open-data.s3.amazonaws.com/photos/14146740/medium.jpg,4364,Ring-billed Gull,data/new_raw/images/3fb3f07e-b1fd-4faf-b5b7-48f9717412ff.jpg
b0e75f65-714f-4d5c-9b7e-e9d9bb285a39,https://inaturalist-open-data.s3.amazonaws.com/photos/14146809/medium.jpg,7089,Canada Goose,data/new_raw/images/b0e75f65-714f-4d5c-9b7e-e9d9bb285a39.jpg
2a01f159-8137-4a25-8a77-e9fceb033263,https://static.inaturalist.org/photos/14156939/medium.jpeg,3865,Pectoral Sandpiper,data/new_raw/images/2a01f159-8137-4a25-8a77-e9fceb033263.jpg
3ea0ee07-e792-498c-9805-7bb40e81ad77,https://inaturalist-open-data.s3.amazonaws.com/photos/14185314/medium.jpeg,3454,Mourning Dove,data/new_raw/images/3ea0ee07-e792-498c-9805-7bb40e81ad77.jpg
2d78cae6-96f0-4755-80e5-bebcabd9359a,https://inaturalist-open-data.s3.amazonaws.com/photos/14185397/medium.jpeg,14801,White-breasted Nuthatch,data/new_raw/images/2d78cae6-96f0-4755-80e5-bebcabd9359a.jpg
8c4417f2-2cd7-44a1-9921-1e12ddd39a76,https://inaturalist-open-data.s3.amazonaws.com/photos/14185417/medium.jpeg,792988,Downy Woodpecker,data/new_raw/images/8c4417f2-2cd7-44a1-9921-1e12ddd39a76.jpg
815fd130-a48b-46db-afee-d7400261e02e,https://inaturalist-open-data.s3.amazonaws.com/photos/14185446/medium.jpeg,18205,Red-bellied Woodpecker,data/new_raw/images/815fd130-a48b-46db-afee-d7400261e02e.jpg
d01e0757-fe68-4cb3-8fb1-0c513203d595,https://inaturalist-open-data.s3.amazonaws.com/photos/14185458/medium.jpeg,42223,White-tailed Deer,data/new_raw/images/d01e0757-fe68-4cb3-8fb1-0c513203d595.jpg
dacf4360-b6b5-479b-9373-be0cd59f7917,https://inaturalist-open-data.s3.amazonaws.com/photos/14185549/medium.jpeg,474210,American Tree Sparrow,data/new_raw/images/dacf4360-b6b5-479b-9373-be0cd59f7917.jpg
80a76247-0613-4b5b-8cbf-d64cfae916d8,https://inaturalist-open-data.s3.amazonaws.com/photos/14185594/medium.jpeg,9100,Song Sparrow,data/new_raw/images/80a76247-0613-4b5b-8cbf-d64cfae916d8.jpg
02a31bc1-0c21-44f4-8f7c-374f1b4583f3,https://static.inaturalist.org/photos/14194024/medium.jpg,13858,House Sparrow,data/new_raw/images/02a31bc1-0c21-44f4-8f7c-374f1b4583f3.jpg
6d86f82e-adb2-489f-8b8d-beeaf1e8497a,https://static.inaturalist.org/photos/14194287/medium.jpg,43111,Eastern Cottontail,data/new_raw/images/6d86f82e-adb2-489f-8b8d-beeaf1e8497a.jpg
d798e1e4-d322-432e-9c93-7a0fbba58d1a,https://static.inaturalist.org/photos/14217789/medium.jpg,7019,Greater White-fronted Goose,data/new_raw/images/d798e1e4-d322-432e-9c93-7a0fbba58d1a.jpg
e3ac9971-6c04-4769-bc0d-03d11cae7d7d,https://inaturalist-open-data.s3.amazonaws.com/photos/14225387/medium.jpeg,6996,Red-breasted Merganser,data/new_raw/images/e3ac9971-6c04-4769-bc0d-03d11cae7d7d.jpg
3225824e-0199-4061-9e74-48127da09eec,https://inaturalist-open-data.s3.amazonaws.com/photos/14227618/medium.jpg,6996,Red-breasted Merganser,data/new_raw/images/3225824e-0199-4061-9e74-48127da09eec.jpg
bd1fe9dd-c646-4d64-80d1-04664c233815,https://inaturalist-open-data.s3.amazonaws.com/photos/14232053/medium.jpeg,792988,Downy Woodpecker,data/new_raw/images/bd1fe9dd-c646-4d64-80d1-04664c233815.jpg
acb3b1f0-c229-4dbf-ad55-6ed5182506b4,https://inaturalist-open-data.s3.amazonaws.com/photos/14232118/medium.jpeg,9083,Northern Cardinal,data/new_raw/images/acb3b1f0-c229-4dbf-ad55-6ed5182506b4.jpg
240b1ead-cc5c-4375-8c10-c5707d0782c4,https://inaturalist-open-data.s3.amazonaws.com/photos/14248355/medium.jpg,6990,Common Goldeneye,data/new_raw/images/240b1ead-cc5c-4375-8c10-c5707d0782c4.jpg
d0394495-d243-49e0-b47d-fce76e97c2ad,https://static.inaturalist.org/photos/14249971/medium.jpeg,4246,Pied-billed Grebe,data/new_raw/images/d0394495-d243-49e0-b47d-fce76e97c2ad.jpg
2868a6f1-5bc9-4cad-aedf-fcaa62cf9e57,https://static.inaturalist.org/photos/14249973/medium.jpeg,558439,Gadwall,data/new_raw/images/2868a6f1-5bc9-4cad-aedf-fcaa62cf9e57.jpg
7d549692-6d31-4f55-8807-6aba759e047a,https://static.inaturalist.org/photos/14249975/medium.jpeg,558439,Gadwall,data/new_raw/images/7d549692-6d31-4f55-8807-6aba759e047a.jpg
3542d74d-f3fe-4822-b075-d1bb3ac7728f,https://static.inaturalist.org/photos/14249977/medium.jpeg,558439,Gadwall,data/new_raw/images/3542d74d-f3fe-4822-b075-d1bb3ac7728f.jpg
379d467b-0bd0-49d5-a31d-4ef06002b2f9,https://static.inaturalist.org/photos/14249979/medium.jpeg,6921,Mute Swan,data/new_raw/images/379d467b-0bd0-49d5-a31d-4ef06002b2f9.jpg
f0bd6406-20cf-4804-a05b-fa162becd1f2,https://static.inaturalist.org/photos/16537569/medium.jpg,792990,Hairy Woodpecker,data/new_raw/images/f0bd6406-20cf-4804-a05b-fa162becd1f2.jpg
d7f4fe3b-5715-4f0a-870a-2fbfe37eaea6,https://inaturalist-open-data.s3.amazonaws.com/photos/14259805/medium.jpeg,42223,White-tailed Deer,data/new_raw/images/d7f4fe3b-5715-4f0a-870a-2fbfe37eaea6.jpg
179be780-eb49-422f-b02e-a29d008846a8,https://inaturalist-open-data.s3.amazonaws.com/photos/14259849/medium.jpeg,41663,Common Raccoon,data/new_raw/images/179be780-eb49-422f-b02e-a29d008846a8.jpg
6db6f1bd-5a18-4cc8-b244-5efd492e546c,https://static.inaturalist.org/photos/14266562/medium.jpg,1578489,American Herring Gull,data/new_raw/images/6db6f1bd-5a18-4cc8-b244-5efd492e546c.jpg
6beb10a6-1190-413c-9860-ad4ab3746731,https://static.inaturalist.org/photos/14266649/medium.jpg,7089,Canada Goose,data/new_raw/images/6beb10a6-1190-413c-9860-ad4ab3746731.jpg
e8d38faf-d3bf-4e67-a2e1-161da33f94dd,https://static.inaturalist.org/photos/14267753/medium.jpeg,19349,Monk Parakeet,data/new_raw/images/e8d38faf-d3bf-4e67-a2e1-161da33f94dd.jpg
231a2da9-19fd-45e7-83a4-d20b31f4f18e,https://static.inaturalist.org/photos/14290457/medium.jpg,8021,American Crow,data/new_raw/images/231a2da9-19fd-45e7-83a4-d20b31f4f18e.jpg
5b958736-846d-4427-883e-6e61220139e5,https://static.inaturalist.org/photos/14297985/medium.jpeg,3938,Ruddy Turnstone,data/new_raw/images/5b958736-846d-4427-883e-6e61220139e5.jpg
a72c763b-0cef-4909-b24a-481eda476fca,https://inaturalist-open-data.s3.amazonaws.com/photos/14310539/medium.jpeg,9083,Northern Cardinal,data/new_raw/images/a72c763b-0cef-4909-b24a-481eda476fca.jpg
ba31bd7e-fc8c-4b44-aa65-b39c42f0d6c7,https://inaturalist-open-data.s3.amazonaws.com/photos/14318923/medium.jpeg,6990,Common Goldeneye,data/new_raw/images/ba31bd7e-fc8c-4b44-aa65-b39c42f0d6c7.jpg
c1579aeb-2f21-407e-be19-c4091538f3bb,https://inaturalist-open-data.s3.amazonaws.com/photos/14319120/medium.jpeg,12727,American Robin,data/new_raw/images/c1579aeb-2f21-407e-be19-c4091538f3bb.jpg
c853ddb8-7c09-45be-8406-f87e544e5ffa,https://inaturalist-open-data.s3.amazonaws.com/photos/14319143/medium.jpeg,14850,European Starling,data/new_raw/images/c853ddb8-7c09-45be-8406-f87e544e5ffa.jpg
4b647327-40b5-4e0a-aa20-2d39378136a2,https://inaturalist-open-data.s3.amazonaws.com/photos/14319157/medium.jpeg,6996,Red-breasted Merganser,data/new_raw/images/4b647327-40b5-4e0a-aa20-2d39378136a2.jpg
5878d4bf-ac96-482e-832c-f699fe55f8cd,https://inaturalist-open-data.s3.amazonaws.com/photos/14319241/medium.jpeg,43111,Eastern Cottontail,data/new_raw/images/5878d4bf-ac96-482e-832c-f699fe55f8cd.jpg
5087c401-655d-4442-84a0-f3942ddf47b1,https://inaturalist-open-data.s3.amazonaws.com/photos/14319265/medium.jpeg,9744,Red-winged Blackbird,data/new_raw/images/5087c401-655d-4442-84a0-f3942ddf47b1.jpg
7080edcc-196f-4a7b-8047-58cb077efa7e,https://inaturalist-open-data.s3.amazonaws.com/photos/14319290/medium.jpeg,43111,Eastern Cottontail,data/new_raw/images/7080edcc-196f-4a7b-8047-58cb077efa7e.jpg
15920919-110e-41ea-8c3b-3cf7f6f24285,https://inaturalist-open-data.s3.amazonaws.com/photos/14319305/medium.jpeg,8021,American Crow,data/new_raw/images/15920919-110e-41ea-8c3b-3cf7f6f24285.jpg
89c8ebff-5eda-4b2c-bddc-daf964b70539,https://inaturalist-open-data.s3.amazonaws.com/photos/14319319/medium.jpeg,9083,Northern Cardinal,data/new_raw/images/89c8ebff-5eda-4b2c-bddc-daf964b70539.jpg
43e00cab-0c2a-4c89-98f4-9c92f66ea8bc,https://inaturalist-open-data.s3.amazonaws.com/photos/14319326/medium.jpeg,13858,House Sparrow,data/new_raw/images/43e00cab-0c2a-4c89-98f4-9c92f66ea8bc.jpg
e01921ea-93d3-4985-8ff1-5157c09f065f,https://inaturalist-open-data.s3.amazonaws.com/photos/14319338/medium.jpeg,6996,Red-breasted Merganser,data/new_raw/images/e01921ea-93d3-4985-8ff1-5157c09f065f.jpg
2b52ede0-b5bc-4d25-9f3e-7303446b4580,https://inaturalist-open-data.s3.amazonaws.com/photos/14319356/medium.jpeg,792988,Downy Woodpecker,data/new_raw/images/2b52ede0-b5bc-4d25-9f3e-7303446b4580.jpg
cafbcdc4-308b-4432-8caf-c37a47d30ac1,https://inaturalist-open-data.s3.amazonaws.com/photos/14319366/medium.jpeg,792988,Downy Woodpecker,data/new_raw/images/cafbcdc4-308b-4432-8caf-c37a47d30ac1.jpg
65d64fa3-5001-41bc-884c-d3ffd69a4c67,https://inaturalist-open-data.s3.amazonaws.com/photos/14319371/medium.jpeg,9100,Song Sparrow,data/new_raw/images/65d64fa3-5001-41bc-884c-d3ffd69a4c67.jpg
2fd6cda9-f915-4fee-9ba2-902d9cfb4711,https://inaturalist-open-data.s3.amazonaws.com/photos/14319382/medium.jpeg,120479,Domestic Greylag Goose,data/new_raw/images/2fd6cda9-f915-4fee-9ba2-902d9cfb4711.jpg
f1717715-856f-4961-bd32-e5bde83a13d9,https://inaturalist-open-data.s3.amazonaws.com/photos/14319429/medium.jpeg,120479,Domestic Greylag Goose,data/new_raw/images/f1717715-856f-4961-bd32-e5bde83a13d9.jpg
70262ee2-8d62-4571-84a4-08b64c92214a,https://inaturalist-open-data.s3.amazonaws.com/photos/14319449/medium.jpeg,46017,Eastern Gray Squirrel,data/new_raw/images/70262ee2-8d62-4571-84a4-08b64c92214a.jpg
165eb191-3a44-4d5a-a513-d4eef3763c19,https://inaturalist-open-data.s3.amazonaws.com/photos/14319463/medium.jpeg,9602,Common Grackle,data/new_raw/images/165eb191-3a44-4d5a-a513-d4eef3763c19.jpg
dd8373ed-bb82-4931-b693-f82c6da0b0c5,https://inaturalist-open-data.s3.amazonaws.com/photos/14319475/medium.jpeg,10094,Dark-eyed Junco,data/new_raw/images/dd8373ed-bb82-4931-b693-f82c6da0b0c5.jpg
66065f31-62c2-4d38-bb76-8cab75b43ebd,https://inaturalist-open-data.s3.amazonaws.com/photos/14319489/medium.jpeg,9744,Red-winged Blackbird,data/new_raw/images/66065f31-62c2-4d38-bb76-8cab75b43ebd.jpg
91c8c2a8-a386-4344-891a-82b5b24ed5ce,https://inaturalist-open-data.s3.amazonaws.com/photos/14319494/medium.jpeg,9602,Common Grackle,data/new_raw/images/91c8c2a8-a386-4344-891a-82b5b24ed5ce.jpg
7ab21cab-f2b4-4c99-a254-cd14449da75b,https://inaturalist-open-data.s3.amazonaws.com/photos/14319515/medium.jpeg,13858,House Sparrow,data/new_raw/images/7ab21cab-f2b4-4c99-a254-cd14449da75b.jpg
0f74f972-91a7-4cb1-b1a0-c4c82d20fc02,https://inaturalist-open-data.s3.amazonaws.com/photos/14319526/medium.jpeg,9744,Red-winged Blackbird,data/new_raw/images/0f74f972-91a7-4cb1-b1a0-c4c82d20fc02.jpg
aee5b535-c7c0-498e-bb0f-97f87959913d,https://inaturalist-open-data.s3.amazonaws.com/photos/14319543/medium.jpeg,7089,Canada Goose,data/new_raw/images/aee5b535-c7c0-498e-bb0f-97f87959913d.jpg
0fc21e87-90c0-4198-9eb6-91a2eb81158a,https://inaturalist-open-data.s3.amazonaws.com/photos/14319556/medium.jpeg,43111,Eastern Cottontail,data/new_raw/images/0fc21e87-90c0-4198-9eb6-91a2eb81158a.jpg
5b46d5e1-87b1-420c-86eb-89f60167fc4f,https://inaturalist-open-data.s3.amazonaws.com/photos/14328060/medium.jpeg,122767,Feral Pigeon,data/new_raw/images/5b46d5e1-87b1-420c-86eb-89f60167fc4f.jpg
58974e99-932c-4f4e-afb5-58bd63262a3d,https://static.inaturalist.org/photos/14338048/medium.jpg,9346,Baltimore Oriole,data/new_raw/images/58974e99-932c-4f4e-afb5-58bd63262a3d.jpg
d9aa96a8-490c-4fb8-8271-a8892f406582,https://static.inaturalist.org/photos/14338050/medium.jpeg,14995,Gray Catbird,data/new_raw/images/d9aa96a8-490c-4fb8-8271-a8892f406582.jpg
8665fcf7-1516-457d-857b-2078d55ac87e,https://static.inaturalist.org/photos/14338052/medium.jpeg,4793,Killdeer,data/new_raw/images/8665fcf7-1516-457d-857b-2078d55ac87e.jpg
b107dbe9-202d-4306-9f1c-fefea978f943,https://static.inaturalist.org/photos/14338054/medium.jpeg,4793,Killdeer,data/new_raw/images/b107dbe9-202d-4306-9f1c-fefea978f943.jpg
0ee20140-3da8-4213-8da7-26f47f9abc9c,https://static.inaturalist.org/photos/14338057/medium.jpeg,4793,Killdeer,data/new_raw/images/0ee20140-3da8-4213-8da7-26f47f9abc9c.jpg
aac8d2e9-01a2-456c-8f34-312a3d0c2a41,https://static.inaturalist.org/photos/14338062/medium.jpeg,4793,Killdeer,data/new_raw/images/aac8d2e9-01a2-456c-8f34-312a3d0c2a41.jpg
3dfeedec-9eb2-4121-ab0a-8db4fec89f14,https://static.inaturalist.org/photos/14338064/medium.jpeg,4793,Killdeer,data/new_raw/images/3dfeedec-9eb2-4121-ab0a-8db4fec89f14.jpg
69b10a95-6b36-434d-8124-9691f1b193c7,https://static.inaturalist.org/photos/14338065/medium.jpeg,4793,Killdeer,data/new_raw/images/69b10a95-6b36-434d-8124-9691f1b193c7.jpg
1b8226fd-4200-4f47-af69-0e427947f454,https://static.inaturalist.org/photos/14338066/medium.jpeg,11970,Northern Rough-winged Swallow,data/new_raw/images/1b8226fd-4200-4f47-af69-0e427947f454.jpg
5bf6a2c0-add2-473f-b080-e63cb5436888,https://static.inaturalist.org/photos/14338070/medium.jpeg,9083,Northern Cardinal,data/new_raw/images/5bf6a2c0-add2-473f-b080-e63cb5436888.jpg
b4d319d6-5d35-4b68-a717-6e6235c24b98,https://inaturalist-open-data.s3.amazonaws.com/photos/14345467/medium.jpeg,46017,Eastern Gray Squirrel,data/new_raw/images/b4d319d6-5d35-4b68-a717-6e6235c24b98.jpg
5270d4f9-36a5-46e3-81d5-21c727c5a985,https://inaturalist-open-data.s3.amazonaws.com/photos/14345632/medium.jpeg,43111,Eastern Cottontail,data/new_raw/images/5270d4f9-36a5-46e3-81d5-21c727c5a985.jpg
af436b12-c464-4e7b-a263-98aada22c489,https://inaturalist-open-data.s3.amazonaws.com/photos/14345753/medium.jpeg,43111,Eastern Cottontail,data/new_raw/images/af436b12-c464-4e7b-a263-98aada22c489.jpg
2182849b-c4a9-4043-b925-9dc04ab1ce97,https://inaturalist-open-data.s3.amazonaws.com/photos/14345967/medium.jpeg,46017,Eastern Gray Squirrel,data/new_raw/images/2182849b-c4a9-4043-b925-9dc04ab1ce97.jpg
9f383fdb-2085-4a51-be8b-a98cbb89c8d6,https://inaturalist-open-data.s3.amazonaws.com/photos/14347395/medium.jpeg,145310,American Goldfinch,data/new_raw/images/9f383fdb-2085-4a51-be8b-a98cbb89c8d6.jpg
c99b5d82-bd14-4d48-a4b0-3493d57debaa,https://inaturalist-open-data.s3.amazonaws.com/photos/14347412/medium.jpeg,792988,Downy Woodpecker,data/new_raw/images/c99b5d82-bd14-4d48-a4b0-3493d57debaa.jpg
ae38d2f5-aa14-4ab7-a50a-7940bdbdaf53,https://inaturalist-open-data.s3.amazonaws.com/photos/14347423/medium.jpeg,9744,Red-winged Blackbird,data/new_raw/images/ae38d2f5-aa14-4ab7-a50a-7940bdbdaf53.jpg
f48d879d-d946-4a0c-a698-8d5dcb53e8ab,https://inaturalist-open-data.s3.amazonaws.com/photos/14347436/medium.jpeg,145310,American Goldfinch,data/new_raw/images/f48d879d-d946-4a0c-a698-8d5dcb53e8ab.jpg
8070c099-1fa8-46c3-b08d-6754f7d85f7e,https://inaturalist-open-data.s3.amazonaws.com/photos/14347449/medium.jpeg,9100,Song Sparrow,data/new_raw/images/8070c099-1fa8-46c3-b08d-6754f7d85f7e.jpg
5880366b-67fd-41f4-8f9a-c3a16124e097,https://inaturalist-open-data.s3.amazonaws.com/photos/14347483/medium.jpeg,12727,American Robin,data/new_raw/images/5880366b-67fd-41f4-8f9a-c3a16124e097.jpg
c180a10b-ad34-425a-8694-18db8ec4efb0,https://inaturalist-open-data.s3.amazonaws.com/photos/14347520/medium.jpeg,43111,Eastern Cottontail,data/new_raw/images/c180a10b-ad34-425a-8694-18db8ec4efb0.jpg
492fbc19-cb98-4fea-9460-085dfff34158,https://inaturalist-open-data.s3.amazonaws.com/photos/14347564/medium.jpeg,43111,Eastern Cottontail,data/new_raw/images/492fbc19-cb98-4fea-9460-085dfff34158.jpg
7eb77075-b75a-4654-8935-98af6eb5e74f,https://inaturalist-open-data.s3.amazonaws.com/photos/14347602/medium.jpeg,43111,Eastern Cottontail,data/new_raw/images/7eb77075-b75a-4654-8935-98af6eb5e74f.jpg
bf5b5926-ed4e-4143-90e4-604ea017289c,https://inaturalist-open-data.s3.amazonaws.com/photos/14347641/medium.jpeg,7089,Canada Goose,data/new_raw/images/bf5b5926-ed4e-4143-90e4-604ea017289c.jpg
dfe13a31-3946-4b5c-b37b-93123d636f98,https://inaturalist-open-data.s3.amazonaws.com/photos/14347678/medium.jpeg,792988,Downy Woodpecker,data/new_raw/images/dfe13a31-3946-4b5c-b37b-93123d636f98.jpg
d68d7027-706c-4a95-9c42-62b0b141048f,https://inaturalist-open-data.s3.amazonaws.com/photos/14347716/medium.jpeg,46017,Eastern Gray Squirrel,data/new_raw/images/d68d7027-706c-4a95-9c42-62b0b141048f.jpg
c5eaea82-9bcf-4282-ad7c-1199ee0b1f2c,https://inaturalist-open-data.s3.amazonaws.com/photos/14347737/medium.jpeg,9744,Red-winged Blackbird,data/new_raw/images/c5eaea82-9bcf-4282-ad7c-1199ee0b1f2c.jpg
cea3fa5d-afcd-492e-adf0-59ff359b8139,https://inaturalist-open-data.s3.amazonaws.com/photos/14347759/medium.jpg,144594,Snowy Owl,data/new_raw/images/cea3fa5d-afcd-492e-adf0-59ff359b8139.jpg
244567e5-651f-499e-b3e8-f1aa0e16bb5d,https://inaturalist-open-data.s3.amazonaws.com/photos/14347755/medium.jpeg,792988,Downy Woodpecker,data/new_raw/images/244567e5-651f-499e-b3e8-f1aa0e16bb5d.jpg
059469a4-d915-4034-9960-6028473a36cf,https://inaturalist-open-data.s3.amazonaws.com/photos/14347917/medium.jpeg,10094,Dark-eyed Junco,data/new_raw/images/059469a4-d915-4034-9960-6028473a36cf.jpg
81ac42be-2863-4e9f-8ae3-317c8b2ed886,https://inaturalist-open-data.s3.amazonaws.com/photos/14347938/medium.jpeg,144815,Black-capped Chickadee,data/new_raw/images/81ac42be-2863-4e9f-8ae3-317c8b2ed886.jpg
cdaa932b-863d-4e32-8d6b-efd5747d947f,https://inaturalist-open-data.s3.amazonaws.com/photos/14347958/medium.jpeg,46017,Eastern Gray Squirrel,data/new_raw/images/cdaa932b-863d-4e32-8d6b-efd5747d947f.jpg
af0ff950-4e56-4e1a-855d-61c8fbf439cf,https://inaturalist-open-data.s3.amazonaws.com/photos/14347977/medium.jpeg,9083,Northern Cardinal,data/new_raw/images/af0ff950-4e56-4e1a-855d-61c8fbf439cf.jpg
cfc6105c-042c-41c7-aba8-bc223fb137e6,https://inaturalist-open-data.s3.amazonaws.com/photos/14347993/medium.jpeg,14850,European Starling,data/new_raw/images/cfc6105c-042c-41c7-aba8-bc223fb137e6.jpg
0e9b62a1-2f54-4636-b7ab-659d10f60043,https://inaturalist-open-data.s3.amazonaws.com/photos/14348026/medium.jpeg,6924,American Black Duck,data/new_raw/images/0e9b62a1-2f54-4636-b7ab-659d10f60043.jpg
0ba18d05-61e2-40ea-b962-f32e4874cbaa,https://inaturalist-open-data.s3.amazonaws.com/photos/14348045/medium.jpeg,14850,European Starling,data/new_raw/images/0ba18d05-61e2-40ea-b962-f32e4874cbaa.jpg
bc0f245d-5ad0-4d7f-80dd-d3aa660da30d,https://inaturalist-open-data.s3.amazonaws.com/photos/14348070/medium.jpeg,9744,Red-winged Blackbird,data/new_raw/images/bc0f245d-5ad0-4d7f-80dd-d3aa660da30d.jpg
0d1abde1-8990-428f-8aa7-3c9df9d7d614,https://inaturalist-open-data.s3.amazonaws.com/photos/14348132/medium.jpeg,6996,Red-breasted Merganser,data/new_raw/images/0d1abde1-8990-428f-8aa7-3c9df9d7d614.jpg
3e999175-f391-48a6-bf52-da5f8b9d4f89,https://inaturalist-open-data.s3.amazonaws.com/photos/14348155/medium.jpeg,4647,Peregrine Falcon,data/new_raw/images/3e999175-f391-48a6-bf52-da5f8b9d4f89.jpg
d98d609a-1176-4634-9f16-fe9b4bf4f65b,https://inaturalist-open-data.s3.amazonaws.com/photos/14348192/medium.jpeg,6996,Red-breasted Merganser,data/new_raw/images/d98d609a-1176-4634-9f16-fe9b4bf4f65b.jpg
e10a0979-2ea1-4127-958f-3a1ae57ac918,https://inaturalist-open-data.s3.amazonaws.com/photos/14348205/medium.jpeg,6930,Mallard,data/new_raw/images/e10a0979-2ea1-4127-958f-3a1ae57ac918.jpg
b6154d2c-9382-4729-8cee-a89107e88f35,https://inaturalist-open-data.s3.amazonaws.com/photos/14348224/medium.jpeg,6996,Red-breasted Merganser,data/new_raw/images/b6154d2c-9382-4729-8cee-a89107e88f35.jpg
9efdb9ec-6b72-4291-8d59-e7e625d7026e,https://inaturalist-open-data.s3.amazonaws.com/photos/14348247/medium.jpeg,7054,Lesser Scaup,data/new_raw/images/9efdb9ec-6b72-4291-8d59-e7e625d7026e.jpg
04d95e4c-6de2-47cf-8176-2c4555e94ee0,https://inaturalist-open-data.s3.amazonaws.com/photos/14348278/medium.jpeg,145310,American Goldfinch,data/new_raw/images/04d95e4c-6de2-47cf-8176-2c4555e94ee0.jpg
df27675f-ce6c-4815-a069-2d402480fbe6,https://inaturalist-open-data.s3.amazonaws.com/photos/14348298/medium.jpeg,6990,Common Goldeneye,data/new_raw/images/df27675f-ce6c-4815-a069-2d402480fbe6.jpg
d233e6f6-0780-4c2c-9ff3-e71d0bf26d15,https://inaturalist-open-data.s3.amazonaws.com/photos/14348344/medium.jpeg,12727,American Robin,data/new_raw/images/d233e6f6-0780-4c2c-9ff3-e71d0bf26d15.jpg
0c129fcd-f171-458b-9f0b-e8e8be645d41,https://inaturalist-open-data.s3.amazonaws.com/photos/14348368/medium.jpeg,9083,Northern Cardinal,data/new_raw/images/0c129fcd-f171-458b-9f0b-e8e8be645d41.jpg
7644a42d-1dd3-4249-917a-37ea0a4dac0e,https://inaturalist-open-data.s3.amazonaws.com/photos/14348459/medium.jpeg,144222,White-winged Scoter,data/new_raw/images/7644a42d-1dd3-4249-917a-37ea0a4dac0e.jpg
90590037-b8df-4c3e-a17c-708054caa55d,https://inaturalist-open-data.s3.amazonaws.com/photos/14348493/medium.jpeg,9083,Northern Cardinal,data/new_raw/images/90590037-b8df-4c3e-a17c-708054caa55d.jpg
1e04a67a-c415-41d9-a521-177f69142c75,https://inaturalist-open-data.s3.amazonaws.com/photos/14348633/medium.jpeg,6996,Red-breasted Merganser,data/new_raw/images/1e04a67a-c415-41d9-a521-177f69142c75.jpg
4dc68331-4aef-497b-aa25-b5f6cfe20dea,https://inaturalist-open-data.s3.amazonaws.com/photos/14358563/medium.jpeg,4981,Black-crowned Night Heron,data/new_raw/images/4dc68331-4aef-497b-aa25-b5f6cfe20dea.jpg
f48d8110-26f9-43f2-a40f-5eeacb798efa,https://inaturalist-open-data.s3.amazonaws.com/photos/14360414/medium.jpeg,7089,Canada Goose,data/new_raw/images/f48d8110-26f9-43f2-a40f-5eeacb798efa.jpg
74e20a51-a1e3-42ff-bbe9-771b3af1978e,https://inaturalist-open-data.s3.amazonaws.com/photos/14360423/medium.jpeg,46217,Eastern Chipmunk,data/new_raw/images/74e20a51-a1e3-42ff-bbe9-771b3af1978e.jpg
6657ee85-5a39-4920-a81e-4546e980b3f4,https://inaturalist-open-data.s3.amazonaws.com/photos/14360427/medium.jpeg,45763,Muskrat,data/new_raw/images/6657ee85-5a39-4920-a81e-4546e980b3f4.jpg
17692d1a-f6cd-4447-80a2-7cc855126b81,https://inaturalist-open-data.s3.amazonaws.com/photos/14360768/medium.jpeg,4364,Ring-billed Gull,data/new_raw/images/17692d1a-f6cd-4447-80a2-7cc855126b81.jpg
cb8489d0-0950-4e31-9412-4d0ff4feb25e,https://inaturalist-open-data.s3.amazonaws.com/photos/14361083/medium.jpg,6917,Tundra Swan,data/new_raw/images/cb8489d0-0950-4e31-9412-4d0ff4feb25e.jpg
fed5632b-b1a7-47ec-b916-9a3a915490c8,https://inaturalist-open-data.s3.amazonaws.com/photos/14736517/medium.jpg,43584,Human,data/new_raw/images/fed5632b-b1a7-47ec-b916-9a3a915490c8.jpg
6168aeec-c1cc-4b1b-a842-50d4ad5819c8,https://static.inaturalist.org/photos/14378475/medium.jpg,145310,American Goldfinch,data/new_raw/images/6168aeec-c1cc-4b1b-a842-50d4ad5819c8.jpg
38f4f721-e34e-4c73-a911-7fca8b0c28e4,https://static.inaturalist.org/photos/14378520/medium.jpg,4956,Great Blue Heron,data/new_raw/images/38f4f721-e34e-4c73-a911-7fca8b0c28e4.jpg
abd0f7ce-08d9-46ba-a7b9-adf24fa7fd34,https://static.inaturalist.org/photos/14378560/medium.jpg,4981,Black-crowned Night Heron,data/new_raw/images/abd0f7ce-08d9-46ba-a7b9-adf24fa7fd34.jpg
2ff2f406-a184-4385-a282-abe7d739aba0,https://inaturalist-open-data.s3.amazonaws.com/photos/14387521/medium.jpeg,8021,American Crow,data/new_raw/images/2ff2f406-a184-4385-a282-abe7d739aba0.jpg
dd811f81-efd2-4e9d-9c62-20bc620c9683,https://inaturalist-open-data.s3.amazonaws.com/photos/14398163/medium.jpeg,9602,Common Grackle,data/new_raw/images/dd811f81-efd2-4e9d-9c62-20bc620c9683.jpg
b32b8e20-b080-420a-b0b1-1c7a2cde2e7d,https://inaturalist-open-data.s3.amazonaws.com/photos/14398165/medium.jpeg,13858,House Sparrow,data/new_raw/images/b32b8e20-b080-420a-b0b1-1c7a2cde2e7d.jpg
3f14d9ae-3b16-4df4-aa59-db4121aeb564,https://static.inaturalist.org/photos/14410897/medium.jpg,47144,Domestic Dog,data/new_raw/images/3f14d9ae-3b16-4df4-aa59-db4121aeb564.jpg
1c3e2348-cc3a-4e11-8af5-b4ff66b1ab81,https://static.inaturalist.org/photos/14410910/medium.jpg,47144,Domestic Dog,data/new_raw/images/1c3e2348-cc3a-4e11-8af5-b4ff66b1ab81.jpg
cfb92c45-5b1b-4df5-8b3b-6c7ae3c5402b,https://inaturalist-open-data.s3.amazonaws.com/photos/14416124/medium.jpeg,4209,Horned Grebe,data/new_raw/images/cfb92c45-5b1b-4df5-8b3b-6c7ae3c5402b.jpg
1b245a19-2e76-437f-b18b-b71df21b5f67,https://inaturalist-open-data.s3.amazonaws.com/photos/14416212/medium.jpeg,6990,Common Goldeneye,data/new_raw/images/1b245a19-2e76-437f-b18b-b71df21b5f67.jpg
948fa0de-36ce-41ce-a2ce-a5d800951e05,https://inaturalist-open-data.s3.amazonaws.com/photos/14416231/medium.jpeg,7089,Canada Goose,data/new_raw/images/948fa0de-36ce-41ce-a2ce-a5d800951e05.jpg
8c7d8bfb-e431-4ecb-96f1-29fa64ee62ff,https://inaturalist-open-data.s3.amazonaws.com/photos/14416264/medium.jpeg,6996,Red-breasted Merganser,data/new_raw/images/8c7d8bfb-e431-4ecb-96f1-29fa64ee62ff.jpg
5cd5389c-ce02-4331-8bd3-0ddc877cae12,https://inaturalist-open-data.s3.amazonaws.com/photos/14416276/medium.jpeg,4793,Killdeer,data/new_raw/images/5cd5389c-ce02-4331-8bd3-0ddc877cae12.jpg
d020f0b6-6cf7-429c-977c-d9cafa0ec9e1,https://inaturalist-open-data.s3.amazonaws.com/photos/14416288/medium.jpeg,9528,Eastern Meadowlark,data/new_raw/images/d020f0b6-6cf7-429c-977c-d9cafa0ec9e1.jpg
80099a2b-8c1c-425e-814a-e759b95f8721,https://inaturalist-open-data.s3.amazonaws.com/photos/14416328/medium.jpeg,144815,Black-capped Chickadee,data/new_raw/images/80099a2b-8c1c-425e-814a-e759b95f8721.jpg
ddd5c694-46f5-4f00-866f-9572448f8e0c,https://inaturalist-open-data.s3.amazonaws.com/photos/14416331/medium.jpeg,9602,Common Grackle,data/new_raw/images/ddd5c694-46f5-4f00-866f-9572448f8e0c.jpg
4a701961-a256-4e79-bc67-e9e2e68eabc1,https://inaturalist-open-data.s3.amazonaws.com/photos/14416340/medium.jpeg,9184,White-throated Sparrow,data/new_raw/images/4a701961-a256-4e79-bc67-e9e2e68eabc1.jpg
52dc12ae-a982-4c89-8761-471d92c72b92,https://inaturalist-open-data.s3.amazonaws.com/photos/14416353/medium.jpeg,474210,American Tree Sparrow,data/new_raw/images/52dc12ae-a982-4c89-8761-471d92c72b92.jpg
0f647700-c8c5-4e36-8c80-5561c1725160,https://inaturalist-open-data.s3.amazonaws.com/photos/14416361/medium.jpeg,10094,Dark-eyed Junco,data/new_raw/images/0f647700-c8c5-4e36-8c80-5561c1725160.jpg
1671391a-1419-4c2e-96e0-642645b41af2,https://inaturalist-open-data.s3.amazonaws.com/photos/14416366/medium.jpeg,13858,House Sparrow,data/new_raw/images/1671391a-1419-4c2e-96e0-642645b41af2.jpg
695f6e6a-01f5-44aa-8502-708226f2288f,https://inaturalist-open-data.s3.amazonaws.com/photos/14416372/medium.jpeg,9602,Common Grackle,data/new_raw/images/695f6e6a-01f5-44aa-8502-708226f2288f.jpg
a1c8d834-0908-4aaf-8cdb-5712298c7328,https://inaturalist-open-data.s3.amazonaws.com/photos/14416378/medium.jpeg,12727,American Robin,data/new_raw/images/a1c8d834-0908-4aaf-8cdb-5712298c7328.jpg
d7ede039-a025-48e6-a505-8a96cb5d6efe,https://inaturalist-open-data.s3.amazonaws.com/photos/14416392/medium.jpeg,6996,Red-breasted Merganser,data/new_raw/images/d7ede039-a025-48e6-a505-8a96cb5d6efe.jpg
be04ab12-f8fc-41bd-8c2b-8e4691067b5c,https://inaturalist-open-data.s3.amazonaws.com/photos/14416416/medium.jpeg,9083,Northern Cardinal,data/new_raw/images/be04ab12-f8fc-41bd-8c2b-8e4691067b5c.jpg
2a5cb7ff-6718-4e6a-a8b0-29ca9ef31bc8,https://inaturalist-open-data.s3.amazonaws.com/photos/14416432/medium.jpeg,6930,Mallard,data/new_raw/images/2a5cb7ff-6718-4e6a-a8b0-29ca9ef31bc8.jpg
99d017d0-fc0e-4a82-953c-b593d17407ae,https://inaturalist-open-data.s3.amazonaws.com/photos/14416446/medium.jpeg,43111,Eastern Cottontail,data/new_raw/images/99d017d0-fc0e-4a82-953c-b593d17407ae.jpg
bf2b3b9d-fc99-479e-ae08-01d00d6b9426,https://inaturalist-open-data.s3.amazonaws.com/photos/14416480/medium.jpeg,9184,White-throated Sparrow,data/new_raw/images/bf2b3b9d-fc99-479e-ae08-01d00d6b9426.jpg
50631aa0-47b4-450e-9a32-04e677de668e,https://inaturalist-open-data.s3.amazonaws.com/photos/14416482/medium.jpeg,144815,Black-capped Chickadee,data/new_raw/images/50631aa0-47b4-450e-9a32-04e677de668e.jpg
b93129dc-f138-4635-8202-62c77cee604d,https://inaturalist-open-data.s3.amazonaws.com/photos/14416525/medium.jpeg,9602,Common Grackle,data/new_raw/images/b93129dc-f138-4635-8202-62c77cee604d.jpg
e22a16de-c3e9-4c15-a466-f3dd330c39b9,https://inaturalist-open-data.s3.amazonaws.com/photos/14416535/medium.jpeg,9744,Red-winged Blackbird,data/new_raw/images/e22a16de-c3e9-4c15-a466-f3dd330c39b9.jpg
a812f43d-ea8e-4fc2-bcfa-81abc9a4cdc9,https://inaturalist-open-data.s3.amazonaws.com/photos/14416542/medium.jpeg,4364,Ring-billed Gull,data/new_raw/images/a812f43d-ea8e-4fc2-bcfa-81abc9a4cdc9.jpg
a52bd5b9-9405-4cea-8561-c840c5ec512f,https://inaturalist-open-data.s3.amazonaws.com/photos/14416545/medium.jpeg,4793,Killdeer,data/new_raw/images/a52bd5b9-9405-4cea-8561-c840c5ec512f.jpg
c469cc5b-a98a-44e7-ac84-0df32a1126da,https://inaturalist-open-data.s3.amazonaws.com/photos/14416554/medium.jpeg,6996,Red-breasted Merganser,data/new_raw/images/c469cc5b-a98a-44e7-ac84-0df32a1126da.jpg
63897b48-ec15-4863-ba33-8f0b3fe4b6d0,https://inaturalist-open-data.s3.amazonaws.com/photos/14416570/medium.jpeg,12727,American Robin,data/new_raw/images/63897b48-ec15-4863-ba33-8f0b3fe4b6d0.jpg
0d7dd288-c9ac-4da1-803f-277f0a7a068e,https://inaturalist-open-data.s3.amazonaws.com/photos/14416576/medium.jpeg,9744,Red-winged Blackbird,data/new_raw/images/0d7dd288-c9ac-4da1-803f-277f0a7a068e.jpg
ec7361ce-45fe-4d1e-88dc-76e78737f14f,https://inaturalist-open-data.s3.amazonaws.com/photos/14430227/medium.jpeg,46017,Eastern Gray Squirrel,data/new_raw/images/ec7361ce-45fe-4d1e-88dc-76e78737f14f.jpg
c4148002-37a3-40bc-851f-9f7fac470698,https://inaturalist-open-data.s3.amazonaws.com/photos/14474777/medium.jpeg,9083,Northern Cardinal,data/new_raw/images/c4148002-37a3-40bc-851f-9f7fac470698.jpg
67c53f7b-c7aa-4f05-a866-af29877750e0,https://inaturalist-open-data.s3.amazonaws.com/photos/14492683/medium.jpg,6996,Red-breasted Merganser,data/new_raw/images/67c53f7b-c7aa-4f05-a866-af29877750e0.jpg
7e2b0cc0-12b0-48aa-ba72-9053c8ab50a5,https://static.inaturalist.org/photos/14497652/medium.jpg,14850,European Starling,data/new_raw/images/7e2b0cc0-12b0-48aa-ba72-9053c8ab50a5.jpg
2c5267c9-2bfe-468a-b72d-6c0521d82b9f,https://inaturalist-open-data.s3.amazonaws.com/photos/14498704/medium.jpg,144815,Black-capped Chickadee,data/new_raw/images/2c5267c9-2bfe-468a-b72d-6c0521d82b9f.jpg
181cf2a6-6633-4c61-99dd-2fed099b3e6d,https://inaturalist-open-data.s3.amazonaws.com/photos/14498983/medium.jpg,4956,Great Blue Heron,data/new_raw/images/181cf2a6-6633-4c61-99dd-2fed099b3e6d.jpg
f8b811d7-9cf5-41a5-b755-d43d89386098,https://inaturalist-open-data.s3.amazonaws.com/photos/14499025/medium.jpg,1578960,Least Bittern,data/new_raw/images/f8b811d7-9cf5-41a5-b755-d43d89386098.jpg
2fb6fed1-1239-431e-8034-f08a71c37df7,https://inaturalist-open-data.s3.amazonaws.com/photos/14499979/medium.jpg,792988,Downy Woodpecker,data/new_raw/images/2fb6fed1-1239-431e-8034-f08a71c37df7.jpg
8fa72368-ebdf-4c85-ac5f-31b2ac613c6d,https://inaturalist-open-data.s3.amazonaws.com/photos/14503745/medium.jpg,12727,American Robin,data/new_raw/images/8fa72368-ebdf-4c85-ac5f-31b2ac613c6d.jpg
71cf2c21-d3b4-4d46-b487-de0ad0b0cfff,https://inaturalist-open-data.s3.amazonaws.com/photos/14503792/medium.jpg,6930,Mallard,data/new_raw/images/71cf2c21-d3b4-4d46-b487-de0ad0b0cfff.jpg
c8d09967-e733-4589-b61d-6a5c618d5d9a,https://inaturalist-open-data.s3.amazonaws.com/photos/14503814/medium.jpg,20044,Great Horned Owl,data/new_raw/images/c8d09967-e733-4589-b61d-6a5c618d5d9a.jpg
ea84aa71-5f73-402f-b1a3-1defc599df4d,https://inaturalist-open-data.s3.amazonaws.com/photos/14508469/medium.jpg,6996,Red-breasted Merganser,data/new_raw/images/ea84aa71-5f73-402f-b1a3-1defc599df4d.jpg
a2ea0441-0ca7-464d-a7cc-b42c2397017b,https://inaturalist-open-data.s3.amazonaws.com/photos/14511636/medium.jpg,42652,Virginia Opossum,data/new_raw/images/a2ea0441-0ca7-464d-a7cc-b42c2397017b.jpg
8fa94bd8-ebc7-498a-8d66-bdc7409f88ce,https://inaturalist-open-data.s3.amazonaws.com/photos/14512357/medium.jpg,7089,Canada Goose,data/new_raw/images/8fa94bd8-ebc7-498a-8d66-bdc7409f88ce.jpg
458da030-bea5-47e3-b4f4-f116ef8f8b0a,https://inaturalist-open-data.s3.amazonaws.com/photos/14512938/medium.jpg,7107,Wood Duck,data/new_raw/images/458da030-bea5-47e3-b4f4-f116ef8f8b0a.jpg
624816b7-811e-42f9-b997-e7f2166bfc10,https://inaturalist-open-data.s3.amazonaws.com/photos/14513484/medium.jpg,42051,Coyote,data/new_raw/images/624816b7-811e-42f9-b997-e7f2166bfc10.jpg
26b04222-b1fd-4bf7-82b4-d355e861ef07,https://static.inaturalist.org/photos/14556120/medium.jpg,7019,Greater White-fronted Goose,data/new_raw/images/26b04222-b1fd-4bf7-82b4-d355e861ef07.jpg
72efeb93-e729-45b4-a140-e31b4399fb7a,https://static.inaturalist.org/photos/14558586/medium.jpeg,16782,Eastern Kingbird,data/new_raw/images/72efeb93-e729-45b4-a140-e31b4399fb7a.jpg
f5dd7a52-bcbc-48c9-9517-95a98c39fcac,https://inaturalist-open-data.s3.amazonaws.com/photos/14564693/medium.jpg,7107,Wood Duck,data/new_raw/images/f5dd7a52-bcbc-48c9-9517-95a98c39fcac.jpg
4cb0f14b-5810-433a-9454-2d23e02e5f1c,https://inaturalist-open-data.s3.amazonaws.com/photos/14564728/medium.jpg,9744,Red-winged Blackbird,data/new_raw/images/4cb0f14b-5810-433a-9454-2d23e02e5f1c.jpg
d8a3a0fa-77cf-42b1-87e0-60f52da22051,https://inaturalist-open-data.s3.amazonaws.com/photos/14565049/medium.jpg,9083,Northern Cardinal,data/new_raw/images/d8a3a0fa-77cf-42b1-87e0-60f52da22051.jpg
8220ab5d-6be2-4782-adc6-cada416d1259,https://inaturalist-open-data.s3.amazonaws.com/photos/14565065/medium.jpg,6930,Mallard,data/new_raw/images/8220ab5d-6be2-4782-adc6-cada416d1259.jpg
672bab49-cdd3-4ada-a49c-82d67e8403ea,https://static.inaturalist.org/photos/14569236/medium.jpg,43111,Eastern Cottontail,data/new_raw/images/672bab49-cdd3-4ada-a49c-82d67e8403ea.jpg
36a4e7f9-0010-4eab-b443-03f9252ceca4,https://static.inaturalist.org/photos/14569641/medium.jpeg,5212,Red-tailed Hawk,data/new_raw/images/36a4e7f9-0010-4eab-b443-03f9252ceca4.jpg
a95c7d7a-4471-4c86-9052-694f36722551,https://static.inaturalist.org/photos/14569668/medium.jpeg,4364,Ring-billed Gull,data/new_raw/images/a95c7d7a-4471-4c86-9052-694f36722551.jpg
7d5b43cf-ad6b-40d0-a0fd-15bbae3614ba,https://static.inaturalist.org/photos/14569657/medium.jpeg,9096,Swamp Sparrow,data/new_raw/images/7d5b43cf-ad6b-40d0-a0fd-15bbae3614ba.jpg
a460351f-8aba-42f6-aff5-bafd96fd4a6e,https://static.inaturalist.org/photos/14569677/medium.jpeg,9100,Song Sparrow,data/new_raw/images/a460351f-8aba-42f6-aff5-bafd96fd4a6e.jpg
7f85ed88-6142-42d9-ba5c-53b621ae5b21,https://static.inaturalist.org/photos/14569870/medium.jpeg,20044,Great Horned Owl,data/new_raw/images/7f85ed88-6142-42d9-ba5c-53b621ae5b21.jpg
778c3cac-4b8b-4007-b8c4-4de1035bcdd3,https://inaturalist-open-data.s3.amazonaws.com/photos/14572050/medium.jpeg,1579017,Cooper's Hawk,data/new_raw/images/778c3cac-4b8b-4007-b8c4-4de1035bcdd3.jpg
4fb0818e-a14d-426b-bf37-e359d7750cf8,https://static.inaturalist.org/photos/14604002/medium.jpg,118552,Domestic Cat,data/new_raw/images/4fb0818e-a14d-426b-bf37-e359d7750cf8.jpg
5ce654c9-8754-42a3-b5b1-383b134ec9ad,https://static.inaturalist.org/photos/14643349/medium.jpg,144594,Snowy Owl,data/new_raw/images/5ce654c9-8754-42a3-b5b1-383b134ec9ad.jpg
a84c4e7c-bec2-44de-b3a5-0f59a8418901,https://static.inaturalist.org/photos/14643471/medium.jpg,144594,Snowy Owl,data/new_raw/images/a84c4e7c-bec2-44de-b3a5-0f59a8418901.jpg
6801db2b-f70b-4700-8984-748fcc398d8c,https://inaturalist-open-data.s3.amazonaws.com/photos/14648791/medium.jpg,3936,American Woodcock,data/new_raw/images/6801db2b-f70b-4700-8984-748fcc398d8c.jpg
7d039707-15fb-47a1-b797-ece2e3ed117d,https://static.inaturalist.org/photos/14689876/medium.jpg,1579017,Cooper's Hawk,data/new_raw/images/7d039707-15fb-47a1-b797-ece2e3ed117d.jpg
e83fb4e5-f2e0-44d6-844b-d301cb92ac4a,https://static.inaturalist.org/photos/14689879/medium.jpg,9156,Fox Sparrow,data/new_raw/images/e83fb4e5-f2e0-44d6-844b-d301cb92ac4a.jpg
bc90704c-e51f-42f3-97e0-793118e28b81,https://static.inaturalist.org/photos/14689882/medium.jpg,9156,Fox Sparrow,data/new_raw/images/bc90704c-e51f-42f3-97e0-793118e28b81.jpg
cfdb545e-c765-4441-a808-5c461df043e7,https://inaturalist-open-data.s3.amazonaws.com/photos/14692161/medium.jpeg,13858,House Sparrow,data/new_raw/images/cfdb545e-c765-4441-a808-5c461df043e7.jpg
8677782d-f6d6-4563-abb7-e7a5c20cd322,https://inaturalist-open-data.s3.amazonaws.com/photos/14695017/medium.jpg,7047,Greater Scaup,data/new_raw/images/8677782d-f6d6-4563-abb7-e7a5c20cd322.jpg
7f9a30c8-a412-4969-8995-bf1885e55dd6,https://inaturalist-open-data.s3.amazonaws.com/photos/14695067/medium.jpg,6996,Red-breasted Merganser,data/new_raw/images/7f9a30c8-a412-4969-8995-bf1885e55dd6.jpg
1555d0df-8e2d-4e2c-87d9-fb7c51cd3326,https://inaturalist-open-data.s3.amazonaws.com/photos/14695116/medium.jpg,6996,Red-breasted Merganser,data/new_raw/images/1555d0df-8e2d-4e2c-87d9-fb7c51cd3326.jpg
10f820c3-b291-4453-88d3-003ac5d3b45b,https://inaturalist-open-data.s3.amazonaws.com/photos/14697486/medium.jpg,4956,Great Blue Heron,data/new_raw/images/10f820c3-b291-4453-88d3-003ac5d3b45b.jpg
198bbc85-4861-403f-9e92-7efdff259d5f,https://inaturalist-open-data.s3.amazonaws.com/photos/14697511/medium.jpg,7107,Wood Duck,data/new_raw/images/198bbc85-4861-403f-9e92-7efdff259d5f.jpg
b3bba6d8-9e72-4ecd-b8bd-e6360ec2bf6e,https://inaturalist-open-data.s3.amazonaws.com/photos/14698201/medium.jpg,145236,Bay-breasted Warbler,data/new_raw/images/b3bba6d8-9e72-4ecd-b8bd-e6360ec2bf6e.jpg
e0ae8ef2-5595-4712-9350-d7883bb88feb,https://inaturalist-open-data.s3.amazonaws.com/photos/14699920/medium.jpeg,7107,Wood Duck,data/new_raw/images/e0ae8ef2-5595-4712-9350-d7883bb88feb.jpg
dcbf6648-f079-49c5-9bb7-145037d2cc27,https://inaturalist-open-data.s3.amazonaws.com/photos/14699929/medium.jpeg,6930,Mallard,data/new_raw/images/dcbf6648-f079-49c5-9bb7-145037d2cc27.jpg
c650aa3a-0407-47a7-9ddd-937880c10ba3,https://inaturalist-open-data.s3.amazonaws.com/photos/14699933/medium.jpeg,42223,White-tailed Deer,data/new_raw/images/c650aa3a-0407-47a7-9ddd-937880c10ba3.jpg
ac86bc09-91aa-4a9a-8c2f-f19da861e9e5,https://inaturalist-open-data.s3.amazonaws.com/photos/14699945/medium.jpeg,117100,Golden-crowned Kinglet,data/new_raw/images/ac86bc09-91aa-4a9a-8c2f-f19da861e9e5.jpg
9d75aff5-4084-4d81-9dc2-9618fa666699,https://inaturalist-open-data.s3.amazonaws.com/photos/14699949/medium.jpeg,14850,European Starling,data/new_raw/images/9d75aff5-4084-4d81-9dc2-9618fa666699.jpg
d7ddde13-a239-4aeb-9032-3b13f4f62bf7,https://inaturalist-open-data.s3.amazonaws.com/photos/14699955/medium.jpeg,12727,American Robin,data/new_raw/images/d7ddde13-a239-4aeb-9032-3b13f4f62bf7.jpg
8f1f5ba8-228d-425a-9915-48376211fb96,https://static.inaturalist.org/photos/14702130/medium.jpg,9602,Common Grackle,data/new_raw/images/8f1f5ba8-228d-425a-9915-48376211fb96.jpg
356b53ed-1200-40d8-b427-e9014b911057,https://inaturalist-open-data.s3.amazonaws.com/photos/14706482/medium.jpg,17008,Eastern Phoebe,data/new_raw/images/356b53ed-1200-40d8-b427-e9014b911057.jpg
2605d58f-f22b-47a9-8d55-02786d44a24b,https://inaturalist-open-data.s3.amazonaws.com/photos/14706505/medium.jpg,45763,Muskrat,data/new_raw/images/2605d58f-f22b-47a9-8d55-02786d44a24b.jpg
b69aadfb-7582-4eb1-8533-debe037c53cf,https://static.inaturalist.org/photos/14711571/medium.jpg,3936,American Woodcock,data/new_raw/images/b69aadfb-7582-4eb1-8533-debe037c53cf.jpg
9f001c97-7ecb-4db5-b836-21691004cb7d,https://static.inaturalist.org/photos/14726181/medium.jpg,122767,Feral Pigeon,data/new_raw/images/9f001c97-7ecb-4db5-b836-21691004cb7d.jpg
dc60c63f-39ed-4761-a724-c24096ae7085,https://static.inaturalist.org/photos/14729203/medium.jpg,7089,Canada Goose,data/new_raw/images/dc60c63f-39ed-4761-a724-c24096ae7085.jpg
433079f1-af9b-47ab-8181-25416636b333,https://static.inaturalist.org/photos/14744419/medium.jpeg,13858,House Sparrow,data/new_raw/images/433079f1-af9b-47ab-8181-25416636b333.jpg
7edc741b-51ed-4fcd-afb6-7683f9de6465,https://static.inaturalist.org/photos/14744433/medium.jpeg,474210,American Tree Sparrow,data/new_raw/images/7edc741b-51ed-4fcd-afb6-7683f9de6465.jpg
09e6d054-9431-4b60-b029-4caacd2500b1,https://static.inaturalist.org/photos/14744420/medium.jpeg,13858,House Sparrow,data/new_raw/images/09e6d054-9431-4b60-b029-4caacd2500b1.jpg
33597fab-a9ad-4e2e-9c1e-7e22162a0fcc,https://static.inaturalist.org/photos/14744437/medium.jpeg,9083,Northern Cardinal,data/new_raw/images/33597fab-a9ad-4e2e-9c1e-7e22162a0fcc.jpg
ac71c74c-9f56-427b-83be-e0bdd650f740,https://static.inaturalist.org/photos/14744441/medium.jpeg,10094,Dark-eyed Junco,data/new_raw/images/ac71c74c-9f56-427b-83be-e0bdd650f740.jpg
94f198f9-1d05-4b6d-844b-cf8ab1103284,https://static.inaturalist.org/photos/14748329/medium.jpg,12727,American Robin,data/new_raw/images/94f198f9-1d05-4b6d-844b-cf8ab1103284.jpg
f0ef45d6-abc9-463a-bd34-684b9b588369,https://inaturalist-open-data.s3.amazonaws.com/photos/14824949/medium.jpeg,4793,Killdeer,data/new_raw/images/f0ef45d6-abc9-463a-bd34-684b9b588369.jpg
164452c8-5a88-4dea-9744-f3a2a5809544,https://inaturalist-open-data.s3.amazonaws.com/photos/14831344/medium.jpg,12727,American Robin,data/new_raw/images/164452c8-5a88-4dea-9744-f3a2a5809544.jpg
096c9714-63e2-4dac-a749-539b622a3c3f,https://inaturalist-open-data.s3.amazonaws.com/photos/14831362/medium.jpg,7089,Canada Goose,data/new_raw/images/096c9714-63e2-4dac-a749-539b622a3c3f.jpg
1527795e-2aac-4ab5-9b5a-3736e400efcc,https://inaturalist-open-data.s3.amazonaws.com/photos/14831382/medium.jpg,6930,Mallard,data/new_raw/images/1527795e-2aac-4ab5-9b5a-3736e400efcc.jpg
7ada6d14-cc62-4f19-9989-cce65f2b574f,https://inaturalist-open-data.s3.amazonaws.com/photos/14831386/medium.jpg,43111,Eastern Cottontail,data/new_raw/images/7ada6d14-cc62-4f19-9989-cce65f2b574f.jpg
0baea9cd-0b0b-4db6-9afb-8354aba0db35,https://inaturalist-open-data.s3.amazonaws.com/photos/14839895/medium.jpg,43794,American Beaver,data/new_raw/images/0baea9cd-0b0b-4db6-9afb-8354aba0db35.jpg
e31fcb45-6c92-4296-b746-1fe142420129,https://inaturalist-open-data.s3.amazonaws.com/photos/14840842/medium.jpg,43794,American Beaver,data/new_raw/images/e31fcb45-6c92-4296-b746-1fe142420129.jpg
e6744943-4793-49a2-b458-68a596c8045f,https://inaturalist-open-data.s3.amazonaws.com/photos/14857842/medium.jpeg,12727,American Robin,data/new_raw/images/e6744943-4793-49a2-b458-68a596c8045f.jpg
34df8be1-d79b-43b8-9004-731c1522b678,https://static.inaturalist.org/photos/14882811/medium.jpeg,42223,White-tailed Deer,data/new_raw/images/34df8be1-d79b-43b8-9004-731c1522b678.jpg
6dc7c6dd-67bf-4d60-8e76-aef66eb8bf59,https://inaturalist-open-data.s3.amazonaws.com/photos/14914831/medium.jpeg,558433,Blue-winged Teal,data/new_raw/images/6dc7c6dd-67bf-4d60-8e76-aef66eb8bf59.jpg
fab4c49f-b003-48ab-b08d-c05dc4f5e1a0,https://static.inaturalist.org/photos/14920315/medium.jpg,43339,Grévy's Zebra,data/new_raw/images/fab4c49f-b003-48ab-b08d-c05dc4f5e1a0.jpg
cba92dd0-77d3-4b37-b89a-41da6c824c55,https://static.inaturalist.org/photos/14924057/medium.jpg,122767,Feral Pigeon,data/new_raw/images/cba92dd0-77d3-4b37-b89a-41da6c824c55.jpg
5484149a-a1e6-4c23-9789-bcb84506cf41,https://inaturalist-open-data.s3.amazonaws.com/photos/14925552/medium.jpg,12727,American Robin,data/new_raw/images/5484149a-a1e6-4c23-9789-bcb84506cf41.jpg
c3212f99-ff91-4ef8-b698-5d24e3592587,https://inaturalist-open-data.s3.amazonaws.com/photos/14925582/medium.jpg,14850,European Starling,data/new_raw/images/c3212f99-ff91-4ef8-b698-5d24e3592587.jpg
c79f99d8-c35f-47d7-95b7-3d514db44ae1,https://inaturalist-open-data.s3.amazonaws.com/photos/14925830/medium.jpg,199840,House Finch,data/new_raw/images/c79f99d8-c35f-47d7-95b7-3d514db44ae1.jpg
c8c50741-ad18-42ef-91b6-a2c03aa3d93b,https://inaturalist-open-data.s3.amazonaws.com/photos/14926629/medium.jpeg,12890,Hermit Thrush,data/new_raw/images/c8c50741-ad18-42ef-91b6-a2c03aa3d93b.jpg
63e0f627-9700-4a17-939f-c4773e7d6214,https://inaturalist-open-data.s3.amazonaws.com/photos/14926755/medium.jpeg,46017,Eastern Gray Squirrel,data/new_raw/images/63e0f627-9700-4a17-939f-c4773e7d6214.jpg
293f5463-adcb-48b9-9362-0a80d80cb8cc,https://inaturalist-open-data.s3.amazonaws.com/photos/14926780/medium.jpeg,474210,American Tree Sparrow,data/new_raw/images/293f5463-adcb-48b9-9362-0a80d80cb8cc.jpg
cd6afb0a-19bd-42cc-a601-dc72cc58f83d,https://inaturalist-open-data.s3.amazonaws.com/photos/14926789/medium.jpeg,9744,Red-winged Blackbird,data/new_raw/images/cd6afb0a-19bd-42cc-a601-dc72cc58f83d.jpg
6408ec73-b5e1-479d-8acd-54bff328e0a0,https://inaturalist-open-data.s3.amazonaws.com/photos/14926799/medium.jpeg,9083,Northern Cardinal,data/new_raw/images/6408ec73-b5e1-479d-8acd-54bff328e0a0.jpg
1d173217-0280-45d2-9683-223a1cef9414,https://inaturalist-open-data.s3.amazonaws.com/photos/14926828/medium.jpeg,10094,Dark-eyed Junco,data/new_raw/images/1d173217-0280-45d2-9683-223a1cef9414.jpg
93b9c4a1-2a88-47ed-ab90-442841bfc989,https://inaturalist-open-data.s3.amazonaws.com/photos/14926852/medium.jpeg,792988,Downy Woodpecker,data/new_raw/images/93b9c4a1-2a88-47ed-ab90-442841bfc989.jpg
3c55393e-e77b-4499-bf83-c0f7118b993a,https://static.inaturalist.org/photos/14929386/medium.jpeg,9083,Northern Cardinal,data/new_raw/images/3c55393e-e77b-4499-bf83-c0f7118b993a.jpg
2190c2db-fd76-4019-8c1d-4ccb727588fe,https://static.inaturalist.org/photos/14929390/medium.jpeg,9602,Common Grackle,data/new_raw/images/2190c2db-fd76-4019-8c1d-4ccb727588fe.jpg
3e0c0b82-23d8-4178-976a-46b7e72af30b,https://static.inaturalist.org/photos/14929397/medium.jpeg,12890,Hermit Thrush,data/new_raw/images/3e0c0b82-23d8-4178-976a-46b7e72af30b.jpg
81550010-61c4-4b01-b5c2-061c36d699e3,https://static.inaturalist.org/photos/14929398/medium.jpeg,9981,Savannah Sparrow,data/new_raw/images/81550010-61c4-4b01-b5c2-061c36d699e3.jpg
7e0df51f-e778-4595-808d-8bdb91f5fb40,https://static.inaturalist.org/photos/14929403/medium.jpg,20044,Great Horned Owl,data/new_raw/images/7e0df51f-e778-4595-808d-8bdb91f5fb40.jpg
3004e76f-39b1-439a-a325-281dce62af4f,https://inaturalist-open-data.s3.amazonaws.com/photos/14947979/medium.jpg,144815,Black-capped Chickadee,data/new_raw/images/3004e76f-39b1-439a-a325-281dce62af4f.jpg
40729e08-d62f-480e-bbb9-590b5de763af,https://inaturalist-open-data.s3.amazonaws.com/photos/14950229/medium.jpeg,4793,Killdeer,data/new_raw/images/40729e08-d62f-480e-bbb9-590b5de763af.jpg
2cfc6e2a-e171-4f06-a484-067ea3ea823d,https://inaturalist-open-data.s3.amazonaws.com/photos/14951043/medium.jpeg,2548,Belted Kingfisher,data/new_raw/images/2cfc6e2a-e171-4f06-a484-067ea3ea823d.jpg
a577cb0d-f591-47dc-84ea-29980d13d6c0,https://inaturalist-open-data.s3.amazonaws.com/photos/14951046/medium.jpeg,4793,Killdeer,data/new_raw/images/a577cb0d-f591-47dc-84ea-29980d13d6c0.jpg
5b7700d5-9c33-44d9-8a20-7d081426f102,https://inaturalist-open-data.s3.amazonaws.com/photos/14951048/medium.jpeg,7089,Canada Goose,data/new_raw/images/5b7700d5-9c33-44d9-8a20-7d081426f102.jpg
3595c4e5-4a0d-46ed-a592-910c31000c21,https://inaturalist-open-data.s3.amazonaws.com/photos/14951975/medium.jpg,7107,Wood Duck,data/new_raw/images/3595c4e5-4a0d-46ed-a592-910c31000c21.jpg
3a193261-c9bc-410a-acfa-3bb75a3f7045,https://inaturalist-open-data.s3.amazonaws.com/photos/14954165/medium.jpg,1454382,Double-crested Cormorant,data/new_raw/images/3a193261-c9bc-410a-acfa-3bb75a3f7045.jpg
5da61230-a98c-4007-9f26-aa6983bcf736,https://inaturalist-open-data.s3.amazonaws.com/photos/14957677/medium.jpg,6996,Red-breasted Merganser,data/new_raw/images/5da61230-a98c-4007-9f26-aa6983bcf736.jpg
60dca504-6fd2-4302-b4c3-818484519eb8,https://inaturalist-open-data.s3.amazonaws.com/photos/14957765/medium.jpg,144815,Black-capped Chickadee,data/new_raw/images/60dca504-6fd2-4302-b4c3-818484519eb8.jpg
4a55984b-2e67-4666-b58e-a5f88c2d74a5,https://inaturalist-open-data.s3.amazonaws.com/photos/14959781/medium.jpg,7109,Hooded Merganser,data/new_raw/images/4a55984b-2e67-4666-b58e-a5f88c2d74a5.jpg
4b4198da-bfed-43e8-825b-1bec689c92bb,https://inaturalist-open-data.s3.amazonaws.com/photos/14959793/medium.jpg,12727,American Robin,data/new_raw/images/4b4198da-bfed-43e8-825b-1bec689c92bb.jpg
530930ae-1b84-4372-9e50-095c24857cbe,https://static.inaturalist.org/photos/14961882/medium.jpg,3936,American Woodcock,data/new_raw/images/530930ae-1b84-4372-9e50-095c24857cbe.jpg
c28d0dd2-0ff9-4b55-b1ef-71b1451e47c2,https://inaturalist-open-data.s3.amazonaws.com/photos/14964316/medium.jpg,43794,American Beaver,data/new_raw/images/c28d0dd2-0ff9-4b55-b1ef-71b1451e47c2.jpg
7b34af34-8988-4615-b860-61db4d428552,https://inaturalist-open-data.s3.amazonaws.com/photos/14971390/medium.jpeg,144537,Caspian Tern,data/new_raw/images/7b34af34-8988-4615-b860-61db4d428552.jpg
76f6b33b-cd7e-4bba-9223-0f81ee0176d5,https://inaturalist-open-data.s3.amazonaws.com/photos/14972768/medium.jpeg,558438,Northern Shoveler,data/new_raw/images/76f6b33b-cd7e-4bba-9223-0f81ee0176d5.jpg
f2f56cf4-b038-43eb-bb4c-91b21b5ae587,https://inaturalist-open-data.s3.amazonaws.com/photos/14972775/medium.jpeg,12890,Hermit Thrush,data/new_raw/images/f2f56cf4-b038-43eb-bb4c-91b21b5ae587.jpg
98d58709-77b3-477e-b9bf-d0cc4dc2f318,https://inaturalist-open-data.s3.amazonaws.com/photos/14972793/medium.jpeg,42223,White-tailed Deer,data/new_raw/images/98d58709-77b3-477e-b9bf-d0cc4dc2f318.jpg
7aecf19c-1b4a-4977-9f30-4696261a2f89,https://inaturalist-open-data.s3.amazonaws.com/photos/14974333/medium.jpeg,343340,Eastern Red Fox Sparrow,data/new_raw/images/7aecf19c-1b4a-4977-9f30-4696261a2f89.jpg
70af8c5c-caa5-4947-9de1-119b7bb5615a,https://inaturalist-open-data.s3.amazonaws.com/photos/14977923/medium.jpeg,4246,Pied-billed Grebe,data/new_raw/images/70af8c5c-caa5-4947-9de1-119b7bb5615a.jpg
4076aa6b-6095-4bdc-af03-31446d921cc0,https://inaturalist-open-data.s3.amazonaws.com/photos/14977926/medium.jpeg,144455,Great Egret,data/new_raw/images/4076aa6b-6095-4bdc-af03-31446d921cc0.jpg
c9d8f224-f3b7-4c39-a194-4a91cb7c8a3c,https://inaturalist-open-data.s3.amazonaws.com/photos/14977931/medium.jpeg,6937,Green-winged Teal,data/new_raw/images/c9d8f224-f3b7-4c39-a194-4a91cb7c8a3c.jpg
28983cfa-ce3a-42e6-b288-361f33e418ca,https://inaturalist-open-data.s3.amazonaws.com/photos/14981383/medium.jpeg,17008,Eastern Phoebe,data/new_raw/images/28983cfa-ce3a-42e6-b288-361f33e418ca.jpg
04669e61-e96d-4eb8-8b52-944ef31a6bad,https://inaturalist-open-data.s3.amazonaws.com/photos/14981390/medium.jpeg,494355,Eastern Red-tailed Hawk,data/new_raw/images/04669e61-e96d-4eb8-8b52-944ef31a6bad.jpg
2d016806-1b6d-4d5d-a11d-6c52d05001b2,https://inaturalist-open-data.s3.amazonaws.com/photos/14981392/medium.jpeg,9152,Field Sparrow,data/new_raw/images/2d016806-1b6d-4d5d-a11d-6c52d05001b2.jpg
e8f2ed45-f956-4e39-8e9b-772c1eef62d9,https://inaturalist-open-data.s3.amazonaws.com/photos/14981395/medium.jpeg,6921,Mute Swan,data/new_raw/images/e8f2ed45-f956-4e39-8e9b-772c1eef62d9.jpg
0278b66c-3b26-4100-b790-c1361fbc5a13,https://inaturalist-open-data.s3.amazonaws.com/photos/14981396/medium.jpeg,11935,Tree Swallow,data/new_raw/images/0278b66c-3b26-4100-b790-c1361fbc5a13.jpg
c39a13a5-8eeb-4b86-a60e-c51ffc80a797,https://inaturalist-open-data.s3.amazonaws.com/photos/14981397/medium.jpeg,7109,Hooded Merganser,data/new_raw/images/c39a13a5-8eeb-4b86-a60e-c51ffc80a797.jpg
2134159c-d718-41aa-ae4f-2d1b625ef7bc,https://inaturalist-open-data.s3.amazonaws.com/photos/14981401/medium.jpeg,485176,American Wigeon,data/new_raw/images/2134159c-d718-41aa-ae4f-2d1b625ef7bc.jpg
d5d2751e-dc75-46c0-a06c-0c5def1a5bd0,https://inaturalist-open-data.s3.amazonaws.com/photos/14981407/medium.jpeg,10322,Rusty Blackbird,data/new_raw/images/d5d2751e-dc75-46c0-a06c-0c5def1a5bd0.jpg
7585c9d6-cc7d-496d-9eaa-fdf2ffb797a0,https://inaturalist-open-data.s3.amazonaws.com/photos/14981409/medium.jpeg,14801,White-breasted Nuthatch,data/new_raw/images/7585c9d6-cc7d-496d-9eaa-fdf2ffb797a0.jpg
20999e93-dcec-46f5-8220-a1e311a41995,https://static.inaturalist.org/photos/15017099/medium.jpg,4956,Great Blue Heron,data/new_raw/images/20999e93-dcec-46f5-8220-a1e311a41995.jpg
11930447-ceff-472b-9f17-49c9943e8a9c,https://inaturalist-open-data.s3.amazonaws.com/photos/15019828/medium.jpeg,17008,Eastern Phoebe,data/new_raw/images/11930447-ceff-472b-9f17-49c9943e8a9c.jpg
5693ddc2-6e08-4a00-8994-fb4a804e986f,https://inaturalist-open-data.s3.amazonaws.com/photos/15019830/medium.jpeg,485176,American Wigeon,data/new_raw/images/5693ddc2-6e08-4a00-8994-fb4a804e986f.jpg
b6654456-6e3a-429a-97b3-c7d2bc7edcbe,https://inaturalist-open-data.s3.amazonaws.com/photos/15019832/medium.jpeg,558439,Gadwall,data/new_raw/images/b6654456-6e3a-429a-97b3-c7d2bc7edcbe.jpg
0ee24de1-ab94-4598-afe2-6fb68f04358c,https://inaturalist-open-data.s3.amazonaws.com/photos/15019834/medium.jpeg,558439,Gadwall,data/new_raw/images/0ee24de1-ab94-4598-afe2-6fb68f04358c.jpg
aab526d4-beea-4275-912f-e7b1e0a20b9a,https://inaturalist-open-data.s3.amazonaws.com/photos/15019838/medium.jpeg,4793,Killdeer,data/new_raw/images/aab526d4-beea-4275-912f-e7b1e0a20b9a.jpg
b57a3709-5d42-432c-aa1e-9b19aef014ba,https://inaturalist-open-data.s3.amazonaws.com/photos/15020738/medium.jpeg,117100,Golden-crowned Kinglet,data/new_raw/images/b57a3709-5d42-432c-aa1e-9b19aef014ba.jpg
29745935-d99d-41d3-b1f6-8870ba8661f4,https://inaturalist-open-data.s3.amazonaws.com/photos/15038373/medium.jpg,12727,American Robin,data/new_raw/images/29745935-d99d-41d3-b1f6-8870ba8661f4.jpg
55703170-870b-4972-84d0-593c0b9575be,https://inaturalist-open-data.s3.amazonaws.com/photos/15040720/medium.jpg,122767,Feral Pigeon,data/new_raw/images/55703170-870b-4972-84d0-593c0b9575be.jpg
1f7dbb64-933f-4ebb-abd9-7749b2827e9a,https://inaturalist-open-data.s3.amazonaws.com/photos/15046834/medium.jpeg,4364,Ring-billed Gull,data/new_raw/images/1f7dbb64-933f-4ebb-abd9-7749b2827e9a.jpg
f625a16b-3469-4333-b903-19eaf12e6314,https://inaturalist-open-data.s3.amazonaws.com/photos/15051883/medium.jpg,4209,Horned Grebe,data/new_raw/images/f625a16b-3469-4333-b903-19eaf12e6314.jpg
48964fed-995f-4351-b325-006a651384fb,https://inaturalist-open-data.s3.amazonaws.com/photos/15052155/medium.jpg,7458,Brown Creeper,data/new_raw/images/48964fed-995f-4351-b325-006a651384fb.jpg
3ac89404-986b-412c-b9f7-53ce608506aa,https://inaturalist-open-data.s3.amazonaws.com/photos/15052028/medium.jpg,43111,Eastern Cottontail,data/new_raw/images/3ac89404-986b-412c-b9f7-53ce608506aa.jpg
dd4b0edb-9eb2-4241-b077-3539203dc3f6,https://inaturalist-open-data.s3.amazonaws.com/photos/15052171/medium.jpg,4665,American Kestrel,data/new_raw/images/dd4b0edb-9eb2-4241-b077-3539203dc3f6.jpg
5dd52aa1-f91e-4dfa-8837-bedfd9d51f54,https://inaturalist-open-data.s3.amazonaws.com/photos/15082139/medium.jpg,7089,Canada Goose,data/new_raw/images/5dd52aa1-f91e-4dfa-8837-bedfd9d51f54.jpg
be1630f7-b7dd-4434-94f6-cfa18bb70a35,https://inaturalist-open-data.s3.amazonaws.com/photos/15094156/medium.jpg,46017,Eastern Gray Squirrel,data/new_raw/images/be1630f7-b7dd-4434-94f6-cfa18bb70a35.jpg
367f7499-bc6f-4f24-8878-a41d08fc83e7,https://inaturalist-open-data.s3.amazonaws.com/photos/15094171/medium.jpg,1454382,Double-crested Cormorant,data/new_raw/images/367f7499-bc6f-4f24-8878-a41d08fc83e7.jpg
a3a2f877-b1c6-4b2e-9ecb-dcac1e24587c,https://static.inaturalist.org/photos/15146913/medium.jpg,7089,Canada Goose,data/new_raw/images/a3a2f877-b1c6-4b2e-9ecb-dcac1e24587c.jpg
ee66801e-1b20-4d25-be09-784158a6dac2,https://inaturalist-open-data.s3.amazonaws.com/photos/15140842/medium.jpg,14850,European Starling,data/new_raw/images/ee66801e-1b20-4d25-be09-784158a6dac2.jpg
06d75d9e-76a3-43f0-8507-9fefbf9532fb,https://static.inaturalist.org/photos/15153567/medium.jpg,9602,Common Grackle,data/new_raw/images/06d75d9e-76a3-43f0-8507-9fefbf9532fb.jpg
52111439-02e9-4c4c-8b1a-00c8ba431a12,https://static.inaturalist.org/photos/15165260/medium.jpg,6930,Mallard,data/new_raw/images/52111439-02e9-4c4c-8b1a-00c8ba431a12.jpg
47a47287-c7b1-4715-b783-422b9ae4d282,https://static.inaturalist.org/photos/15165284/medium.jpg,6930,Mallard,data/new_raw/images/47a47287-c7b1-4715-b783-422b9ae4d282.jpg
5fab14dd-5354-4f5a-b29c-f520237c5788,https://static.inaturalist.org/photos/15165301/medium.jpg,6930,Mallard,data/new_raw/images/5fab14dd-5354-4f5a-b29c-f520237c5788.jpg
65c78386-96a8-440f-b183-3b4f9e734390,https://static.inaturalist.org/photos/15165320/medium.jpg,6930,Mallard,data/new_raw/images/65c78386-96a8-440f-b183-3b4f9e734390.jpg
39191852-329c-405f-9263-49d958a82cd0,https://static.inaturalist.org/photos/15165467/medium.jpg,6930,Mallard,data/new_raw/images/39191852-329c-405f-9263-49d958a82cd0.jpg
e4029aa7-d124-48a5-8179-d3d89826d130,https://static.inaturalist.org/photos/15165457/medium.jpg,6930,Mallard,data/new_raw/images/e4029aa7-d124-48a5-8179-d3d89826d130.jpg
b9eaddd5-5895-4a00-8376-f13d1438d2e1,https://static.inaturalist.org/photos/15165493/medium.jpg,43111,Eastern Cottontail,data/new_raw/images/b9eaddd5-5895-4a00-8376-f13d1438d2e1.jpg
a5a92347-661a-4d16-b63e-607eb698c7d6,https://static.inaturalist.org/photos/15165568/medium.jpg,43111,Eastern Cottontail,data/new_raw/images/a5a92347-661a-4d16-b63e-607eb698c7d6.jpg
470d439f-9ab2-4cc8-b711-dc3fdc6c8ef1,https://static.inaturalist.org/photos/15165606/medium.jpg,43111,Eastern Cottontail,data/new_raw/images/470d439f-9ab2-4cc8-b711-dc3fdc6c8ef1.jpg
b8e02008-d69e-4c47-b445-92a5d8c59597,https://static.inaturalist.org/photos/15165925/medium.jpg,43111,Eastern Cottontail,data/new_raw/images/b8e02008-d69e-4c47-b445-92a5d8c59597.jpg
ced40630-2ef7-40bd-a6d3-b020e6818fa8,https://inaturalist-open-data.s3.amazonaws.com/photos/15165870/medium.jpeg,43111,Eastern Cottontail,data/new_raw/images/ced40630-2ef7-40bd-a6d3-b020e6818fa8.jpg
a2e1dbf2-5f99-4e11-91f1-335bd64caf44,https://static.inaturalist.org/photos/15165948/medium.jpg,7089,Canada Goose,data/new_raw/images/a2e1dbf2-5f99-4e11-91f1-335bd64caf44.jpg
a84153b5-8a1b-45d1-9942-240ba288d243,https://static.inaturalist.org/photos/15165963/medium.jpg,7089,Canada Goose,data/new_raw/images/a84153b5-8a1b-45d1-9942-240ba288d243.jpg
0fbd9c0c-1b9c-42ef-9ffe-10dce2122496,https://static.inaturalist.org/photos/15165943/medium.jpg,7089,Canada Goose,data/new_raw/images/0fbd9c0c-1b9c-42ef-9ffe-10dce2122496.jpg
be88c6d1-f83a-47d1-95bd-71e8dba3938f,https://static.inaturalist.org/photos/15166033/medium.jpg,12727,American Robin,data/new_raw/images/be88c6d1-f83a-47d1-95bd-71e8dba3938f.jpg
0e46741a-861b-4e04-978e-84b69cfe5e80,https://static.inaturalist.org/photos/15166174/medium.jpg,43111,Eastern Cottontail,data/new_raw/images/0e46741a-861b-4e04-978e-84b69cfe5e80.jpg
e708e9c8-8a17-4fd8-804a-78e529449be6,https://static.inaturalist.org/photos/15166430/medium.jpg,46017,Eastern Gray Squirrel,data/new_raw/images/e708e9c8-8a17-4fd8-804a-78e529449be6.jpg
d03a7836-ac00-4949-94ad-55258a65b146,https://static.inaturalist.org/photos/15166568/medium.jpg,46017,Eastern Gray Squirrel,data/new_raw/images/d03a7836-ac00-4949-94ad-55258a65b146.jpg
d94f99ae-446c-4665-bbcd-15f66ebeb242,https://static.inaturalist.org/photos/15167172/medium.jpg,43111,Eastern Cottontail,data/new_raw/images/d94f99ae-446c-4665-bbcd-15f66ebeb242.jpg
1a9ec969-f525-4b01-8256-2220c968b3c0,https://static.inaturalist.org/photos/15278731/medium.jpg,9100,Song Sparrow,data/new_raw/images/1a9ec969-f525-4b01-8256-2220c968b3c0.jpg
698fc0d6-326d-45d1-a578-81fec3ecd18c,https://static.inaturalist.org/photos/15322196/medium.jpeg,199840,House Finch,data/new_raw/images/698fc0d6-326d-45d1-a578-81fec3ecd18c.jpg
f47f4879-e97e-4b58-8e14-8239ebecf898,https://static.inaturalist.org/photos/15322201/medium.jpeg,12727,American Robin,data/new_raw/images/f47f4879-e97e-4b58-8e14-8239ebecf898.jpg
1c34c100-1217-4d4c-abb2-2046a0fd55d8,https://static.inaturalist.org/photos/15322205/medium.jpeg,13858,House Sparrow,data/new_raw/images/1c34c100-1217-4d4c-abb2-2046a0fd55d8.jpg
b68396a8-3268-4c4f-9a88-ee52ac60c089,https://static.inaturalist.org/photos/15322208/medium.jpeg,18236,Northern Flicker,data/new_raw/images/b68396a8-3268-4c4f-9a88-ee52ac60c089.jpg
2b6ae836-9d67-42a5-9ae5-08d34942d084,https://static.inaturalist.org/photos/15322209/medium.jpeg,4364,Ring-billed Gull,data/new_raw/images/2b6ae836-9d67-42a5-9ae5-08d34942d084.jpg
88924425-2018-4c24-af4d-6e9117d0b2ac,https://static.inaturalist.org/photos/15322216/medium.jpeg,145245,Yellow-rumped Warbler,data/new_raw/images/88924425-2018-4c24-af4d-6e9117d0b2ac.jpg
ff118bbb-a584-4207-9b35-4b1ce98d18ba,https://static.inaturalist.org/photos/15322221/medium.jpeg,12890,Hermit Thrush,data/new_raw/images/ff118bbb-a584-4207-9b35-4b1ce98d18ba.jpg
784b10d2-9451-409c-9a44-b1584902447f,https://static.inaturalist.org/photos/15322223/medium.jpeg,12890,Hermit Thrush,data/new_raw/images/784b10d2-9451-409c-9a44-b1584902447f.jpg
43f52882-8335-4bfc-b336-5c58a680b9de,https://static.inaturalist.org/photos/15322226/medium.jpeg,4364,Ring-billed Gull,data/new_raw/images/43f52882-8335-4bfc-b336-5c58a680b9de.jpg
01a637b3-a382-4675-9370-9aa100cf8371,https://static.inaturalist.org/photos/15322228/medium.jpeg,7107,Wood Duck,data/new_raw/images/01a637b3-a382-4675-9370-9aa100cf8371.jpg
2100de6e-365b-4885-8736-4d167e740abc,https://static.inaturalist.org/photos/15322229/medium.jpeg,7107,Wood Duck,data/new_raw/images/2100de6e-365b-4885-8736-4d167e740abc.jpg
c3bfffd1-e1ee-4f41-9b9f-486b69a7b4fa,https://static.inaturalist.org/photos/15322231/medium.jpeg,7107,Wood Duck,data/new_raw/images/c3bfffd1-e1ee-4f41-9b9f-486b69a7b4fa.jpg
b10ac4c7-0e21-4fff-8544-0feeabc24c79,https://static.inaturalist.org/photos/15322232/medium.jpeg,10094,Dark-eyed Junco,data/new_raw/images/b10ac4c7-0e21-4fff-8544-0feeabc24c79.jpg
cf24bce1-a874-4c66-8cb0-27656dea75fb,https://static.inaturalist.org/photos/15322236/medium.jpeg,10094,Dark-eyed Junco,data/new_raw/images/cf24bce1-a874-4c66-8cb0-27656dea75fb.jpg
fcd88ff7-d653-4ba3-a5b0-75427c8564f6,https://static.inaturalist.org/photos/15322240/medium.jpeg,14801,White-breasted Nuthatch,data/new_raw/images/fcd88ff7-d653-4ba3-a5b0-75427c8564f6.jpg
ea98112e-5ab6-4d6d-9054-918e982fb512,https://static.inaturalist.org/photos/15322245/medium.jpeg,7458,Brown Creeper,data/new_raw/images/ea98112e-5ab6-4d6d-9054-918e982fb512.jpg
f08c690b-5c7d-4b2d-af7e-46e455e8f98b,https://static.inaturalist.org/photos/15322252/medium.jpeg,9424,Eastern Towhee,data/new_raw/images/f08c690b-5c7d-4b2d-af7e-46e455e8f98b.jpg
5f812541-022c-47c0-9d11-0989d973c4e5,https://static.inaturalist.org/photos/15322249/medium.jpeg,9156,Fox Sparrow,data/new_raw/images/5f812541-022c-47c0-9d11-0989d973c4e5.jpg
a872e878-effa-4c38-bcb4-ca4430233031,https://static.inaturalist.org/photos/15322255/medium.jpeg,555736,Northern Yellow-shafted Flicker,data/new_raw/images/a872e878-effa-4c38-bcb4-ca4430233031.jpg
a98f72dc-7b74-44e3-b261-9735143b541d,https://static.inaturalist.org/photos/15322264/medium.jpeg,144883,Winter Wren,data/new_raw/images/a98f72dc-7b74-44e3-b261-9735143b541d.jpg
9d648e7b-365c-4db5-91af-57d663848e81,https://static.inaturalist.org/photos/15322267/medium.jpeg,144537,Caspian Tern,data/new_raw/images/9d648e7b-365c-4db5-91af-57d663848e81.jpg
c94c0c91-fc99-48f5-935f-d299cc3619df,https://static.inaturalist.org/photos/15322272/medium.jpeg,5212,Red-tailed Hawk,data/new_raw/images/c94c0c91-fc99-48f5-935f-d299cc3619df.jpg
02f74772-0c88-4129-bbd7-efc56353f40c,https://static.inaturalist.org/photos/15322275/medium.jpeg,14898,Brown Thrasher,data/new_raw/images/02f74772-0c88-4129-bbd7-efc56353f40c.jpg
d8c32a2a-5b0f-4d70-80ec-c64915a06f26,https://static.inaturalist.org/photos/15322276/medium.jpeg,14898,Brown Thrasher,data/new_raw/images/d8c32a2a-5b0f-4d70-80ec-c64915a06f26.jpg
61f56f7a-af7c-4ea8-b567-3bebd23a48e5,https://static.inaturalist.org/photos/15322286/medium.jpeg,236935,Domestic Mallard,data/new_raw/images/61f56f7a-af7c-4ea8-b567-3bebd23a48e5.jpg
d9e1d432-0162-4e65-a70d-a7b7b3da1473,https://static.inaturalist.org/photos/15322291/medium.jpeg,4665,American Kestrel,data/new_raw/images/d9e1d432-0162-4e65-a70d-a7b7b3da1473.jpg
42bf3d45-41a5-41fb-84b9-a97a36f892b6,https://static.inaturalist.org/photos/15322294/medium.jpeg,4981,Black-crowned Night Heron,data/new_raw/images/42bf3d45-41a5-41fb-84b9-a97a36f892b6.jpg
726d3892-0001-44d5-b0eb-c8ec789d93b7,https://static.inaturalist.org/photos/15322297/medium.jpeg,4981,Black-crowned Night Heron,data/new_raw/images/726d3892-0001-44d5-b0eb-c8ec789d93b7.jpg
d67408af-4215-4c7d-9dd2-502ca7cfc0aa,https://inaturalist-open-data.s3.amazonaws.com/photos/15333525/medium.jpeg,7089,Canada Goose,data/new_raw/images/d67408af-4215-4c7d-9dd2-502ca7cfc0aa.jpg
88c8b82a-0015-435c-8c53-c165a52ea06e,https://inaturalist-open-data.s3.amazonaws.com/photos/15333611/medium.jpeg,7089,Canada Goose,data/new_raw/images/88c8b82a-0015-435c-8c53-c165a52ea06e.jpg
f4f0621f-8b67-49d2-9d91-55153cca8b93,https://inaturalist-open-data.s3.amazonaws.com/photos/15333950/medium.jpeg,7089,Canada Goose,data/new_raw/images/f4f0621f-8b67-49d2-9d91-55153cca8b93.jpg
04c06f4e-559f-4518-9dd4-670fcfa0f8ca,https://inaturalist-open-data.s3.amazonaws.com/photos/15355440/medium.jpg,18463,Yellow-bellied Sapsucker,data/new_raw/images/04c06f4e-559f-4518-9dd4-670fcfa0f8ca.jpg
879c0ab3-c469-4078-bf42-59bf7c4b1b25,https://inaturalist-open-data.s3.amazonaws.com/photos/15361015/medium.jpg,9424,Eastern Towhee,data/new_raw/images/879c0ab3-c469-4078-bf42-59bf7c4b1b25.jpg
f5a202af-e4d9-4a01-b685-625cc95cf910,https://inaturalist-open-data.s3.amazonaws.com/photos/15366849/medium.jpg,18463,Yellow-bellied Sapsucker,data/new_raw/images/f5a202af-e4d9-4a01-b685-625cc95cf910.jpg
d16779ed-7cd9-44bf-aff0-bb033c6a329a,https://inaturalist-open-data.s3.amazonaws.com/photos/15368500/medium.jpg,12890,Hermit Thrush,data/new_raw/images/d16779ed-7cd9-44bf-aff0-bb033c6a329a.jpg
4c02c2bb-c04d-4cc3-a933-a1720c95387f,https://inaturalist-open-data.s3.amazonaws.com/photos/15367437/medium.jpeg,11867,Purple Martin,data/new_raw/images/4c02c2bb-c04d-4cc3-a933-a1720c95387f.jpg
5023662b-b6fe-43c2-98c5-ed3ed8e5b07f,https://inaturalist-open-data.s3.amazonaws.com/photos/15368013/medium.jpeg,558433,Blue-winged Teal,data/new_raw/images/5023662b-b6fe-43c2-98c5-ed3ed8e5b07f.jpg
6c9ea18c-d34f-4333-b84c-c270b471b3bb,https://inaturalist-open-data.s3.amazonaws.com/photos/15368135/medium.jpeg,18463,Yellow-bellied Sapsucker,data/new_raw/images/6c9ea18c-d34f-4333-b84c-c270b471b3bb.jpg
e48c24c3-8ca3-461c-8554-5d1f055a8a09,https://inaturalist-open-data.s3.amazonaws.com/photos/15368059/medium.jpeg,9424,Eastern Towhee,data/new_raw/images/e48c24c3-8ca3-461c-8554-5d1f055a8a09.jpg
9fd95245-9834-4ffe-946d-14a42d446325,https://inaturalist-open-data.s3.amazonaws.com/photos/15368309/medium.jpeg,7458,Brown Creeper,data/new_raw/images/9fd95245-9834-4ffe-946d-14a42d446325.jpg
016784c2-ff0f-4ed4-82c0-314347f50dba,https://inaturalist-open-data.s3.amazonaws.com/photos/15368325/medium.jpeg,14898,Brown Thrasher,data/new_raw/images/016784c2-ff0f-4ed4-82c0-314347f50dba.jpg
4a3b926b-ab78-459d-9443-83b7e3c8c9e6,https://inaturalist-open-data.s3.amazonaws.com/photos/15368352/medium.jpeg,792988,Downy Woodpecker,data/new_raw/images/4a3b926b-ab78-459d-9443-83b7e3c8c9e6.jpg
873b8d9e-227d-40af-8136-eed3ad07cb27,https://inaturalist-open-data.s3.amazonaws.com/photos/15368339/medium.jpeg,9083,Northern Cardinal,data/new_raw/images/873b8d9e-227d-40af-8136-eed3ad07cb27.jpg
2670173b-22fd-46de-bdf5-aceded84355f,https://inaturalist-open-data.s3.amazonaws.com/photos/15368381/medium.jpeg,46217,Eastern Chipmunk,data/new_raw/images/2670173b-22fd-46de-bdf5-aceded84355f.jpg
e9c7d2fb-2f19-4403-9e06-564b48a19c70,https://static.inaturalist.org/photos/15374437/medium.jpg,43584,Human,data/new_raw/images/e9c7d2fb-2f19-4403-9e06-564b48a19c70.jpg
5355401f-8818-424c-9ff6-11b4a592e74d,https://static.inaturalist.org/photos/15377178/medium.jpeg,43584,Human,data/new_raw/images/5355401f-8818-424c-9ff6-11b4a592e74d.jpg
f463cac7-81c5-412c-ba57-5020841eb098,https://inaturalist-open-data.s3.amazonaws.com/photos/15439470/medium.jpg,9083,Northern Cardinal,data/new_raw/images/f463cac7-81c5-412c-ba57-5020841eb098.jpg
901e5ac1-3b4f-46df-af36-5693577696f5,https://inaturalist-open-data.s3.amazonaws.com/photos/15444382/medium.jpg,12727,American Robin,data/new_raw/images/901e5ac1-3b4f-46df-af36-5693577696f5.jpg
24774bca-147e-4ffd-a87c-e98dcc892f8d,https://inaturalist-open-data.s3.amazonaws.com/photos/15444626/medium.jpg,10094,Dark-eyed Junco,data/new_raw/images/24774bca-147e-4ffd-a87c-e98dcc892f8d.jpg
718dffdc-4cb3-40d3-9f2d-8f0511b0fe88,https://static.inaturalist.org/photos/15454798/medium.jpg,18463,Yellow-bellied Sapsucker,data/new_raw/images/718dffdc-4cb3-40d3-9f2d-8f0511b0fe88.jpg
dd842240-e081-4159-bef9-050e09828e3e,https://static.inaturalist.org/photos/15454815/medium.jpg,18463,Yellow-bellied Sapsucker,data/new_raw/images/dd842240-e081-4159-bef9-050e09828e3e.jpg
afac2bd9-5033-4c39-af21-f8028426870e,https://static.inaturalist.org/photos/15454831/medium.jpg,10094,Dark-eyed Junco,data/new_raw/images/afac2bd9-5033-4c39-af21-f8028426870e.jpg
bcc13617-c54d-44ab-91da-0ff26a3c01e1,https://static.inaturalist.org/photos/15454863/medium.jpg,12890,Hermit Thrush,data/new_raw/images/bcc13617-c54d-44ab-91da-0ff26a3c01e1.jpg
5843a5fe-da15-49a8-8d78-400be95381aa,https://static.inaturalist.org/photos/15454899/medium.jpg,9100,Song Sparrow,data/new_raw/images/5843a5fe-da15-49a8-8d78-400be95381aa.jpg
2796ee84-6a68-4a4c-bff4-d4fc280a55b0,https://static.inaturalist.org/photos/15454851/medium.jpg,9083,Northern Cardinal,data/new_raw/images/2796ee84-6a68-4a4c-bff4-d4fc280a55b0.jpg
7bf5df89-4d6d-40fe-aeeb-a78a8bff93f3,https://inaturalist-open-data.s3.amazonaws.com/photos/15475385/medium.jpg,12727,American Robin,data/new_raw/images/7bf5df89-4d6d-40fe-aeeb-a78a8bff93f3.jpg
18300b86-7801-475d-9953-2c4334240e21,https://static.inaturalist.org/photos/15482661/medium.jpg,43111,Eastern Cottontail,data/new_raw/images/18300b86-7801-475d-9953-2c4334240e21.jpg
fb95e9cb-bf3a-4b7e-87e1-e6453ea779b9,https://inaturalist-open-data.s3.amazonaws.com/photos/15493094/medium.jpeg,9535,Western Meadowlark,data/new_raw/images/fb95e9cb-bf3a-4b7e-87e1-e6453ea779b9.jpg
f2e78d97-9cdb-49bd-bd39-a42131d63770,https://inaturalist-open-data.s3.amazonaws.com/photos/15493688/medium.jpeg,9528,Eastern Meadowlark,data/new_raw/images/f2e78d97-9cdb-49bd-bd39-a42131d63770.jpg
bf2f1af9-b91a-4625-b9dd-d0ea76b96818,https://static.inaturalist.org/photos/15516685/medium.jpeg,9602,Common Grackle,data/new_raw/images/bf2f1af9-b91a-4625-b9dd-d0ea76b96818.jpg
cd926026-fc00-4634-a1bc-a6cc43fd41eb,https://static.inaturalist.org/photos/15516696/medium.jpeg,18463,Yellow-bellied Sapsucker,data/new_raw/images/cd926026-fc00-4634-a1bc-a6cc43fd41eb.jpg
a90827e8-4029-4947-8495-c5e075658cd5,https://static.inaturalist.org/photos/15516697/medium.jpeg,9100,Song Sparrow,data/new_raw/images/a90827e8-4029-4947-8495-c5e075658cd5.jpg
4405be55-9103-4d5a-b185-1c4966bc00b7,https://static.inaturalist.org/photos/15516702/medium.jpeg,12890,Hermit Thrush,data/new_raw/images/4405be55-9103-4d5a-b185-1c4966bc00b7.jpg
3b83d935-10d4-4c30-921e-a322a4e180f9,https://static.inaturalist.org/photos/15516710/medium.jpeg,122767,Feral Pigeon,data/new_raw/images/3b83d935-10d4-4c30-921e-a322a4e180f9.jpg
f3f55d23-f860-4460-858d-cc53f49169a2,https://static.inaturalist.org/photos/15516714/medium.jpeg,17008,Eastern Phoebe,data/new_raw/images/f3f55d23-f860-4460-858d-cc53f49169a2.jpg
105cf29a-9aea-467f-a927-69b1843c2b35,https://inaturalist-open-data.s3.amazonaws.com/photos/15519470/medium.jpg,13858,House Sparrow,data/new_raw/images/105cf29a-9aea-467f-a927-69b1843c2b35.jpg
d05a35d6-9e6d-4ab9-984d-3cde3bf3692c,https://inaturalist-open-data.s3.amazonaws.com/photos/15519491/medium.jpg,10094,Dark-eyed Junco,data/new_raw/images/d05a35d6-9e6d-4ab9-984d-3cde3bf3692c.jpg
c5c066f5-1cb2-497a-b4de-b06255008a75,https://inaturalist-open-data.s3.amazonaws.com/photos/15519521/medium.jpg,199840,House Finch,data/new_raw/images/c5c066f5-1cb2-497a-b4de-b06255008a75.jpg
a53f7ec7-fa20-4583-b598-0deb8d8af9c9,https://inaturalist-open-data.s3.amazonaws.com/photos/15530030/medium.jpeg,132704,Myrtle Warbler,data/new_raw/images/a53f7ec7-fa20-4583-b598-0deb8d8af9c9.jpg
1362548f-50bd-4be2-b212-9245834d4188,https://inaturalist-open-data.s3.amazonaws.com/photos/15530042/medium.jpeg,7458,Brown Creeper,data/new_raw/images/1362548f-50bd-4be2-b212-9245834d4188.jpg
6633d5ba-2d18-4b24-a9d5-876d507dc4fc,https://inaturalist-open-data.s3.amazonaws.com/photos/15530057/medium.jpeg,5020,Green Heron,data/new_raw/images/6633d5ba-2d18-4b24-a9d5-876d507dc4fc.jpg
68092b0e-7d9e-43bc-8dba-9ed92ad5ddbd,https://inaturalist-open-data.s3.amazonaws.com/photos/15530078/medium.jpeg,1289388,Ruby-crowned Kinglet,data/new_raw/images/68092b0e-7d9e-43bc-8dba-9ed92ad5ddbd.jpg
81f07457-20ff-4649-ac07-dbd9d1be3314,https://inaturalist-open-data.s3.amazonaws.com/photos/15530090/medium.jpeg,558433,Blue-winged Teal,data/new_raw/images/81f07457-20ff-4649-ac07-dbd9d1be3314.jpg
d7f38bfc-3da4-4ea7-b897-48a5ff7302c1,https://inaturalist-open-data.s3.amazonaws.com/photos/15536899/medium.jpg,8021,American Crow,data/new_raw/images/d7f38bfc-3da4-4ea7-b897-48a5ff7302c1.jpg
111cbfb2-1bbc-440d-b940-863ad82ebba5,https://inaturalist-open-data.s3.amazonaws.com/photos/15536983/medium.jpg,9083,Northern Cardinal,data/new_raw/images/111cbfb2-1bbc-440d-b940-863ad82ebba5.jpg
93215956-7939-483f-99d0-e5e26102104f,https://inaturalist-open-data.s3.amazonaws.com/photos/15537590/medium.jpg,145245,Yellow-rumped Warbler,data/new_raw/images/93215956-7939-483f-99d0-e5e26102104f.jpg
45982d6a-7938-473a-9617-e851acdbf1c8,https://inaturalist-open-data.s3.amazonaws.com/photos/15537645/medium.jpg,9083,Northern Cardinal,data/new_raw/images/45982d6a-7938-473a-9617-e851acdbf1c8.jpg
992e0270-c573-4f68-bfaa-939b00524ea5,https://inaturalist-open-data.s3.amazonaws.com/photos/15537715/medium.jpg,8021,American Crow,data/new_raw/images/992e0270-c573-4f68-bfaa-939b00524ea5.jpg
6be8187f-9bac-4a74-a840-b797ada0990d,https://inaturalist-open-data.s3.amazonaws.com/photos/15538031/medium.jpg,10094,Dark-eyed Junco,data/new_raw/images/6be8187f-9bac-4a74-a840-b797ada0990d.jpg
10872ab4-7b7a-4e47-8fd1-93212d566b0e,https://inaturalist-open-data.s3.amazonaws.com/photos/15538394/medium.jpg,43111,Eastern Cottontail,data/new_raw/images/10872ab4-7b7a-4e47-8fd1-93212d566b0e.jpg
3b5706e8-faa4-47a2-b7bc-6c185e986c70,https://inaturalist-open-data.s3.amazonaws.com/photos/15538444/medium.jpg,4364,Ring-billed Gull,data/new_raw/images/3b5706e8-faa4-47a2-b7bc-6c185e986c70.jpg
05a91246-de47-4a99-9ac3-7ae4a35f9cb2,https://inaturalist-open-data.s3.amazonaws.com/photos/15538489/medium.jpg,10094,Dark-eyed Junco,data/new_raw/images/05a91246-de47-4a99-9ac3-7ae4a35f9cb2.jpg
7b1e66bd-4d9b-42fe-9296-cfe519ef5e97,https://inaturalist-open-data.s3.amazonaws.com/photos/15538776/medium.jpg,17008,Eastern Phoebe,data/new_raw/images/7b1e66bd-4d9b-42fe-9296-cfe519ef5e97.jpg
7be16a6f-9674-42a1-ba92-c6415ea8f43a,https://inaturalist-open-data.s3.amazonaws.com/photos/15564957/medium.jpg,18463,Yellow-bellied Sapsucker,data/new_raw/images/7be16a6f-9674-42a1-ba92-c6415ea8f43a.jpg
3c7dd605-3cae-4857-ad9b-afabffa7522d,https://inaturalist-open-data.s3.amazonaws.com/photos/15578509/medium.jpeg,18463,Yellow-bellied Sapsucker,data/new_raw/images/3c7dd605-3cae-4857-ad9b-afabffa7522d.jpg
ea07fefc-cc15-4f87-b02e-7de6850c6905,https://inaturalist-open-data.s3.amazonaws.com/photos/15578531/medium.jpeg,10322,Rusty Blackbird,data/new_raw/images/ea07fefc-cc15-4f87-b02e-7de6850c6905.jpg
9131a57d-c40d-4a25-830f-94e7f1e2cb2d,https://inaturalist-open-data.s3.amazonaws.com/photos/15578540/medium.jpeg,12890,Hermit Thrush,data/new_raw/images/9131a57d-c40d-4a25-830f-94e7f1e2cb2d.jpg
49bddb1b-5004-4a39-b254-cbbbd59515d5,https://inaturalist-open-data.s3.amazonaws.com/photos/15578551/medium.jpeg,73148,Louisiana Waterthrush,data/new_raw/images/49bddb1b-5004-4a39-b254-cbbbd59515d5.jpg
7d132c3a-569a-4dd2-b2e7-cfe9bbe144e7,https://inaturalist-open-data.s3.amazonaws.com/photos/15578563/medium.jpeg,8021,American Crow,data/new_raw/images/7d132c3a-569a-4dd2-b2e7-cfe9bbe144e7.jpg
2d859160-9e00-466e-930b-6c7d9a100348,https://inaturalist-open-data.s3.amazonaws.com/photos/15579088/medium.jpeg,10168,Vesper Sparrow,data/new_raw/images/2d859160-9e00-466e-930b-6c7d9a100348.jpg
35b421fc-3634-49df-adb4-d73ca392444d,https://inaturalist-open-data.s3.amazonaws.com/photos/15579100/medium.jpeg,132764,Slate-colored Junco,data/new_raw/images/35b421fc-3634-49df-adb4-d73ca392444d.jpg
a8d9f819-12dc-4375-a938-0c7b44bc17d9,https://inaturalist-open-data.s3.amazonaws.com/photos/15579109/medium.jpeg,343340,Eastern Red Fox Sparrow,data/new_raw/images/a8d9f819-12dc-4375-a938-0c7b44bc17d9.jpg
5c9875f9-0d35-4fed-a414-e140bef9e6c5,https://inaturalist-open-data.s3.amazonaws.com/photos/15579113/medium.jpeg,9096,Swamp Sparrow,data/new_raw/images/5c9875f9-0d35-4fed-a414-e140bef9e6c5.jpg
4b747b53-69e5-437f-9857-c9d392257270,https://inaturalist-open-data.s3.amazonaws.com/photos/15579117/medium.jpeg,9152,Field Sparrow,data/new_raw/images/4b747b53-69e5-437f-9857-c9d392257270.jpg
44b597da-5519-41ba-8676-d5fb741ad987,https://inaturalist-open-data.s3.amazonaws.com/photos/15579125/medium.jpeg,9135,Chipping Sparrow,data/new_raw/images/44b597da-5519-41ba-8676-d5fb741ad987.jpg
acdf00f8-43b0-43e6-a2b0-2a6f16eac989,https://static.inaturalist.org/photos/15608127/medium.jpg,7004,Common Merganser,data/new_raw/images/acdf00f8-43b0-43e6-a2b0-2a6f16eac989.jpg
d862a4f1-ebfa-4876-be45-362d24a31304,https://static.inaturalist.org/photos/15624163/medium.jpg,122767,Feral Pigeon,data/new_raw/images/d862a4f1-ebfa-4876-be45-362d24a31304.jpg
ed80a8d2-40d4-44fe-b882-7ce5917ae9a0,https://inaturalist-open-data.s3.amazonaws.com/photos/15636919/medium.jpg,18463,Yellow-bellied Sapsucker,data/new_raw/images/ed80a8d2-40d4-44fe-b882-7ce5917ae9a0.jpg
4f1835c7-2f8e-418f-8faf-5197edf66383,https://inaturalist-open-data.s3.amazonaws.com/photos/15636977/medium.jpg,12942,Eastern Bluebird,data/new_raw/images/4f1835c7-2f8e-418f-8faf-5197edf66383.jpg
a713db68-5490-4a6e-ac0b-108161891f36,https://inaturalist-open-data.s3.amazonaws.com/photos/15637054/medium.jpg,7458,Brown Creeper,data/new_raw/images/a713db68-5490-4a6e-ac0b-108161891f36.jpg
7352c17d-6e45-4cbb-9894-a59c9426c50e,https://inaturalist-open-data.s3.amazonaws.com/photos/15637150/medium.jpg,9156,Fox Sparrow,data/new_raw/images/7352c17d-6e45-4cbb-9894-a59c9426c50e.jpg
954a8704-1d71-471f-b3b1-fe95ac9dc865,https://inaturalist-open-data.s3.amazonaws.com/photos/15637214/medium.jpg,144815,Black-capped Chickadee,data/new_raw/images/954a8704-1d71-471f-b3b1-fe95ac9dc865.jpg
d8ec69af-7e75-48c4-b59b-18a23af76e2b,https://inaturalist-open-data.s3.amazonaws.com/photos/15699400/medium.jpeg,18463,Yellow-bellied Sapsucker,data/new_raw/images/d8ec69af-7e75-48c4-b59b-18a23af76e2b.jpg
1b67c9cc-fee5-4038-a378-8992f0c8bfc3,https://inaturalist-open-data.s3.amazonaws.com/photos/15718050/medium.jpeg,145245,Yellow-rumped Warbler,data/new_raw/images/1b67c9cc-fee5-4038-a378-8992f0c8bfc3.jpg
2dbce587-2541-45a9-9f1a-1ab7b0b0c828,https://inaturalist-open-data.s3.amazonaws.com/photos/15719696/medium.jpeg,18463,Yellow-bellied Sapsucker,data/new_raw/images/2dbce587-2541-45a9-9f1a-1ab7b0b0c828.jpg
558fca5f-bf6d-4206-b1e9-d81b4f440c9f,https://inaturalist-open-data.s3.amazonaws.com/photos/15734998/medium.jpeg,6996,Red-breasted Merganser,data/new_raw/images/558fca5f-bf6d-4206-b1e9-d81b4f440c9f.jpg
d0179714-58a7-4a1f-9ff4-3d9a4e987413,https://inaturalist-open-data.s3.amazonaws.com/photos/15737586/medium.jpg,18463,Yellow-bellied Sapsucker,data/new_raw/images/d0179714-58a7-4a1f-9ff4-3d9a4e987413.jpg
ed34a589-1e1e-46eb-be4f-63fdf8b64eb2,https://static.inaturalist.org/photos/15738864/medium.jpg,7089,Canada Goose,data/new_raw/images/ed34a589-1e1e-46eb-be4f-63fdf8b64eb2.jpg
0c1f6a39-30c9-428d-b578-2f1c7a8325b0,https://inaturalist-open-data.s3.amazonaws.com/photos/15739362/medium.jpg,145245,Yellow-rumped Warbler,data/new_raw/images/0c1f6a39-30c9-428d-b578-2f1c7a8325b0.jpg
c921b7a7-cfe2-4f14-b41a-ed56ff69b663,https://inaturalist-open-data.s3.amazonaws.com/photos/15743945/medium.jpg,117100,Golden-crowned Kinglet,data/new_raw/images/c921b7a7-cfe2-4f14-b41a-ed56ff69b663.jpg
8e169813-546d-4a66-95a4-3d1bab5b049a,https://inaturalist-open-data.s3.amazonaws.com/photos/15743994/medium.jpg,1289388,Ruby-crowned Kinglet,data/new_raw/images/8e169813-546d-4a66-95a4-3d1bab5b049a.jpg
25ea197f-babe-4281-97ce-14de94e88942,https://static.inaturalist.org/photos/15748546/medium.jpg,7089,Canada Goose,data/new_raw/images/25ea197f-babe-4281-97ce-14de94e88942.jpg
66a36ee9-b5fc-4732-824a-7a8863eaa4b0,https://static.inaturalist.org/photos/15759801/medium.jpg,7089,Canada Goose,data/new_raw/images/66a36ee9-b5fc-4732-824a-7a8863eaa4b0.jpg
9de86640-7df1-4f77-af10-263b91a521e9,https://static.inaturalist.org/photos/15761661/medium.jpg,7089,Canada Goose,data/new_raw/images/9de86640-7df1-4f77-af10-263b91a521e9.jpg
7f447b12-83f2-419e-97da-ff52c92b9a4a,https://inaturalist-open-data.s3.amazonaws.com/photos/15771876/medium.jpeg,558438,Northern Shoveler,data/new_raw/images/7f447b12-83f2-419e-97da-ff52c92b9a4a.jpg
ae1b8910-8499-447a-8056-a1d1a173cd50,https://inaturalist-open-data.s3.amazonaws.com/photos/15771883/medium.jpeg,558438,Northern Shoveler,data/new_raw/images/ae1b8910-8499-447a-8056-a1d1a173cd50.jpg
bb16f992-85db-44db-92cc-2cfb1f73184a,https://inaturalist-open-data.s3.amazonaws.com/photos/15773168/medium.jpeg,123676,American Green-winged Teal,data/new_raw/images/bb16f992-85db-44db-92cc-2cfb1f73184a.jpg
7f4ec79a-8e2d-4a77-a9a8-e2ac47c8a6d1,https://inaturalist-open-data.s3.amazonaws.com/photos/15774019/medium.jpeg,558433,Blue-winged Teal,data/new_raw/images/7f4ec79a-8e2d-4a77-a9a8-e2ac47c8a6d1.jpg
cf9c6a04-7302-4689-8966-7d76d645613a,https://inaturalist-open-data.s3.amazonaws.com/photos/15774319/medium.jpeg,7107,Wood Duck,data/new_raw/images/cf9c6a04-7302-4689-8966-7d76d645613a.jpg
d7961e5f-1cfe-4502-a818-6160de0b1c71,https://inaturalist-open-data.s3.amazonaws.com/photos/15776180/medium.jpeg,45763,Muskrat,data/new_raw/images/d7961e5f-1cfe-4502-a818-6160de0b1c71.jpg
43d11648-de81-4d71-9671-149283774451,https://inaturalist-open-data.s3.amazonaws.com/photos/15785598/medium.jpeg,9602,Common Grackle,data/new_raw/images/43d11648-de81-4d71-9671-149283774451.jpg
a06c37e8-0000-4dcb-9e13-0802aa41e4c9,https://inaturalist-open-data.s3.amazonaws.com/photos/15787555/medium.jpg,14850,European Starling,data/new_raw/images/a06c37e8-0000-4dcb-9e13-0802aa41e4c9.jpg
a89236d1-198f-453e-b4e3-99453539a50e,https://inaturalist-open-data.s3.amazonaws.com/photos/15787939/medium.jpeg,792988,Downy Woodpecker,data/new_raw/images/a89236d1-198f-453e-b4e3-99453539a50e.jpg
d32e32fc-1a77-4749-8423-957f6460dc45,https://inaturalist-open-data.s3.amazonaws.com/photos/15788618/medium.jpeg,12727,American Robin,data/new_raw/images/d32e32fc-1a77-4749-8423-957f6460dc45.jpg
f6816ebb-2cc7-43c4-b330-6502b23c3da4,https://inaturalist-open-data.s3.amazonaws.com/photos/15806849/medium.jpg,3936,American Woodcock,data/new_raw/images/f6816ebb-2cc7-43c4-b330-6502b23c3da4.jpg
96a20455-523c-4c5a-8da8-85c2964c58d7,https://inaturalist-open-data.s3.amazonaws.com/photos/15818691/medium.jpg,2548,Belted Kingfisher,data/new_raw/images/96a20455-523c-4c5a-8da8-85c2964c58d7.jpg
75b833da-fce1-4d4e-a311-6beccc815a28,https://inaturalist-open-data.s3.amazonaws.com/photos/15832514/medium.jpg,17008,Eastern Phoebe,data/new_raw/images/75b833da-fce1-4d4e-a311-6beccc815a28.jpg
7736c8d0-18c3-4f6d-a6aa-d91f5a3bb052,https://inaturalist-open-data.s3.amazonaws.com/photos/15832688/medium.jpg,9184,White-throated Sparrow,data/new_raw/images/7736c8d0-18c3-4f6d-a6aa-d91f5a3bb052.jpg
fb53ee50-c5cc-4bb2-b61b-e4ae7faaa08f,https://inaturalist-open-data.s3.amazonaws.com/photos/15832737/medium.jpg,18463,Yellow-bellied Sapsucker,data/new_raw/images/fb53ee50-c5cc-4bb2-b61b-e4ae7faaa08f.jpg
a3f37706-3714-4783-be5f-0d576dce30be,https://inaturalist-open-data.s3.amazonaws.com/photos/15832786/medium.jpg,199840,House Finch,data/new_raw/images/a3f37706-3714-4783-be5f-0d576dce30be.jpg
88e733ab-15a9-4a43-8fb8-a49fd6222042,https://inaturalist-open-data.s3.amazonaws.com/photos/15832837/medium.jpg,18463,Yellow-bellied Sapsucker,data/new_raw/images/88e733ab-15a9-4a43-8fb8-a49fd6222042.jpg
b56beb00-2c6f-49b8-a596-19557b284e5a,https://inaturalist-open-data.s3.amazonaws.com/photos/15832885/medium.jpg,1454382,Double-crested Cormorant,data/new_raw/images/b56beb00-2c6f-49b8-a596-19557b284e5a.jpg
5e8cbd92-cfcf-469a-8a3f-f5a97b125c7e,https://inaturalist-open-data.s3.amazonaws.com/photos/15832942/medium.jpg,4209,Horned Grebe,data/new_raw/images/5e8cbd92-cfcf-469a-8a3f-f5a97b125c7e.jpg
cb6e8bd6-2be7-46ea-9955-ebf60c5e19ad,https://inaturalist-open-data.s3.amazonaws.com/photos/15832978/medium.jpg,9083,Northern Cardinal,data/new_raw/images/cb6e8bd6-2be7-46ea-9955-ebf60c5e19ad.jpg
febe8534-4d3a-435c-993c-fa595fc4cfc1,https://inaturalist-open-data.s3.amazonaws.com/photos/15833041/medium.jpg,4209,Horned Grebe,data/new_raw/images/febe8534-4d3a-435c-993c-fa595fc4cfc1.jpg
5ff0707f-a4b2-4f10-8df2-73e5f40a5f46,https://inaturalist-open-data.s3.amazonaws.com/photos/15833226/medium.jpg,1289388,Ruby-crowned Kinglet,data/new_raw/images/5ff0707f-a4b2-4f10-8df2-73e5f40a5f46.jpg
aad7b095-fc75-41ca-962e-769ccaa76427,https://inaturalist-open-data.s3.amazonaws.com/photos/15833285/medium.jpg,145245,Yellow-rumped Warbler,data/new_raw/images/aad7b095-fc75-41ca-962e-769ccaa76427.jpg
0e780271-3f44-4785-b97c-5e9675115a6d,https://inaturalist-open-data.s3.amazonaws.com/photos/15845992/medium.jpeg,3936,American Woodcock,data/new_raw/images/0e780271-3f44-4785-b97c-5e9675115a6d.jpg
e7cd552e-8155-45be-82e8-68776d1b733f,https://inaturalist-open-data.s3.amazonaws.com/photos/15846352/medium.jpeg,18463,Yellow-bellied Sapsucker,data/new_raw/images/e7cd552e-8155-45be-82e8-68776d1b733f.jpg
df9b8f4d-2ccd-45f9-a385-159750395947,https://inaturalist-open-data.s3.amazonaws.com/photos/15846807/medium.jpg,199916,Black-throated Blue Warbler,data/new_raw/images/df9b8f4d-2ccd-45f9-a385-159750395947.jpg
d86d23f6-3d44-4aa5-b033-7d8bcc0eba3c,https://inaturalist-open-data.s3.amazonaws.com/photos/15846815/medium.jpg,9156,Fox Sparrow,data/new_raw/images/d86d23f6-3d44-4aa5-b033-7d8bcc0eba3c.jpg
0eb6298c-9f58-4f18-99b0-f0b276088e3e,https://static.inaturalist.org/photos/15881101/medium.jpg,43111,Eastern Cottontail,data/new_raw/images/0eb6298c-9f58-4f18-99b0-f0b276088e3e.jpg
0b7d5520-06b8-4e2e-aa4e-93e0a67de817,https://inaturalist-open-data.s3.amazonaws.com/photos/15887967/medium.jpeg,42223,White-tailed Deer,data/new_raw/images/0b7d5520-06b8-4e2e-aa4e-93e0a67de817.jpg
d9e8650c-98d2-43ad-a87b-8588812c1da4,https://inaturalist-open-data.s3.amazonaws.com/photos/15889009/medium.jpeg,144455,Great Egret,data/new_raw/images/d9e8650c-98d2-43ad-a87b-8588812c1da4.jpg
f117ffbf-d67a-4967-bc5f-89ce6b145ff6,https://inaturalist-open-data.s3.amazonaws.com/photos/15889196/medium.jpeg,7089,Canada Goose,data/new_raw/images/f117ffbf-d67a-4967-bc5f-89ce6b145ff6.jpg
2e91dcba-c7ed-46da-b48e-1f8eafab58bd,https://inaturalist-open-data.s3.amazonaws.com/photos/15890364/medium.jpeg,42223,White-tailed Deer,data/new_raw/images/2e91dcba-c7ed-46da-b48e-1f8eafab58bd.jpg
53e4b101-a8e5-48d6-9e64-8467e4870b08,https://inaturalist-open-data.s3.amazonaws.com/photos/15899311/medium.jpg,41663,Common Raccoon,data/new_raw/images/53e4b101-a8e5-48d6-9e64-8467e4870b08.jpg
f663f6c8-d2c4-44e0-94aa-1b54957e53df,https://static.inaturalist.org/photos/15934180/medium.jpg,6996,Red-breasted Merganser,data/new_raw/images/f663f6c8-d2c4-44e0-94aa-1b54957e53df.jpg
3764e9e5-a7a9-437c-9442-12ce1df398de,https://inaturalist-open-data.s3.amazonaws.com/photos/15935937/medium.jpg,4209,Horned Grebe,data/new_raw/images/3764e9e5-a7a9-437c-9442-12ce1df398de.jpg
3c638870-8ddc-4338-9efa-3f1dab43088d,https://inaturalist-open-data.s3.amazonaws.com/photos/15936287/medium.jpg,46020,Eastern Fox Squirrel,data/new_raw/images/3c638870-8ddc-4338-9efa-3f1dab43088d.jpg
11c4add2-8cde-4b33-866b-51be4a8f9933,https://inaturalist-open-data.s3.amazonaws.com/photos/15936342/medium.jpg,6930,Mallard,data/new_raw/images/11c4add2-8cde-4b33-866b-51be4a8f9933.jpg
edeb7346-7db2-496e-acd6-4d99d528c354,https://inaturalist-open-data.s3.amazonaws.com/photos/15936367/medium.jpg,7107,Wood Duck,data/new_raw/images/edeb7346-7db2-496e-acd6-4d99d528c354.jpg
f2dcab1c-8c31-4361-a999-8bc4740a7fd3,https://inaturalist-open-data.s3.amazonaws.com/photos/15936561/medium.jpg,7107,Wood Duck,data/new_raw/images/f2dcab1c-8c31-4361-a999-8bc4740a7fd3.jpg
9313da07-8b4a-4de7-95a5-fed081546c92,https://inaturalist-open-data.s3.amazonaws.com/photos/15936988/medium.jpg,7107,Wood Duck,data/new_raw/images/9313da07-8b4a-4de7-95a5-fed081546c92.jpg
d6660612-f3f9-48f4-b988-1da413a0dc01,https://inaturalist-open-data.s3.amazonaws.com/photos/15937285/medium.jpg,6996,Red-breasted Merganser,data/new_raw/images/d6660612-f3f9-48f4-b988-1da413a0dc01.jpg
477e878a-d473-4e09-8502-1cb5031f1022,https://inaturalist-open-data.s3.amazonaws.com/photos/15939835/medium.jpg,4981,Black-crowned Night Heron,data/new_raw/images/477e878a-d473-4e09-8502-1cb5031f1022.jpg
e83d11ad-8d76-42d1-8662-39cca9b0e93e,https://inaturalist-open-data.s3.amazonaws.com/photos/15939938/medium.jpg,18463,Yellow-bellied Sapsucker,data/new_raw/images/e83d11ad-8d76-42d1-8662-39cca9b0e93e.jpg
759c607a-7e26-4758-823c-cf404573f8dd,https://inaturalist-open-data.s3.amazonaws.com/photos/15940087/medium.jpg,6930,Mallard,data/new_raw/images/759c607a-7e26-4758-823c-cf404573f8dd.jpg
b2c3f96e-c6a4-4c79-b3e9-f667fb4ab3f1,https://inaturalist-open-data.s3.amazonaws.com/photos/15940142/medium.jpg,145245,Yellow-rumped Warbler,data/new_raw/images/b2c3f96e-c6a4-4c79-b3e9-f667fb4ab3f1.jpg
77e6b7ff-8e5a-453e-a2dc-321b6715d490,https://inaturalist-open-data.s3.amazonaws.com/photos/15940210/medium.jpg,9096,Swamp Sparrow,data/new_raw/images/77e6b7ff-8e5a-453e-a2dc-321b6715d490.jpg
20deadb5-0374-4bff-bfc4-b332dc2e6868,https://inaturalist-open-data.s3.amazonaws.com/photos/15940249/medium.jpg,9083,Northern Cardinal,data/new_raw/images/20deadb5-0374-4bff-bfc4-b332dc2e6868.jpg
f4d048fc-ba87-405c-916a-c717fe69f1c3,https://inaturalist-open-data.s3.amazonaws.com/photos/15940292/medium.jpg,792988,Downy Woodpecker,data/new_raw/images/f4d048fc-ba87-405c-916a-c717fe69f1c3.jpg
4cb4f0b3-9942-485e-90bb-107243aa84fe,https://inaturalist-open-data.s3.amazonaws.com/photos/15940326/medium.jpg,6996,Red-breasted Merganser,data/new_raw/images/4cb4f0b3-9942-485e-90bb-107243aa84fe.jpg
7b216fbb-299c-4f21-9145-96bd6cd4b008,https://inaturalist-open-data.s3.amazonaws.com/photos/15940395/medium.jpg,18236,Northern Flicker,data/new_raw/images/7b216fbb-299c-4f21-9145-96bd6cd4b008.jpg
a68f5e68-82a2-4a72-92ae-e672ec4d3d40,https://inaturalist-open-data.s3.amazonaws.com/photos/15940433/medium.jpg,9100,Song Sparrow,data/new_raw/images/a68f5e68-82a2-4a72-92ae-e672ec4d3d40.jpg
78a8a4b2-10cd-47a9-b1f8-1bdd05cbb294,https://inaturalist-open-data.s3.amazonaws.com/photos/15940645/medium.jpg,4793,Killdeer,data/new_raw/images/78a8a4b2-10cd-47a9-b1f8-1bdd05cbb294.jpg
748ef585-08ff-4ae7-a057-c63b6ec061bf,https://inaturalist-open-data.s3.amazonaws.com/photos/15940694/medium.jpg,9981,Savannah Sparrow,data/new_raw/images/748ef585-08ff-4ae7-a057-c63b6ec061bf.jpg
3eccb7e6-d469-43a8-8b60-57dbc0d1b7ce,https://inaturalist-open-data.s3.amazonaws.com/photos/15940756/medium.jpg,17008,Eastern Phoebe,data/new_raw/images/3eccb7e6-d469-43a8-8b60-57dbc0d1b7ce.jpg
93d33596-9fee-4503-97ca-28af6569f61e,https://inaturalist-open-data.s3.amazonaws.com/photos/15940899/medium.jpg,11935,Tree Swallow,data/new_raw/images/93d33596-9fee-4503-97ca-28af6569f61e.jpg
3d760da9-0c1d-424f-8e32-695531e0bf12,https://inaturalist-open-data.s3.amazonaws.com/photos/15940965/medium.jpg,144537,Caspian Tern,data/new_raw/images/3d760da9-0c1d-424f-8e32-695531e0bf12.jpg
72657ab4-4d0c-4d74-9353-53949deece8a,https://inaturalist-open-data.s3.amazonaws.com/photos/15941025/medium.jpg,4364,Ring-billed Gull,data/new_raw/images/72657ab4-4d0c-4d74-9353-53949deece8a.jpg
d8d40bc8-4731-453f-94e7-e007970b4911,https://inaturalist-open-data.s3.amazonaws.com/photos/15941089/medium.jpg,4665,American Kestrel,data/new_raw/images/d8d40bc8-4731-453f-94e7-e007970b4911.jpg
8ce28e0e-d734-402b-b9f8-68b2ba1fd2de,https://inaturalist-open-data.s3.amazonaws.com/photos/15941160/medium.jpg,9424,Eastern Towhee,data/new_raw/images/8ce28e0e-d734-402b-b9f8-68b2ba1fd2de.jpg
3bf93781-a396-4af9-8e6b-5804a4493d0e,https://inaturalist-open-data.s3.amazonaws.com/photos/15941273/medium.jpg,474210,American Tree Sparrow,data/new_raw/images/3bf93781-a396-4af9-8e6b-5804a4493d0e.jpg
45de76f4-4f5c-4c78-9805-bfbdc462048c,https://inaturalist-open-data.s3.amazonaws.com/photos/15941349/medium.jpg,9100,Song Sparrow,data/new_raw/images/45de76f4-4f5c-4c78-9805-bfbdc462048c.jpg
a94fd4a7-3d6e-4d0b-8e27-bc0aded87682,https://inaturalist-open-data.s3.amazonaws.com/photos/15941428/medium.jpg,9184,White-throated Sparrow,data/new_raw/images/a94fd4a7-3d6e-4d0b-8e27-bc0aded87682.jpg
e4c7e4dd-a3bf-4c87-b78a-b0f7da8034ab,https://inaturalist-open-data.s3.amazonaws.com/photos/15941507/medium.jpg,14898,Brown Thrasher,data/new_raw/images/e4c7e4dd-a3bf-4c87-b78a-b0f7da8034ab.jpg
c2f6a486-4017-4bf0-8c0a-c4326925409b,https://inaturalist-open-data.s3.amazonaws.com/photos/15941573/medium.jpg,12890,Hermit Thrush,data/new_raw/images/c2f6a486-4017-4bf0-8c0a-c4326925409b.jpg
7a94970b-fb9e-4186-aa9e-346763ce26a4,https://inaturalist-open-data.s3.amazonaws.com/photos/15941668/medium.jpg,1289388,Ruby-crowned Kinglet,data/new_raw/images/7a94970b-fb9e-4186-aa9e-346763ce26a4.jpg
c5f0de36-a15e-462a-853a-5b0c18f610c2,https://inaturalist-open-data.s3.amazonaws.com/photos/15942894/medium.jpg,4364,Ring-billed Gull,data/new_raw/images/c5f0de36-a15e-462a-853a-5b0c18f610c2.jpg
ca303a6c-b417-4a28-a1f2-b6a3a78ec43e,https://inaturalist-open-data.s3.amazonaws.com/photos/15943169/medium.jpg,14850,European Starling,data/new_raw/images/ca303a6c-b417-4a28-a1f2-b6a3a78ec43e.jpg
7b29fa13-8dee-4319-9033-5c3ec8d8fcf2,https://inaturalist-open-data.s3.amazonaws.com/photos/15943538/medium.jpg,1578489,American Herring Gull,data/new_raw/images/7b29fa13-8dee-4319-9033-5c3ec8d8fcf2.jpg
dd778960-1ab2-4628-9efc-9efb916d80cd,https://inaturalist-open-data.s3.amazonaws.com/photos/15945822/medium.jpg,18463,Yellow-bellied Sapsucker,data/new_raw/images/dd778960-1ab2-4628-9efc-9efb916d80cd.jpg
af53dffe-917a-44db-98f2-446249e3d3e5,https://inaturalist-open-data.s3.amazonaws.com/photos/15945964/medium.jpg,12890,Hermit Thrush,data/new_raw/images/af53dffe-917a-44db-98f2-446249e3d3e5.jpg
2a8125c4-5715-4216-868a-bb06fd8953cc,https://inaturalist-open-data.s3.amazonaws.com/photos/15945993/medium.jpg,7107,Wood Duck,data/new_raw/images/2a8125c4-5715-4216-868a-bb06fd8953cc.jpg
b9a15af1-0234-4655-83f9-f5f68341d043,https://inaturalist-open-data.s3.amazonaws.com/photos/15946004/medium.jpg,17008,Eastern Phoebe,data/new_raw/images/b9a15af1-0234-4655-83f9-f5f68341d043.jpg
8cf5c2e9-858a-4739-aca4-6c435d792609,https://inaturalist-open-data.s3.amazonaws.com/photos/15946016/medium.jpg,6996,Red-breasted Merganser,data/new_raw/images/8cf5c2e9-858a-4739-aca4-6c435d792609.jpg
cbcaf347-33dc-4bff-8564-841a816389a2,https://inaturalist-open-data.s3.amazonaws.com/photos/15946039/medium.jpg,9744,Red-winged Blackbird,data/new_raw/images/cbcaf347-33dc-4bff-8564-841a816389a2.jpg
9e7fce15-0157-48e6-9dea-a8560664ac50,https://inaturalist-open-data.s3.amazonaws.com/photos/15946228/medium.jpg,9744,Red-winged Blackbird,data/new_raw/images/9e7fce15-0157-48e6-9dea-a8560664ac50.jpg
0cd8fbda-ac77-4f17-a4f1-a129ee2bcd40,https://inaturalist-open-data.s3.amazonaws.com/photos/15946372/medium.jpg,7089,Canada Goose,data/new_raw/images/0cd8fbda-ac77-4f17-a4f1-a129ee2bcd40.jpg
b7021765-c460-4424-8daf-8316697872f9,https://static.inaturalist.org/photos/16022727/medium.jpg,6930,Mallard,data/new_raw/images/b7021765-c460-4424-8daf-8316697872f9.jpg
a53ce33d-4da5-48c6-9259-18fb650ec7a5,https://inaturalist-open-data.s3.amazonaws.com/photos/15949550/medium.jpg,792988,Downy Woodpecker,data/new_raw/images/a53ce33d-4da5-48c6-9259-18fb650ec7a5.jpg
af984f00-c74d-4f3e-9141-25fe9624d490,https://inaturalist-open-data.s3.amazonaws.com/photos/15960362/medium.jpg,18463,Yellow-bellied Sapsucker,data/new_raw/images/af984f00-c74d-4f3e-9141-25fe9624d490.jpg
233cd96b-f143-4c9a-a85f-e54fd4a753f1,https://inaturalist-open-data.s3.amazonaws.com/photos/15959662/medium.jpeg,18463,Yellow-bellied Sapsucker,data/new_raw/images/233cd96b-f143-4c9a-a85f-e54fd4a753f1.jpg
ab59c78a-faf1-4a59-954b-1e833860d432,https://inaturalist-open-data.s3.amazonaws.com/photos/15959677/medium.jpeg,7251,Perching Birds,data/new_raw/images/ab59c78a-faf1-4a59-954b-1e833860d432.jpg
cea36ff2-c878-4b14-983f-5cc9125e5e1d,https://inaturalist-open-data.s3.amazonaws.com/photos/15959692/medium.jpeg,792988,Downy Woodpecker,data/new_raw/images/cea36ff2-c878-4b14-983f-5cc9125e5e1d.jpg
79441b40-135e-473d-be0c-7ba7f8c78d16,https://inaturalist-open-data.s3.amazonaws.com/photos/15959723/medium.jpeg,555736,Northern Yellow-shafted Flicker,data/new_raw/images/79441b40-135e-473d-be0c-7ba7f8c78d16.jpg
9415b01d-74bf-4693-b39c-f921de1f7cb7,https://inaturalist-open-data.s3.amazonaws.com/photos/15959740/medium.jpeg,18463,Yellow-bellied Sapsucker,data/new_raw/images/9415b01d-74bf-4693-b39c-f921de1f7cb7.jpg
fa27e4ca-4de6-438f-b7ab-e0e26d864d78,https://inaturalist-open-data.s3.amazonaws.com/photos/15959772/medium.jpeg,7054,Lesser Scaup,data/new_raw/images/fa27e4ca-4de6-438f-b7ab-e0e26d864d78.jpg
70e8c181-e6cf-4bca-a284-693df3fb3c8b,https://inaturalist-open-data.s3.amazonaws.com/photos/15959800/medium.jpeg,555736,Northern Yellow-shafted Flicker,data/new_raw/images/70e8c181-e6cf-4bca-a284-693df3fb3c8b.jpg
67b859e6-0df5-4364-9e73-3214e96cc495,https://inaturalist-open-data.s3.amazonaws.com/photos/15959818/medium.jpeg,555736,Northern Yellow-shafted Flicker,data/new_raw/images/67b859e6-0df5-4364-9e73-3214e96cc495.jpg
ed4d2c02-22e6-4cf7-b74f-43259cf802a2,https://inaturalist-open-data.s3.amazonaws.com/photos/15959830/medium.jpeg,145245,Yellow-rumped Warbler,data/new_raw/images/ed4d2c02-22e6-4cf7-b74f-43259cf802a2.jpg
34ad92ec-e1a4-491b-8a56-90e8a590e1b1,https://inaturalist-open-data.s3.amazonaws.com/photos/15959840/medium.jpeg,10373,Brown-headed Cowbird,data/new_raw/images/34ad92ec-e1a4-491b-8a56-90e8a590e1b1.jpg
80940f79-9406-4270-9357-9f13533c4aea,https://inaturalist-open-data.s3.amazonaws.com/photos/15959925/medium.jpeg,1289388,Ruby-crowned Kinglet,data/new_raw/images/80940f79-9406-4270-9357-9f13533c4aea.jpg
be212f1f-3aa3-4e5d-a634-fdd1118472ef,https://inaturalist-open-data.s3.amazonaws.com/photos/15959948/medium.jpeg,145245,Yellow-rumped Warbler,data/new_raw/images/be212f1f-3aa3-4e5d-a634-fdd1118472ef.jpg
28c2608e-f6f4-4b9c-98fc-375aeae2c2b3,https://inaturalist-open-data.s3.amazonaws.com/photos/15960000/medium.jpeg,9100,Song Sparrow,data/new_raw/images/28c2608e-f6f4-4b9c-98fc-375aeae2c2b3.jpg
310cddd5-0f68-4505-8853-4a5311d365b1,https://inaturalist-open-data.s3.amazonaws.com/photos/15960047/medium.jpeg,18463,Yellow-bellied Sapsucker,data/new_raw/images/310cddd5-0f68-4505-8853-4a5311d365b1.jpg
e3ea99f4-d6ae-448d-ba35-b21680d852fe,https://inaturalist-open-data.s3.amazonaws.com/photos/15960091/medium.jpeg,145245,Yellow-rumped Warbler,data/new_raw/images/e3ea99f4-d6ae-448d-ba35-b21680d852fe.jpg
067ea441-4d64-43d7-8043-4db5af8a11fe,https://inaturalist-open-data.s3.amazonaws.com/photos/15960103/medium.jpeg,6996,Red-breasted Merganser,data/new_raw/images/067ea441-4d64-43d7-8043-4db5af8a11fe.jpg
72bf92cb-3d30-4abf-a67c-2b03e9c52735,https://inaturalist-open-data.s3.amazonaws.com/photos/15960570/medium.jpeg,10373,Brown-headed Cowbird,data/new_raw/images/72bf92cb-3d30-4abf-a67c-2b03e9c52735.jpg
20e2279d-b728-4fd0-b0d8-bdbafcea277e,https://inaturalist-open-data.s3.amazonaws.com/photos/15960584/medium.jpeg,12890,Hermit Thrush,data/new_raw/images/20e2279d-b728-4fd0-b0d8-bdbafcea277e.jpg
23f716de-3981-45de-89c0-4419424f610c,https://inaturalist-open-data.s3.amazonaws.com/photos/15960695/medium.jpeg,9100,Song Sparrow,data/new_raw/images/23f716de-3981-45de-89c0-4419424f610c.jpg
04689664-48be-4f97-a9a0-5219644f88d9,https://inaturalist-open-data.s3.amazonaws.com/photos/15960709/medium.jpeg,1454382,Double-crested Cormorant,data/new_raw/images/04689664-48be-4f97-a9a0-5219644f88d9.jpg
edba396f-4645-46a0-ba6e-bf784816b540,https://inaturalist-open-data.s3.amazonaws.com/photos/15960737/medium.jpeg,7089,Canada Goose,data/new_raw/images/edba396f-4645-46a0-ba6e-bf784816b540.jpg
e7d73b00-4a90-4028-b8c4-8979ad7c9af4,https://inaturalist-open-data.s3.amazonaws.com/photos/15960749/medium.jpeg,1289388,Ruby-crowned Kinglet,data/new_raw/images/e7d73b00-4a90-4028-b8c4-8979ad7c9af4.jpg
b6f438d2-2c19-48d7-81a0-7ad339a59a96,https://inaturalist-open-data.s3.amazonaws.com/photos/15960796/medium.jpeg,9100,Song Sparrow,data/new_raw/images/b6f438d2-2c19-48d7-81a0-7ad339a59a96.jpg
2c45a5bc-335c-4457-b6ea-794ecd45599d,https://inaturalist-open-data.s3.amazonaws.com/photos/15960804/medium.jpeg,4626,Common Loon,data/new_raw/images/2c45a5bc-335c-4457-b6ea-794ecd45599d.jpg
3c5e3829-248b-4eb6-8021-bb5a697d4437,https://inaturalist-open-data.s3.amazonaws.com/photos/15960830/medium.jpeg,1289388,Ruby-crowned Kinglet,data/new_raw/images/3c5e3829-248b-4eb6-8021-bb5a697d4437.jpg
1f3790aa-5174-4c21-bdf8-22b9be220b66,https://inaturalist-open-data.s3.amazonaws.com/photos/15960886/medium.jpeg,145245,Yellow-rumped Warbler,data/new_raw/images/1f3790aa-5174-4c21-bdf8-22b9be220b66.jpg
eb140e7d-b63d-4346-b70f-25055b3c95b6,https://inaturalist-open-data.s3.amazonaws.com/photos/15960904/medium.jpeg,17008,Eastern Phoebe,data/new_raw/images/eb140e7d-b63d-4346-b70f-25055b3c95b6.jpg
e78c4265-aefc-4090-b087-eb83525a5e68,https://inaturalist-open-data.s3.amazonaws.com/photos/15960930/medium.jpeg,18463,Yellow-bellied Sapsucker,data/new_raw/images/e78c4265-aefc-4090-b087-eb83525a5e68.jpg
b8fa7020-3f75-474e-a474-0afe4304ec09,https://inaturalist-open-data.s3.amazonaws.com/photos/15961039/medium.jpeg,17008,Eastern Phoebe,data/new_raw/images/b8fa7020-3f75-474e-a474-0afe4304ec09.jpg
abab0f99-f30e-4535-ad8d-8eaade5a5d74,https://inaturalist-open-data.s3.amazonaws.com/photos/15961097/medium.jpeg,4364,Ring-billed Gull,data/new_raw/images/abab0f99-f30e-4535-ad8d-8eaade5a5d74.jpg
eadfe5ea-c2bf-40a3-ace3-d72cebc4a073,https://inaturalist-open-data.s3.amazonaws.com/photos/15961120/medium.jpeg,7047,Greater Scaup,data/new_raw/images/eadfe5ea-c2bf-40a3-ace3-d72cebc4a073.jpg
2b0e2f6b-818b-45b8-b0d4-b0a2626f7e58,https://inaturalist-open-data.s3.amazonaws.com/photos/15961128/medium.jpeg,7047,Greater Scaup,data/new_raw/images/2b0e2f6b-818b-45b8-b0d4-b0a2626f7e58.jpg
767e28d5-6e03-4dfa-9c83-c1d21e87d1a8,https://inaturalist-open-data.s3.amazonaws.com/photos/15961140/medium.jpeg,1454382,Double-crested Cormorant,data/new_raw/images/767e28d5-6e03-4dfa-9c83-c1d21e87d1a8.jpg
5fa9ac7f-8a62-42cb-b94f-7b9f292ee7a0,https://inaturalist-open-data.s3.amazonaws.com/photos/15961160/medium.jpeg,7047,Greater Scaup,data/new_raw/images/5fa9ac7f-8a62-42cb-b94f-7b9f292ee7a0.jpg
67aac913-69aa-4b9b-aff0-3d4107cf2b2d,https://inaturalist-open-data.s3.amazonaws.com/photos/15961178/medium.jpeg,473,American Coot,data/new_raw/images/67aac913-69aa-4b9b-aff0-3d4107cf2b2d.jpg
90d43371-1bcc-4883-ae50-f9733290aec4,https://inaturalist-open-data.s3.amazonaws.com/photos/15961992/medium.jpeg,9744,Red-winged Blackbird,data/new_raw/images/90d43371-1bcc-4883-ae50-f9733290aec4.jpg
7255ca96-d18d-433b-a13e-57ad248ae62a,https://inaturalist-open-data.s3.amazonaws.com/photos/15962013/medium.jpeg,9744,Red-winged Blackbird,data/new_raw/images/7255ca96-d18d-433b-a13e-57ad248ae62a.jpg
27fbdbe7-59c9-4b8f-81d8-93c712139813,https://inaturalist-open-data.s3.amazonaws.com/photos/15962027/medium.jpeg,117100,Golden-crowned Kinglet,data/new_raw/images/27fbdbe7-59c9-4b8f-81d8-93c712139813.jpg
b26f4690-05f1-487c-8a2c-fa19430853aa,https://inaturalist-open-data.s3.amazonaws.com/photos/15962041/medium.jpeg,10094,Dark-eyed Junco,data/new_raw/images/b26f4690-05f1-487c-8a2c-fa19430853aa.jpg
0b7935f3-c787-4737-a63e-15618841adeb,https://inaturalist-open-data.s3.amazonaws.com/photos/15962055/medium.jpeg,9096,Swamp Sparrow,data/new_raw/images/0b7935f3-c787-4737-a63e-15618841adeb.jpg
7427cfe0-458c-4aee-9289-c39b09cba5d7,https://inaturalist-open-data.s3.amazonaws.com/photos/15962091/medium.jpeg,9744,Red-winged Blackbird,data/new_raw/images/7427cfe0-458c-4aee-9289-c39b09cba5d7.jpg
daa36dc9-b594-4db8-b1f7-e111aa856180,https://inaturalist-open-data.s3.amazonaws.com/photos/15962121/medium.jpeg,9096,Swamp Sparrow,data/new_raw/images/daa36dc9-b594-4db8-b1f7-e111aa856180.jpg
a9bb519c-f518-430a-9f8e-dac3d782e072,https://inaturalist-open-data.s3.amazonaws.com/photos/15962156/medium.jpeg,46017,Eastern Gray Squirrel,data/new_raw/images/a9bb519c-f518-430a-9f8e-dac3d782e072.jpg
f4c196fb-77e2-4b9d-90dc-a07b5350f273,https://inaturalist-open-data.s3.amazonaws.com/photos/15962185/medium.jpeg,12890,Hermit Thrush,data/new_raw/images/f4c196fb-77e2-4b9d-90dc-a07b5350f273.jpg
aedf268d-1300-4a20-8b27-7df9c79cc93b,https://inaturalist-open-data.s3.amazonaws.com/photos/15962215/medium.jpeg,10094,Dark-eyed Junco,data/new_raw/images/aedf268d-1300-4a20-8b27-7df9c79cc93b.jpg
10a4fc34-de37-407b-bdee-6515fe073283,https://inaturalist-open-data.s3.amazonaws.com/photos/15962235/medium.jpeg,1289388,Ruby-crowned Kinglet,data/new_raw/images/10a4fc34-de37-407b-bdee-6515fe073283.jpg
bc8f542b-aca0-4467-b79d-310da12347b8,https://inaturalist-open-data.s3.amazonaws.com/photos/15962251/medium.jpeg,9083,Northern Cardinal,data/new_raw/images/bc8f542b-aca0-4467-b79d-310da12347b8.jpg
a3a12232-92aa-44a9-9c46-a77bca8f8be2,https://inaturalist-open-data.s3.amazonaws.com/photos/15962262/medium.jpeg,18463,Yellow-bellied Sapsucker,data/new_raw/images/a3a12232-92aa-44a9-9c46-a77bca8f8be2.jpg
6b8f6699-35fb-4372-9a49-6435b23e2ba2,https://inaturalist-open-data.s3.amazonaws.com/photos/15962278/medium.jpeg,117100,Golden-crowned Kinglet,data/new_raw/images/6b8f6699-35fb-4372-9a49-6435b23e2ba2.jpg
9dd4801a-9284-4654-8951-6d1ff92b9c24,https://inaturalist-open-data.s3.amazonaws.com/photos/15962350/medium.jpeg,6996,Red-breasted Merganser,data/new_raw/images/9dd4801a-9284-4654-8951-6d1ff92b9c24.jpg
88bc7872-285b-45db-ba46-8d4b7851a58b,https://inaturalist-open-data.s3.amazonaws.com/photos/15962378/medium.jpeg,4209,Horned Grebe,data/new_raw/images/88bc7872-285b-45db-ba46-8d4b7851a58b.jpg
719f5cfa-a6d4-433a-a2ae-b8578bb5fad1,https://inaturalist-open-data.s3.amazonaws.com/photos/15962401/medium.jpeg,6996,Red-breasted Merganser,data/new_raw/images/719f5cfa-a6d4-433a-a2ae-b8578bb5fad1.jpg
335b9ace-74f6-4cbb-a2fe-c8de649ef3ea,https://inaturalist-open-data.s3.amazonaws.com/photos/15962435/medium.jpeg,12942,Eastern Bluebird,data/new_raw/images/335b9ace-74f6-4cbb-a2fe-c8de649ef3ea.jpg
feb9fe6f-0358-48d3-bd02-950441f59f7b,https://inaturalist-open-data.s3.amazonaws.com/photos/15962445/medium.jpeg,12942,Eastern Bluebird,data/new_raw/images/feb9fe6f-0358-48d3-bd02-950441f59f7b.jpg
3f438ab3-a270-47f8-bc1c-f0554b6b1388,https://inaturalist-open-data.s3.amazonaws.com/photos/15962501/medium.jpeg,9100,Song Sparrow,data/new_raw/images/3f438ab3-a270-47f8-bc1c-f0554b6b1388.jpg
034c9db3-f0c8-419e-813a-a3a15eadc74c,https://inaturalist-open-data.s3.amazonaws.com/photos/15962527/medium.jpeg,9100,Song Sparrow,data/new_raw/images/034c9db3-f0c8-419e-813a-a3a15eadc74c.jpg
53e2b30f-967c-456f-96f9-c7734ff7ff42,https://inaturalist-open-data.s3.amazonaws.com/photos/15962538/medium.jpeg,13858,House Sparrow,data/new_raw/images/53e2b30f-967c-456f-96f9-c7734ff7ff42.jpg
ea77344d-a9bf-400f-9f2c-2c2d8f82c7a6,https://inaturalist-open-data.s3.amazonaws.com/photos/15962552/medium.jpeg,9602,Common Grackle,data/new_raw/images/ea77344d-a9bf-400f-9f2c-2c2d8f82c7a6.jpg
cd1ec502-e02d-4589-8c4f-b53cb7cb68e3,https://inaturalist-open-data.s3.amazonaws.com/photos/15962610/medium.jpeg,14850,European Starling,data/new_raw/images/cd1ec502-e02d-4589-8c4f-b53cb7cb68e3.jpg
ecfa6a8e-fe0e-4763-8d7b-0e60e67c5b05,https://inaturalist-open-data.s3.amazonaws.com/photos/15962623/medium.jpeg,10094,Dark-eyed Junco,data/new_raw/images/ecfa6a8e-fe0e-4763-8d7b-0e60e67c5b05.jpg
0420383b-5b69-4651-9f79-d2947f55c047,https://inaturalist-open-data.s3.amazonaws.com/photos/15962641/medium.jpeg,9096,Swamp Sparrow,data/new_raw/images/0420383b-5b69-4651-9f79-d2947f55c047.jpg
857580a2-f8c3-482b-9bf2-4091091c434a,https://inaturalist-open-data.s3.amazonaws.com/photos/15962663/medium.jpeg,9602,Common Grackle,data/new_raw/images/857580a2-f8c3-482b-9bf2-4091091c434a.jpg
72a5e02a-0100-4b6a-9434-1159b2916043,https://inaturalist-open-data.s3.amazonaws.com/photos/15962720/medium.jpeg,792988,Downy Woodpecker,data/new_raw/images/72a5e02a-0100-4b6a-9434-1159b2916043.jpg
aa94460d-53cc-4851-a7a1-7af1ee3bef0f,https://inaturalist-open-data.s3.amazonaws.com/photos/15962744/medium.jpeg,10094,Dark-eyed Junco,data/new_raw/images/aa94460d-53cc-4851-a7a1-7af1ee3bef0f.jpg
f3775c37-bb0f-4474-a271-4a4693128bf4,https://inaturalist-open-data.s3.amazonaws.com/photos/15962772/medium.jpeg,9602,Common Grackle,data/new_raw/images/f3775c37-bb0f-4474-a271-4a4693128bf4.jpg
7602d50e-6085-4909-be59-9008784caff4,https://inaturalist-open-data.s3.amazonaws.com/photos/15962791/medium.jpeg,9424,Eastern Towhee,data/new_raw/images/7602d50e-6085-4909-be59-9008784caff4.jpg
fbb55633-8cbf-4c70-8028-3a4e388bfb61,https://inaturalist-open-data.s3.amazonaws.com/photos/15962802/medium.jpeg,9100,Song Sparrow,data/new_raw/images/fbb55633-8cbf-4c70-8028-3a4e388bfb61.jpg
53896669-0f03-46ae-a4d6-7aed58db5e8d,https://inaturalist-open-data.s3.amazonaws.com/photos/15962830/medium.jpeg,9424,Eastern Towhee,data/new_raw/images/53896669-0f03-46ae-a4d6-7aed58db5e8d.jpg
4ae71fcc-582a-46d0-8ea9-3a2265cb8026,https://inaturalist-open-data.s3.amazonaws.com/photos/15962875/medium.jpeg,9100,Song Sparrow,data/new_raw/images/4ae71fcc-582a-46d0-8ea9-3a2265cb8026.jpg
fa2dfca4-418d-42db-9def-213b642349b0,https://inaturalist-open-data.s3.amazonaws.com/photos/15962931/medium.jpeg,46217,Eastern Chipmunk,data/new_raw/images/fa2dfca4-418d-42db-9def-213b642349b0.jpg
c2a9bb9f-0e88-42d2-a233-cae9457d2a7a,https://inaturalist-open-data.s3.amazonaws.com/photos/15962956/medium.jpeg,18463,Yellow-bellied Sapsucker,data/new_raw/images/c2a9bb9f-0e88-42d2-a233-cae9457d2a7a.jpg
5684caa5-1e9d-4247-9ff7-c5ae8502147c,https://inaturalist-open-data.s3.amazonaws.com/photos/15962970/medium.jpeg,145245,Yellow-rumped Warbler,data/new_raw/images/5684caa5-1e9d-4247-9ff7-c5ae8502147c.jpg
e2ca8aaa-c008-46c0-b0bb-5c64231cdeac,https://inaturalist-open-data.s3.amazonaws.com/photos/15962996/medium.jpeg,792988,Downy Woodpecker,data/new_raw/images/e2ca8aaa-c008-46c0-b0bb-5c64231cdeac.jpg
b21ae70f-c408-47d8-9a25-6604695acb9f,https://inaturalist-open-data.s3.amazonaws.com/photos/15963014/medium.jpeg,12727,American Robin,data/new_raw/images/b21ae70f-c408-47d8-9a25-6604695acb9f.jpg
8e2fdf78-5ab8-422f-9dd6-59311c288502,https://inaturalist-open-data.s3.amazonaws.com/photos/15963035/medium.jpeg,12727,American Robin,data/new_raw/images/8e2fdf78-5ab8-422f-9dd6-59311c288502.jpg
7ee6c3fb-69d4-444e-8d29-3f6e8c1f0e62,https://inaturalist-open-data.s3.amazonaws.com/photos/15963073/medium.jpeg,6996,Red-breasted Merganser,data/new_raw/images/7ee6c3fb-69d4-444e-8d29-3f6e8c1f0e62.jpg
520cfa64-39b1-44d8-9fd1-ec82aa8989c2,https://inaturalist-open-data.s3.amazonaws.com/photos/15963118/medium.jpeg,6996,Red-breasted Merganser,data/new_raw/images/520cfa64-39b1-44d8-9fd1-ec82aa8989c2.jpg
18344200-08e7-413b-9fe4-4cdd9a37fd54,https://inaturalist-open-data.s3.amazonaws.com/photos/15963198/medium.jpeg,11970,Northern Rough-winged Swallow,data/new_raw/images/18344200-08e7-413b-9fe4-4cdd9a37fd54.jpg
16abaca6-11a0-466a-8ce5-c04c4ac357a7,https://inaturalist-open-data.s3.amazonaws.com/photos/15963212/medium.jpeg,4364,Ring-billed Gull,data/new_raw/images/16abaca6-11a0-466a-8ce5-c04c4ac357a7.jpg
a021d031-4ce8-4b9d-b8a1-c830607b629d,https://inaturalist-open-data.s3.amazonaws.com/photos/15963232/medium.jpeg,4364,Ring-billed Gull,data/new_raw/images/a021d031-4ce8-4b9d-b8a1-c830607b629d.jpg
ada43364-5f8c-4264-85eb-a2213c35facd,https://inaturalist-open-data.s3.amazonaws.com/photos/15963247/medium.jpeg,474210,American Tree Sparrow,data/new_raw/images/ada43364-5f8c-4264-85eb-a2213c35facd.jpg
5ee19f23-f910-44bb-830c-7c74ca36b0d2,https://inaturalist-open-data.s3.amazonaws.com/photos/15963275/medium.jpeg,6930,Mallard,data/new_raw/images/5ee19f23-f910-44bb-830c-7c74ca36b0d2.jpg
8a5ea7b9-add9-4f38-8914-d9495a7a9c5f,https://inaturalist-open-data.s3.amazonaws.com/photos/15963294/medium.jpeg,17008,Eastern Phoebe,data/new_raw/images/8a5ea7b9-add9-4f38-8914-d9495a7a9c5f.jpg
da02150d-5f22-4026-96be-bfe8d5463746,https://inaturalist-open-data.s3.amazonaws.com/photos/15963315/medium.jpeg,4793,Killdeer,data/new_raw/images/da02150d-5f22-4026-96be-bfe8d5463746.jpg
4ac7a5d7-22cc-4285-bf9a-3a00103cd76e,https://inaturalist-open-data.s3.amazonaws.com/photos/15963379/medium.jpeg,9135,Chipping Sparrow,data/new_raw/images/4ac7a5d7-22cc-4285-bf9a-3a00103cd76e.jpg
a37d3224-1671-4389-a3d9-1cfb2e14062d,https://inaturalist-open-data.s3.amazonaws.com/photos/15963449/medium.jpeg,474210,American Tree Sparrow,data/new_raw/images/a37d3224-1671-4389-a3d9-1cfb2e14062d.jpg
9650b196-5951-4506-a9f6-3069b4aca58f,https://inaturalist-open-data.s3.amazonaws.com/photos/15963467/medium.jpeg,11935,Tree Swallow,data/new_raw/images/9650b196-5951-4506-a9f6-3069b4aca58f.jpg
81f66ee3-e902-4979-a621-09e075aba65f,https://inaturalist-open-data.s3.amazonaws.com/photos/15963474/medium.jpeg,17008,Eastern Phoebe,data/new_raw/images/81f66ee3-e902-4979-a621-09e075aba65f.jpg
09765a86-178d-4f65-92eb-01fdfca72a28,https://inaturalist-open-data.s3.amazonaws.com/photos/15963497/medium.jpeg,11935,Tree Swallow,data/new_raw/images/09765a86-178d-4f65-92eb-01fdfca72a28.jpg
bf22a57e-c169-43c8-bf0c-5881dbe466f8,https://inaturalist-open-data.s3.amazonaws.com/photos/15963551/medium.jpeg,14850,European Starling,data/new_raw/images/bf22a57e-c169-43c8-bf0c-5881dbe466f8.jpg
588ceeb4-aa38-4739-a67d-97a54efb939d,https://inaturalist-open-data.s3.amazonaws.com/photos/15963570/medium.jpeg,14898,Brown Thrasher,data/new_raw/images/588ceeb4-aa38-4739-a67d-97a54efb939d.jpg
3d85cc18-3956-4e18-aa75-d36617c0e252,https://inaturalist-open-data.s3.amazonaws.com/photos/15963590/medium.jpeg,145245,Yellow-rumped Warbler,data/new_raw/images/3d85cc18-3956-4e18-aa75-d36617c0e252.jpg
5552c5fc-99cd-45fb-9454-e2636b0c1012,https://inaturalist-open-data.s3.amazonaws.com/photos/15963629/medium.jpeg,555736,Northern Yellow-shafted Flicker,data/new_raw/images/5552c5fc-99cd-45fb-9454-e2636b0c1012.jpg
f7ec8433-a677-4eab-93be-2d64d30ebbce,https://inaturalist-open-data.s3.amazonaws.com/photos/15963646/medium.jpeg,555736,Northern Yellow-shafted Flicker,data/new_raw/images/f7ec8433-a677-4eab-93be-2d64d30ebbce.jpg
61dba202-10b7-42b7-9cbf-7506d79568bd,https://inaturalist-open-data.s3.amazonaws.com/photos/15963665/medium.jpeg,144883,Winter Wren,data/new_raw/images/61dba202-10b7-42b7-9cbf-7506d79568bd.jpg
ed7eb474-e89e-4de1-8a05-2113f2c8748b,https://inaturalist-open-data.s3.amazonaws.com/photos/15963709/medium.jpeg,12890,Hermit Thrush,data/new_raw/images/ed7eb474-e89e-4de1-8a05-2113f2c8748b.jpg
735ef16d-592c-4a29-8446-736a4a98ee58,https://inaturalist-open-data.s3.amazonaws.com/photos/15963726/medium.jpeg,555736,Northern Yellow-shafted Flicker,data/new_raw/images/735ef16d-592c-4a29-8446-736a4a98ee58.jpg
701640a2-f826-4a00-8c2d-97d746bd3271,https://inaturalist-open-data.s3.amazonaws.com/photos/15963741/medium.jpeg,145245,Yellow-rumped Warbler,data/new_raw/images/701640a2-f826-4a00-8c2d-97d746bd3271.jpg
1e39ebab-556f-4356-9c39-2e0804ff06ab,https://inaturalist-open-data.s3.amazonaws.com/photos/15963770/medium.jpeg,12727,American Robin,data/new_raw/images/1e39ebab-556f-4356-9c39-2e0804ff06ab.jpg
5fe96691-9b5b-482a-9461-6ec08cf8235a,https://inaturalist-open-data.s3.amazonaws.com/photos/15972211/medium.jpg,145236,Bay-breasted Warbler,data/new_raw/images/5fe96691-9b5b-482a-9461-6ec08cf8235a.jpg
fe32f90f-9656-4411-84e4-8a69bb67edb8,https://inaturalist-open-data.s3.amazonaws.com/photos/15973880/medium.jpeg,8229,Blue Jay,data/new_raw/images/fe32f90f-9656-4411-84e4-8a69bb67edb8.jpg
a5c4f80d-7c98-44e7-871d-d9e1dcef8ed7,https://inaturalist-open-data.s3.amazonaws.com/photos/15976622/medium.jpg,18463,Yellow-bellied Sapsucker,data/new_raw/images/a5c4f80d-7c98-44e7-871d-d9e1dcef8ed7.jpg
728b030d-6215-47b3-a659-dc026c044f19,https://inaturalist-open-data.s3.amazonaws.com/photos/15976910/medium.jpg,6996,Red-breasted Merganser,data/new_raw/images/728b030d-6215-47b3-a659-dc026c044f19.jpg
411741e6-5e21-483b-8b59-e40edfdabfd5,https://inaturalist-open-data.s3.amazonaws.com/photos/15992894/medium.jpeg,7089,Canada Goose,data/new_raw/images/411741e6-5e21-483b-8b59-e40edfdabfd5.jpg
fb427fd2-d0ee-4f62-a633-5cabcf553586,https://inaturalist-open-data.s3.amazonaws.com/photos/15993180/medium.jpeg,14850,European Starling,data/new_raw/images/fb427fd2-d0ee-4f62-a633-5cabcf553586.jpg
1ec01677-19fe-42c7-a815-266ab92efb9b,https://inaturalist-open-data.s3.amazonaws.com/photos/15993236/medium.jpeg,18463,Yellow-bellied Sapsucker,data/new_raw/images/1ec01677-19fe-42c7-a815-266ab92efb9b.jpg
2d561644-1e6c-409b-afc5-d3d12b51f46e,https://inaturalist-open-data.s3.amazonaws.com/photos/15993352/medium.jpeg,12890,Hermit Thrush,data/new_raw/images/2d561644-1e6c-409b-afc5-d3d12b51f46e.jpg
14511869-94a7-47be-bc68-c23a26100f11,https://inaturalist-open-data.s3.amazonaws.com/photos/15993426/medium.jpeg,18236,Northern Flicker,data/new_raw/images/14511869-94a7-47be-bc68-c23a26100f11.jpg
bbbd36c1-878e-4ada-bb23-a82d33e39d96,https://inaturalist-open-data.s3.amazonaws.com/photos/15993491/medium.jpeg,9156,Fox Sparrow,data/new_raw/images/bbbd36c1-878e-4ada-bb23-a82d33e39d96.jpg
f956691c-dd8f-4e46-ab7e-bd255c20b943,https://inaturalist-open-data.s3.amazonaws.com/photos/15993589/medium.jpeg,9096,Swamp Sparrow,data/new_raw/images/f956691c-dd8f-4e46-ab7e-bd255c20b943.jpg
04661622-3f02-42b1-b0bd-7e65d3710cbf,https://static.inaturalist.org/photos/16015429/medium.jpg,6996,Red-breasted Merganser,data/new_raw/images/04661622-3f02-42b1-b0bd-7e65d3710cbf.jpg
46e8f14d-638d-4e0b-8dc6-53c868c95fea,https://static.inaturalist.org/photos/16015445/medium.jpg,9424,Eastern Towhee,data/new_raw/images/46e8f14d-638d-4e0b-8dc6-53c868c95fea.jpg
bf836d07-b0ae-482b-958b-101c12934490,https://inaturalist-open-data.s3.amazonaws.com/photos/16030714/medium.jpg,18236,Northern Flicker,data/new_raw/images/bf836d07-b0ae-482b-958b-101c12934490.jpg
1e878d96-3586-48d4-9c24-917b479070fe,https://static.inaturalist.org/photos/16028011/medium.jpg,6930,Mallard,data/new_raw/images/1e878d96-3586-48d4-9c24-917b479070fe.jpg
e31b1cb4-47bc-4095-b890-c92c3c71b752,https://inaturalist-open-data.s3.amazonaws.com/photos/16030809/medium.jpg,4364,Ring-billed Gull,data/new_raw/images/e31b1cb4-47bc-4095-b890-c92c3c71b752.jpg
abfb0341-0dbf-46cd-9998-b025e154d3f7,https://inaturalist-open-data.s3.amazonaws.com/photos/16031195/medium.jpg,43111,Eastern Cottontail,data/new_raw/images/abfb0341-0dbf-46cd-9998-b025e154d3f7.jpg
dc9bce0e-fe6c-4d2a-8e4a-1ae42c51ba81,https://inaturalist-open-data.s3.amazonaws.com/photos/16036254/medium.jpg,7107,Wood Duck,data/new_raw/images/dc9bce0e-fe6c-4d2a-8e4a-1ae42c51ba81.jpg
2ee87da4-5701-4415-877e-a8e14c0ff34b,https://inaturalist-open-data.s3.amazonaws.com/photos/16038737/medium.jpg,43111,Eastern Cottontail,data/new_raw/images/2ee87da4-5701-4415-877e-a8e14c0ff34b.jpg
a9bffc5c-9c73-4dfc-b1b1-24c233005cb2,https://inaturalist-open-data.s3.amazonaws.com/photos/16049285/medium.jpg,144815,Black-capped Chickadee,data/new_raw/images/a9bffc5c-9c73-4dfc-b1b1-24c233005cb2.jpg
ecf623f3-4faa-41f3-832c-b4602232213f,https://inaturalist-open-data.s3.amazonaws.com/photos/16049364/medium.jpg,9424,Eastern Towhee,data/new_raw/images/ecf623f3-4faa-41f3-832c-b4602232213f.jpg
431a7179-26a8-4d7d-915f-4af9941c04c4,https://inaturalist-open-data.s3.amazonaws.com/photos/16049480/medium.jpg,46017,Eastern Gray Squirrel,data/new_raw/images/431a7179-26a8-4d7d-915f-4af9941c04c4.jpg
133d67c3-8a14-41f7-8b71-1dbf8efc9b80,https://inaturalist-open-data.s3.amazonaws.com/photos/16049519/medium.jpg,9156,Fox Sparrow,data/new_raw/images/133d67c3-8a14-41f7-8b71-1dbf8efc9b80.jpg
0ffbe3f0-3f1e-4a44-a6eb-e8a8ba870f9c,https://inaturalist-open-data.s3.amazonaws.com/photos/16049578/medium.jpg,9096,Swamp Sparrow,data/new_raw/images/0ffbe3f0-3f1e-4a44-a6eb-e8a8ba870f9c.jpg
e7abeabc-06c1-4613-b387-b6574ab7c5db,https://inaturalist-open-data.s3.amazonaws.com/photos/16049645/medium.jpg,12727,American Robin,data/new_raw/images/e7abeabc-06c1-4613-b387-b6574ab7c5db.jpg
c48a7d0f-e28f-4d03-84e6-7a23ec0b5504,https://inaturalist-open-data.s3.amazonaws.com/photos/16049701/medium.jpg,14898,Brown Thrasher,data/new_raw/images/c48a7d0f-e28f-4d03-84e6-7a23ec0b5504.jpg
d37993e5-dad4-45f0-9f41-3f05702d2276,https://inaturalist-open-data.s3.amazonaws.com/photos/16049712/medium.jpg,6996,Red-breasted Merganser,data/new_raw/images/d37993e5-dad4-45f0-9f41-3f05702d2276.jpg
c0aa4805-f6ea-41f7-a340-01fac92b3cac,https://inaturalist-open-data.s3.amazonaws.com/photos/16049774/medium.jpg,9184,White-throated Sparrow,data/new_raw/images/c0aa4805-f6ea-41f7-a340-01fac92b3cac.jpg
a2096244-09f8-4b72-8d8a-d81580715c97,https://inaturalist-open-data.s3.amazonaws.com/photos/16049841/medium.jpg,18236,Northern Flicker,data/new_raw/images/a2096244-09f8-4b72-8d8a-d81580715c97.jpg
f59f4b14-4b73-43c2-9291-ff1b0485c476,https://static.inaturalist.org/photos/16049869/medium.jpg,43111,Eastern Cottontail,data/new_raw/images/f59f4b14-4b73-43c2-9291-ff1b0485c476.jpg
bad602da-8c2d-46d8-8d86-9bff268b336a,https://inaturalist-open-data.s3.amazonaws.com/photos/16049882/medium.jpg,792988,Downy Woodpecker,data/new_raw/images/bad602da-8c2d-46d8-8d86-9bff268b336a.jpg
5adc8fde-4e7a-4250-b1fe-077ff0c5212e,https://inaturalist-open-data.s3.amazonaws.com/photos/16049931/medium.jpg,7458,Brown Creeper,data/new_raw/images/5adc8fde-4e7a-4250-b1fe-077ff0c5212e.jpg
8c4a7b6a-2b01-4482-a388-39106c39c490,https://inaturalist-open-data.s3.amazonaws.com/photos/16050019/medium.jpg,4209,Horned Grebe,data/new_raw/images/8c4a7b6a-2b01-4482-a388-39106c39c490.jpg
4064a232-285e-4213-bc92-1b0b88ad073c,https://inaturalist-open-data.s3.amazonaws.com/photos/16050390/medium.jpg,6996,Red-breasted Merganser,data/new_raw/images/4064a232-285e-4213-bc92-1b0b88ad073c.jpg
6dbe6001-c971-4ad1-9e85-969114f50c2f,https://inaturalist-open-data.s3.amazonaws.com/photos/16050553/medium.jpg,5212,Red-tailed Hawk,data/new_raw/images/6dbe6001-c971-4ad1-9e85-969114f50c2f.jpg
740ac889-0a5a-43e0-bf0c-4dbac2df5b8c,https://inaturalist-open-data.s3.amazonaws.com/photos/16050588/medium.jpg,4793,Killdeer,data/new_raw/images/740ac889-0a5a-43e0-bf0c-4dbac2df5b8c.jpg
6b591efb-0d8c-47f4-98bc-8b8ea1e8b507,https://inaturalist-open-data.s3.amazonaws.com/photos/16050654/medium.jpg,558433,Blue-winged Teal,data/new_raw/images/6b591efb-0d8c-47f4-98bc-8b8ea1e8b507.jpg
5528b205-977c-428b-89ce-5ac2d22ce388,https://inaturalist-open-data.s3.amazonaws.com/photos/16050731/medium.jpg,4672,Merlin,data/new_raw/images/5528b205-977c-428b-89ce-5ac2d22ce388.jpg
d85ddd13-5b58-44fe-9f37-6677cd631844,https://inaturalist-open-data.s3.amazonaws.com/photos/16050782/medium.jpg,46217,Eastern Chipmunk,data/new_raw/images/d85ddd13-5b58-44fe-9f37-6677cd631844.jpg
0bfaf031-c387-4078-99bc-a76bc6667329,https://inaturalist-open-data.s3.amazonaws.com/photos/16050830/medium.jpg,243,Virginia Rail,data/new_raw/images/0bfaf031-c387-4078-99bc-a76bc6667329.jpg
5409c401-757c-403a-85d0-b72e466609e4,https://inaturalist-open-data.s3.amazonaws.com/photos/16054073/medium.jpg,906,Wild Turkey,data/new_raw/images/5409c401-757c-403a-85d0-b72e466609e4.jpg
491f2876-89e0-4560-8297-7c2dcbdf3817,https://inaturalist-open-data.s3.amazonaws.com/photos/16054148/medium.jpg,43794,American Beaver,data/new_raw/images/491f2876-89e0-4560-8297-7c2dcbdf3817.jpg
61d25042-e77f-4a40-b130-c4b08c50d03c,https://inaturalist-open-data.s3.amazonaws.com/photos/16063007/medium.jpg,3936,American Woodcock,data/new_raw/images/61d25042-e77f-4a40-b130-c4b08c50d03c.jpg
12a7a034-c323-4127-a600-14cc31746561,https://inaturalist-open-data.s3.amazonaws.com/photos/16063087/medium.jpg,42652,Virginia Opossum,data/new_raw/images/12a7a034-c323-4127-a600-14cc31746561.jpg
5ee7d3ed-05fd-4b83-80b7-001f7a40c7dd,https://inaturalist-open-data.s3.amazonaws.com/photos/16119880/medium.jpg,4209,Horned Grebe,data/new_raw/images/5ee7d3ed-05fd-4b83-80b7-001f7a40c7dd.jpg
c13e31b7-5941-4e89-9a45-c1cc6fb61400,https://inaturalist-open-data.s3.amazonaws.com/photos/16120035/medium.jpg,473,American Coot,data/new_raw/images/c13e31b7-5941-4e89-9a45-c1cc6fb61400.jpg
7e6cb450-17be-44ec-a4ef-9cd4bf063585,https://inaturalist-open-data.s3.amazonaws.com/photos/16120079/medium.jpg,4364,Ring-billed Gull,data/new_raw/images/7e6cb450-17be-44ec-a4ef-9cd4bf063585.jpg
e9ee6dca-fa37-4740-a170-5498cdea505b,https://inaturalist-open-data.s3.amazonaws.com/photos/16203156/medium.jpg,7089,Canada Goose,data/new_raw/images/e9ee6dca-fa37-4740-a170-5498cdea505b.jpg
4ebe14ea-2e39-4ab3-b2f3-e96cf2f7ce23,https://static.inaturalist.org/photos/16142000/medium.jpg,122767,Feral Pigeon,data/new_raw/images/4ebe14ea-2e39-4ab3-b2f3-e96cf2f7ce23.jpg
2076f16b-0f4f-442d-bdbf-5f86c0c9aa17,https://static.inaturalist.org/photos/16142036/medium.jpg,7089,Canada Goose,data/new_raw/images/2076f16b-0f4f-442d-bdbf-5f86c0c9aa17.jpg
6ce79c22-6aad-45da-a627-a94b4845e969,https://static.inaturalist.org/photos/16142079/medium.jpg,4364,Ring-billed Gull,data/new_raw/images/6ce79c22-6aad-45da-a627-a94b4845e969.jpg
dc28cf5a-5d4f-4326-8603-c5194614b62e,https://static.inaturalist.org/photos/16142207/medium.jpg,9744,Red-winged Blackbird,data/new_raw/images/dc28cf5a-5d4f-4326-8603-c5194614b62e.jpg
ed288ef7-cae8-446d-a0f5-d958bc33a88b,https://static.inaturalist.org/photos/16143671/medium.jpg,9602,Common Grackle,data/new_raw/images/ed288ef7-cae8-446d-a0f5-d958bc33a88b.jpg
18153220-eafb-4f8b-ab27-d8b20a0512bf,https://inaturalist-open-data.s3.amazonaws.com/photos/16148794/medium.jpg,1579017,Cooper's Hawk,data/new_raw/images/18153220-eafb-4f8b-ab27-d8b20a0512bf.jpg
26f2fbb3-33e8-4f19-bb76-9c4861fd6109,https://inaturalist-open-data.s3.amazonaws.com/photos/16149029/medium.jpeg,46017,Eastern Gray Squirrel,data/new_raw/images/26f2fbb3-33e8-4f19-bb76-9c4861fd6109.jpg
38bd0844-aea5-4939-8e14-5b91cdfad56f,https://inaturalist-open-data.s3.amazonaws.com/photos/16149095/medium.jpeg,42223,White-tailed Deer,data/new_raw/images/38bd0844-aea5-4939-8e14-5b91cdfad56f.jpg
1ea478f8-b26c-4caf-8cd5-a0a95587d00f,https://static.inaturalist.org/photos/16149353/medium.jpg,6930,Mallard,data/new_raw/images/1ea478f8-b26c-4caf-8cd5-a0a95587d00f.jpg
d3c10e25-660c-4489-a541-387cc3fe7c5d,https://inaturalist-open-data.s3.amazonaws.com/photos/16149360/medium.jpg,7458,Brown Creeper,data/new_raw/images/d3c10e25-660c-4489-a541-387cc3fe7c5d.jpg
e1aae206-0af0-45cc-897b-eb8fe94d9435,https://inaturalist-open-data.s3.amazonaws.com/photos/16149564/medium.jpg,18236,Northern Flicker,data/new_raw/images/e1aae206-0af0-45cc-897b-eb8fe94d9435.jpg
4a924f62-0418-45f4-9917-af057f505aa4,https://inaturalist-open-data.s3.amazonaws.com/photos/16149621/medium.jpg,17008,Eastern Phoebe,data/new_raw/images/4a924f62-0418-45f4-9917-af057f505aa4.jpg
e6b9bb2b-3774-455f-b6ad-878ea4f6d406,https://inaturalist-open-data.s3.amazonaws.com/photos/16149690/medium.jpg,1289388,Ruby-crowned Kinglet,data/new_raw/images/e6b9bb2b-3774-455f-b6ad-878ea4f6d406.jpg
d24b4d70-d728-437d-9736-ac7b58e0a7ab,https://inaturalist-open-data.s3.amazonaws.com/photos/16149771/medium.jpg,117100,Golden-crowned Kinglet,data/new_raw/images/d24b4d70-d728-437d-9736-ac7b58e0a7ab.jpg
2c5a7398-988b-4828-8cf3-ffd6cb015364,https://inaturalist-open-data.s3.amazonaws.com/photos/16149839/medium.jpg,792988,Downy Woodpecker,data/new_raw/images/2c5a7398-988b-4828-8cf3-ffd6cb015364.jpg
6e779524-e5b9-4281-9998-826399cd7ecb,https://inaturalist-open-data.s3.amazonaws.com/photos/16149927/medium.jpg,18463,Yellow-bellied Sapsucker,data/new_raw/images/6e779524-e5b9-4281-9998-826399cd7ecb.jpg
c9c251d2-6892-4791-99a2-21f2c6a4e721,https://inaturalist-open-data.s3.amazonaws.com/photos/16149997/medium.jpg,9602,Common Grackle,data/new_raw/images/c9c251d2-6892-4791-99a2-21f2c6a4e721.jpg
ee997ea4-4d52-4d9d-a61f-54c00dc651c7,https://inaturalist-open-data.s3.amazonaws.com/photos/16150069/medium.jpg,9744,Red-winged Blackbird,data/new_raw/images/ee997ea4-4d52-4d9d-a61f-54c00dc651c7.jpg
ee82da1f-899a-4f53-84ff-e457c816e3eb,https://inaturalist-open-data.s3.amazonaws.com/photos/16150251/medium.jpg,1289388,Ruby-crowned Kinglet,data/new_raw/images/ee82da1f-899a-4f53-84ff-e457c816e3eb.jpg
58654e4b-97c7-48b1-b9e2-17f9b08499fb,https://inaturalist-open-data.s3.amazonaws.com/photos/16150910/medium.jpg,145245,Yellow-rumped Warbler,data/new_raw/images/58654e4b-97c7-48b1-b9e2-17f9b08499fb.jpg
9a83faba-a22e-4383-808e-aa2da9f747da,https://inaturalist-open-data.s3.amazonaws.com/photos/16150985/medium.jpg,10094,Dark-eyed Junco,data/new_raw/images/9a83faba-a22e-4383-808e-aa2da9f747da.jpg
fe622ef7-11a7-49eb-a841-281638dac198,https://inaturalist-open-data.s3.amazonaws.com/photos/16151192/medium.jpg,46020,Eastern Fox Squirrel,data/new_raw/images/fe622ef7-11a7-49eb-a841-281638dac198.jpg
4d2a11aa-f0fb-4f8f-be97-b664e767fecb,https://inaturalist-open-data.s3.amazonaws.com/photos/16151381/medium.jpg,6930,Mallard,data/new_raw/images/4d2a11aa-f0fb-4f8f-be97-b664e767fecb.jpg
609733e3-ecde-46fb-95fd-da444ca48ad2,https://inaturalist-open-data.s3.amazonaws.com/photos/16152302/medium.jpg,47144,Domestic Dog,data/new_raw/images/609733e3-ecde-46fb-95fd-da444ca48ad2.jpg
6401ee21-d59d-44cf-854b-20f5e21cfce9,https://inaturalist-open-data.s3.amazonaws.com/photos/16152409/medium.jpg,18236,Northern Flicker,data/new_raw/images/6401ee21-d59d-44cf-854b-20f5e21cfce9.jpg
4eee86b9-8736-456b-ba1e-59fefc3b8941,https://inaturalist-open-data.s3.amazonaws.com/photos/16152665/medium.jpg,7089,Canada Goose,data/new_raw/images/4eee86b9-8736-456b-ba1e-59fefc3b8941.jpg
75ebcd67-b0a9-4413-b3d3-658daf68df68,https://static.inaturalist.org/photos/16153857/medium.jpg,9602,Common Grackle,data/new_raw/images/75ebcd67-b0a9-4413-b3d3-658daf68df68.jpg
775338f8-e196-4c7b-952f-11c336567e05,https://inaturalist-open-data.s3.amazonaws.com/photos/16157247/medium.jpeg,7107,Wood Duck,data/new_raw/images/775338f8-e196-4c7b-952f-11c336567e05.jpg
fe5ae54c-4969-4963-8af3-88f3f4a0ae1c,https://inaturalist-open-data.s3.amazonaws.com/photos/16157444/medium.jpeg,18236,Northern Flicker,data/new_raw/images/fe5ae54c-4969-4963-8af3-88f3f4a0ae1c.jpg
b8acdf54-6feb-43aa-acd5-0c076bdaf116,https://static.inaturalist.org/photos/16161480/medium.jpg,145242,Palm Warbler,data/new_raw/images/b8acdf54-6feb-43aa-acd5-0c076bdaf116.jpg
18bb04f1-6cca-4b20-9e09-676728d395c0,https://static.inaturalist.org/photos/16161482/medium.jpg,10286,Black-and-white Warbler,data/new_raw/images/18bb04f1-6cca-4b20-9e09-676728d395c0.jpg
bc5b8fea-5093-4876-8cc0-76eb5e4200fd,https://static.inaturalist.org/photos/16161486/medium.jpg,5034,American Bittern,data/new_raw/images/bc5b8fea-5093-4876-8cc0-76eb5e4200fd.jpg
f738f8b5-230d-44a3-a2d8-95298e884131,https://static.inaturalist.org/photos/16161492/medium.jpg,73149,Northern Waterthrush,data/new_raw/images/f738f8b5-230d-44a3-a2d8-95298e884131.jpg
b235431d-2123-4bf1-86b7-c81a39d78069,https://static.inaturalist.org/photos/16168478/medium.jpg,43111,Eastern Cottontail,data/new_raw/images/b235431d-2123-4bf1-86b7-c81a39d78069.jpg
e8f195a3-9e16-47ba-b8db-522fd51804c6,https://static.inaturalist.org/photos/16172524/medium.jpg,42223,White-tailed Deer,data/new_raw/images/e8f195a3-9e16-47ba-b8db-522fd51804c6.jpg
db9e8255-3929-4300-a006-4d3b05d356d2,https://inaturalist-open-data.s3.amazonaws.com/photos/16181175/medium.jpeg,42223,White-tailed Deer,data/new_raw/images/db9e8255-3929-4300-a006-4d3b05d356d2.jpg
7f1d4199-9f56-43df-961e-8d789212315d,https://inaturalist-open-data.s3.amazonaws.com/photos/16187393/medium.jpeg,4457,Forster's Tern,data/new_raw/images/7f1d4199-9f56-43df-961e-8d789212315d.jpg
f9feb400-38c2-4c6b-805e-6f71ba90bf70,https://inaturalist-open-data.s3.amazonaws.com/photos/16190248/medium.jpeg,9096,Swamp Sparrow,data/new_raw/images/f9feb400-38c2-4c6b-805e-6f71ba90bf70.jpg
82e7d68d-1877-4f27-bbdc-0d336e31f374,https://inaturalist-open-data.s3.amazonaws.com/photos/16190255/medium.jpeg,10286,Black-and-white Warbler,data/new_raw/images/82e7d68d-1877-4f27-bbdc-0d336e31f374.jpg
5e74066c-6ff6-4122-b0b1-d38d4c9b2d4a,https://inaturalist-open-data.s3.amazonaws.com/photos/16190257/medium.jpeg,13270,Wood Thrush,data/new_raw/images/5e74066c-6ff6-4122-b0b1-d38d4c9b2d4a.jpg
8dbadd46-38b5-4cab-98e6-729e9b9a4ed9,https://inaturalist-open-data.s3.amazonaws.com/photos/16190262/medium.jpeg,14823,Red-breasted Nuthatch,data/new_raw/images/8dbadd46-38b5-4cab-98e6-729e9b9a4ed9.jpg
69601600-6b2a-431d-9490-8026da1a9780,https://static.inaturalist.org/photos/16190785/medium.jpg,117100,Golden-crowned Kinglet,data/new_raw/images/69601600-6b2a-431d-9490-8026da1a9780.jpg
3dd18638-c036-4142-9859-b3700bff7ce3,https://inaturalist-open-data.s3.amazonaws.com/photos/16191088/medium.jpeg,9083,Northern Cardinal,data/new_raw/images/3dd18638-c036-4142-9859-b3700bff7ce3.jpg
c900be13-4777-4bff-b25e-2a6a9656d5e5,https://inaturalist-open-data.s3.amazonaws.com/photos/16202585/medium.jpeg,13858,House Sparrow,data/new_raw/images/c900be13-4777-4bff-b25e-2a6a9656d5e5.jpg
c1882e6f-1ff3-4def-a467-42e58f23171e,https://inaturalist-open-data.s3.amazonaws.com/photos/16202881/medium.jpeg,12727,American Robin,data/new_raw/images/c1882e6f-1ff3-4def-a467-42e58f23171e.jpg
5e8e3e42-ccb7-4cb1-9abb-aed00e903e02,https://inaturalist-open-data.s3.amazonaws.com/photos/16202726/medium.jpeg,7089,Canada Goose,data/new_raw/images/5e8e3e42-ccb7-4cb1-9abb-aed00e903e02.jpg
791708dd-2daa-405f-8722-43a450eebbd4,https://inaturalist-open-data.s3.amazonaws.com/photos/16203059/medium.jpeg,7089,Canada Goose,data/new_raw/images/791708dd-2daa-405f-8722-43a450eebbd4.jpg
2941bae6-3682-4e61-a089-d44cbd55ebff,https://inaturalist-open-data.s3.amazonaws.com/photos/16203166/medium.jpg,14850,European Starling,data/new_raw/images/2941bae6-3682-4e61-a089-d44cbd55ebff.jpg
2e1679e0-0c2f-4af6-8a25-c3aa70859bcd,https://inaturalist-open-data.s3.amazonaws.com/photos/16204977/medium.jpg,9602,Common Grackle,data/new_raw/images/2e1679e0-0c2f-4af6-8a25-c3aa70859bcd.jpg
74832a42-de64-49c1-a950-d88e04776721,https://inaturalist-open-data.s3.amazonaws.com/photos/16204995/medium.jpg,10094,Dark-eyed Junco,data/new_raw/images/74832a42-de64-49c1-a950-d88e04776721.jpg
33f46b2f-b809-410a-a246-f122927c8343,https://inaturalist-open-data.s3.amazonaws.com/photos/16205057/medium.jpg,18463,Yellow-bellied Sapsucker,data/new_raw/images/33f46b2f-b809-410a-a246-f122927c8343.jpg
1602e1b7-001c-4bbc-b55a-f8cf0bccbe2c,https://inaturalist-open-data.s3.amazonaws.com/photos/16205136/medium.jpg,18463,Yellow-bellied Sapsucker,data/new_raw/images/1602e1b7-001c-4bbc-b55a-f8cf0bccbe2c.jpg
c8349567-89e6-4ee9-831c-aa1596b316a9,https://inaturalist-open-data.s3.amazonaws.com/photos/16205257/medium.jpg,17008,Eastern Phoebe,data/new_raw/images/c8349567-89e6-4ee9-831c-aa1596b316a9.jpg
9f09e231-d4fb-4e01-b534-5f967798f54f,https://inaturalist-open-data.s3.amazonaws.com/photos/16205360/medium.jpg,13858,House Sparrow,data/new_raw/images/9f09e231-d4fb-4e01-b534-5f967798f54f.jpg
0d2a2cec-3375-457c-ad1f-d8c00659af39,https://inaturalist-open-data.s3.amazonaws.com/photos/16213132/medium.jpg,43111,Eastern Cottontail,data/new_raw/images/0d2a2cec-3375-457c-ad1f-d8c00659af39.jpg
8d8b827a-c170-4d68-85cd-0ccf8e4a2d55,https://inaturalist-open-data.s3.amazonaws.com/photos/16205864/medium.jpg,18463,Yellow-bellied Sapsucker,data/new_raw/images/8d8b827a-c170-4d68-85cd-0ccf8e4a2d55.jpg
8dc36a46-9981-424c-9fa6-40e7f8346878,https://static.inaturalist.org/photos/16207468/medium.jpg,6930,Mallard,data/new_raw/images/8dc36a46-9981-424c-9fa6-40e7f8346878.jpg
51d4dfef-9947-411f-90d4-a47e54282251,https://static.inaturalist.org/photos/16208588/medium.jpg,47144,Domestic Dog,data/new_raw/images/51d4dfef-9947-411f-90d4-a47e54282251.jpg
a942afbc-9022-4e49-9f7f-2d7bf6308087,https://inaturalist-open-data.s3.amazonaws.com/photos/16213084/medium.jpg,18463,Yellow-bellied Sapsucker,data/new_raw/images/a942afbc-9022-4e49-9f7f-2d7bf6308087.jpg
12978fa5-4d8a-46fc-a701-1f7ab1bd1073,https://static.inaturalist.org/photos/16216865/medium.jpg,7089,Canada Goose,data/new_raw/images/12978fa5-4d8a-46fc-a701-1f7ab1bd1073.jpg
85feb63b-5cd8-42b0-9ba4-d067fca016e7,https://inaturalist-open-data.s3.amazonaws.com/photos/16232475/medium.jpg,46017,Eastern Gray Squirrel,data/new_raw/images/85feb63b-5cd8-42b0-9ba4-d067fca016e7.jpg
071f4f6b-12a7-43bf-b91f-71e34da522cf,https://static.inaturalist.org/photos/16235061/medium.jpg,122767,Feral Pigeon,data/new_raw/images/071f4f6b-12a7-43bf-b91f-71e34da522cf.jpg
2307b811-ba51-4614-87e6-ec00b967a428,https://static.inaturalist.org/photos/16235576/medium.jpg,4364,Ring-billed Gull,data/new_raw/images/2307b811-ba51-4614-87e6-ec00b967a428.jpg
3a2e6376-11e7-4a31-98b7-8e969d868e47,https://inaturalist-open-data.s3.amazonaws.com/photos/16236094/medium.jpeg,43111,Eastern Cottontail,data/new_raw/images/3a2e6376-11e7-4a31-98b7-8e969d868e47.jpg
5b09dfb0-e6f4-436f-8cc7-13a8bdd5bf7f,https://static.inaturalist.org/photos/16240365/medium.jpg,43111,Eastern Cottontail,data/new_raw/images/5b09dfb0-e6f4-436f-8cc7-13a8bdd5bf7f.jpg
da66c321-3cce-46b8-8dfa-895aa10dca18,https://static.inaturalist.org/photos/16240545/medium.jpg,13858,House Sparrow,data/new_raw/images/da66c321-3cce-46b8-8dfa-895aa10dca18.jpg
5802a973-a5c2-4b31-80d8-ff22e7e4cfec,https://static.inaturalist.org/photos/16240606/medium.jpg,7089,Canada Goose,data/new_raw/images/5802a973-a5c2-4b31-80d8-ff22e7e4cfec.jpg
e24019c0-6ef1-4eaf-88cc-6ce7e32e750b,https://static.inaturalist.org/photos/16240652/medium.jpg,12727,American Robin,data/new_raw/images/e24019c0-6ef1-4eaf-88cc-6ce7e32e750b.jpg
e3fe9067-2a11-4514-8032-4f3e0088dbab,https://static.inaturalist.org/photos/16245048/medium.jpg,122767,Feral Pigeon,data/new_raw/images/e3fe9067-2a11-4514-8032-4f3e0088dbab.jpg
35d28366-9000-4632-9a58-06a48240537e,https://static.inaturalist.org/photos/16247507/medium.jpg,118552,Domestic Cat,data/new_raw/images/35d28366-9000-4632-9a58-06a48240537e.jpg
138cf0ee-2552-419b-93b6-6ddc6a11dec8,https://inaturalist-open-data.s3.amazonaws.com/photos/16248061/medium.jpeg,14850,European Starling,data/new_raw/images/138cf0ee-2552-419b-93b6-6ddc6a11dec8.jpg
87e9a7f9-abaa-462c-ac9a-aca7e0d81bf7,https://static.inaturalist.org/photos/16249674/medium.jpeg,6930,Mallard,data/new_raw/images/87e9a7f9-abaa-462c-ac9a-aca7e0d81bf7.jpg
b6a63631-67ed-417b-8f65-e656e79ed6e8,https://static.inaturalist.org/photos/16252602/medium.jpg,18463,Yellow-bellied Sapsucker,data/new_raw/images/b6a63631-67ed-417b-8f65-e656e79ed6e8.jpg
31de8486-ef78-40ef-a8a8-99a78a9a04bc,https://static.inaturalist.org/photos/16259189/medium.jpeg,12727,American Robin,data/new_raw/images/31de8486-ef78-40ef-a8a8-99a78a9a04bc.jpg
7aa1df95-c01e-4092-b2bc-95cf66f797a4,https://static.inaturalist.org/photos/16259274/medium.jpeg,43111,Eastern Cottontail,data/new_raw/images/7aa1df95-c01e-4092-b2bc-95cf66f797a4.jpg
923dd2a6-1ebc-476e-8404-b4661d34ad4b,https://inaturalist-open-data.s3.amazonaws.com/photos/16259517/medium.jpeg,6996,Red-breasted Merganser,data/new_raw/images/923dd2a6-1ebc-476e-8404-b4661d34ad4b.jpg
8348c5c3-1be6-4ff3-85f2-4949fedb26d9,https://inaturalist-open-data.s3.amazonaws.com/photos/16259565/medium.jpeg,6996,Red-breasted Merganser,data/new_raw/images/8348c5c3-1be6-4ff3-85f2-4949fedb26d9.jpg
5260dfc1-3121-4140-a343-c15280fd5de3,https://inaturalist-open-data.s3.amazonaws.com/photos/16260928/medium.jpeg,46017,Eastern Gray Squirrel,data/new_raw/images/5260dfc1-3121-4140-a343-c15280fd5de3.jpg
19b8dd9d-4b46-4bfc-9fa5-cc015e9a9e54,https://inaturalist-open-data.s3.amazonaws.com/photos/16262145/medium.jpeg,1289388,Ruby-crowned Kinglet,data/new_raw/images/19b8dd9d-4b46-4bfc-9fa5-cc015e9a9e54.jpg
f7af9aeb-707c-49ca-ab39-f750dbd38f0f,https://inaturalist-open-data.s3.amazonaws.com/photos/16263036/medium.jpeg,117100,Golden-crowned Kinglet,data/new_raw/images/f7af9aeb-707c-49ca-ab39-f750dbd38f0f.jpg
dbd41539-1eaa-47b6-89d8-3e63340883f9,https://inaturalist-open-data.s3.amazonaws.com/photos/16263187/medium.jpeg,473,American Coot,data/new_raw/images/dbd41539-1eaa-47b6-89d8-3e63340883f9.jpg
1aa39d6b-6898-4b1a-902d-8abdd9812efb,https://inaturalist-open-data.s3.amazonaws.com/photos/16263225/medium.jpeg,6930,Mallard,data/new_raw/images/1aa39d6b-6898-4b1a-902d-8abdd9812efb.jpg
e45bf8db-1725-474c-bb74-5cc9d6346849,https://inaturalist-open-data.s3.amazonaws.com/photos/16263282/medium.jpeg,8021,American Crow,data/new_raw/images/e45bf8db-1725-474c-bb74-5cc9d6346849.jpg
80dcf54b-9247-4a6d-8418-b1cf4e744169,https://inaturalist-open-data.s3.amazonaws.com/photos/16264588/medium.jpg,4981,Black-crowned Night Heron,data/new_raw/images/80dcf54b-9247-4a6d-8418-b1cf4e744169.jpg
dd345011-ae68-4bcc-8379-7e9e3c30e4d2,https://inaturalist-open-data.s3.amazonaws.com/photos/16265582/medium.jpg,7458,Brown Creeper,data/new_raw/images/dd345011-ae68-4bcc-8379-7e9e3c30e4d2.jpg
ac7d9c4c-63b3-4b3d-a137-4227d0ae2c55,https://inaturalist-open-data.s3.amazonaws.com/photos/16265604/medium.jpg,46217,Eastern Chipmunk,data/new_raw/images/ac7d9c4c-63b3-4b3d-a137-4227d0ae2c55.jpg
40478558-e279-403d-ac06-2725d18bbcf0,https://inaturalist-open-data.s3.amazonaws.com/photos/16265632/medium.jpg,9744,Red-winged Blackbird,data/new_raw/images/40478558-e279-403d-ac06-2725d18bbcf0.jpg
4d1c8963-113a-4802-8fe8-7c26b12986ee,https://inaturalist-open-data.s3.amazonaws.com/photos/16265656/medium.jpg,18236,Northern Flicker,data/new_raw/images/4d1c8963-113a-4802-8fe8-7c26b12986ee.jpg
3c8752fc-e371-47bd-bcd7-7de3d3332050,https://inaturalist-open-data.s3.amazonaws.com/photos/16265705/medium.jpg,6996,Red-breasted Merganser,data/new_raw/images/3c8752fc-e371-47bd-bcd7-7de3d3332050.jpg
b264ee3c-7b64-4d5a-8eeb-fc28ad8711de,https://inaturalist-open-data.s3.amazonaws.com/photos/16265973/medium.jpg,11901,Barn Swallow,data/new_raw/images/b264ee3c-7b64-4d5a-8eeb-fc28ad8711de.jpg
eb21bbf0-fe33-4051-bf5d-99e95b4ae389,https://inaturalist-open-data.s3.amazonaws.com/photos/16266007/medium.jpg,10094,Dark-eyed Junco,data/new_raw/images/eb21bbf0-fe33-4051-bf5d-99e95b4ae389.jpg
d957cd60-2125-4f6d-a0ec-3d7fbbb9dd92,https://inaturalist-open-data.s3.amazonaws.com/photos/16266054/medium.jpg,7458,Brown Creeper,data/new_raw/images/d957cd60-2125-4f6d-a0ec-3d7fbbb9dd92.jpg
a6a5bd37-7103-467a-a86c-8c95ddbfae34,https://inaturalist-open-data.s3.amazonaws.com/photos/16266208/medium.jpg,558433,Blue-winged Teal,data/new_raw/images/a6a5bd37-7103-467a-a86c-8c95ddbfae34.jpg
771283c1-4c10-4b34-a018-955d279949dd,https://inaturalist-open-data.s3.amazonaws.com/photos/16266960/medium.jpg,9981,Savannah Sparrow,data/new_raw/images/771283c1-4c10-4b34-a018-955d279949dd.jpg
fdb0ec1b-2549-4618-a434-633e353c7978,https://inaturalist-open-data.s3.amazonaws.com/photos/16266963/medium.jpg,9528,Eastern Meadowlark,data/new_raw/images/fdb0ec1b-2549-4618-a434-633e353c7978.jpg
a319f33a-80e1-4b7f-9a3e-6904e8b23302,https://inaturalist-open-data.s3.amazonaws.com/photos/16267072/medium.jpg,18236,Northern Flicker,data/new_raw/images/a319f33a-80e1-4b7f-9a3e-6904e8b23302.jpg
9bcaff3c-fab2-4b24-9010-ff7fc45730e5,https://inaturalist-open-data.s3.amazonaws.com/photos/16267377/medium.jpeg,9744,Red-winged Blackbird,data/new_raw/images/9bcaff3c-fab2-4b24-9010-ff7fc45730e5.jpg
618bcfc9-ea0a-45c7-9bc3-07fedb8b7191,https://inaturalist-open-data.s3.amazonaws.com/photos/16267417/medium.jpeg,43111,Eastern Cottontail,data/new_raw/images/618bcfc9-ea0a-45c7-9bc3-07fedb8b7191.jpg
f4c1830c-0fb2-4870-b47b-2efa17d19477,https://inaturalist-open-data.s3.amazonaws.com/photos/16267448/medium.jpeg,144815,Black-capped Chickadee,data/new_raw/images/f4c1830c-0fb2-4870-b47b-2efa17d19477.jpg
ac9553be-d235-43a3-b4e7-aa9c423796d5,https://inaturalist-open-data.s3.amazonaws.com/photos/16267503/medium.jpeg,117100,Golden-crowned Kinglet,data/new_raw/images/ac9553be-d235-43a3-b4e7-aa9c423796d5.jpg
1d891350-5aa3-406e-ab16-f421643bc1bd,https://inaturalist-open-data.s3.amazonaws.com/photos/16267788/medium.jpeg,9184,White-throated Sparrow,data/new_raw/images/1d891350-5aa3-406e-ab16-f421643bc1bd.jpg
7cac8800-8940-4e44-b874-026c733f42b9,https://inaturalist-open-data.s3.amazonaws.com/photos/16267902/medium.jpeg,9100,Song Sparrow,data/new_raw/images/7cac8800-8940-4e44-b874-026c733f42b9.jpg
7f2ebd0a-d520-4422-8c1c-ce96fca71f60,https://inaturalist-open-data.s3.amazonaws.com/photos/16268008/medium.jpeg,46217,Eastern Chipmunk,data/new_raw/images/7f2ebd0a-d520-4422-8c1c-ce96fca71f60.jpg
55a91f59-d7d0-4a98-b6a2-f56ce51c686f,https://inaturalist-open-data.s3.amazonaws.com/photos/16268445/medium.jpeg,9096,Swamp Sparrow,data/new_raw/images/55a91f59-d7d0-4a98-b6a2-f56ce51c686f.jpg
6faa801b-83fe-4ff0-871a-d344f9a6a831,https://static.inaturalist.org/photos/16283427/medium.jpg,12727,American Robin,data/new_raw/images/6faa801b-83fe-4ff0-871a-d344f9a6a831.jpg
93cd932e-3f48-4437-b9b6-540f783e9946,https://inaturalist-open-data.s3.amazonaws.com/photos/16297927/medium.jpeg,12890,Hermit Thrush,data/new_raw/images/93cd932e-3f48-4437-b9b6-540f783e9946.jpg
230f954b-fdf7-4be6-b869-2c429dcc2161,https://static.inaturalist.org/photos/16299949/medium.jpeg,4981,Black-crowned Night Heron,data/new_raw/images/230f954b-fdf7-4be6-b869-2c429dcc2161.jpg
093af6f6-9bc5-4a7c-bced-216afc7270c3,https://static.inaturalist.org/photos/16299983/medium.jpeg,43111,Eastern Cottontail,data/new_raw/images/093af6f6-9bc5-4a7c-bced-216afc7270c3.jpg
1f74adfb-8fa6-4ea8-9c22-6d8166362985,https://static.inaturalist.org/photos/16300810/medium.jpg,12727,American Robin,data/new_raw/images/1f74adfb-8fa6-4ea8-9c22-6d8166362985.jpg
1603ce32-c823-4f20-9e97-7137924f1ac0,https://static.inaturalist.org/photos/16307413/medium.jpg,6930,Mallard,data/new_raw/images/1603ce32-c823-4f20-9e97-7137924f1ac0.jpg
5cc983b1-b2a3-4403-bb7d-d6f3bd87666b,https://inaturalist-open-data.s3.amazonaws.com/photos/16308564/medium.jpeg,46017,Eastern Gray Squirrel,data/new_raw/images/5cc983b1-b2a3-4403-bb7d-d6f3bd87666b.jpg
1ae3c648-19ba-40b6-b828-876409a359ed,https://inaturalist-open-data.s3.amazonaws.com/photos/16310278/medium.jpeg,46017,Eastern Gray Squirrel,data/new_raw/images/1ae3c648-19ba-40b6-b828-876409a359ed.jpg
49b41370-29d1-4ec2-9b3b-6fdbbee6ea5e,https://inaturalist-open-data.s3.amazonaws.com/photos/16309993/medium.jpeg,7089,Canada Goose,data/new_raw/images/49b41370-29d1-4ec2-9b3b-6fdbbee6ea5e.jpg
32298e4e-d655-4978-8224-d1bf35da7efc,https://inaturalist-open-data.s3.amazonaws.com/photos/16310379/medium.jpeg,45994,Tree Squirrels,data/new_raw/images/32298e4e-d655-4978-8224-d1bf35da7efc.jpg
34e601f8-146f-4d2c-bd4f-392c2ec694ff,https://inaturalist-open-data.s3.amazonaws.com/photos/16311242/medium.jpg,1289388,Ruby-crowned Kinglet,data/new_raw/images/34e601f8-146f-4d2c-bd4f-392c2ec694ff.jpg
a12e019e-a497-445d-873f-134645357daf,https://inaturalist-open-data.s3.amazonaws.com/photos/16311308/medium.jpg,10094,Dark-eyed Junco,data/new_raw/images/a12e019e-a497-445d-873f-134645357daf.jpg
89df99ee-b5d0-4b25-83cd-ae61dfe914e0,https://inaturalist-open-data.s3.amazonaws.com/photos/16311356/medium.jpg,9744,Red-winged Blackbird,data/new_raw/images/89df99ee-b5d0-4b25-83cd-ae61dfe914e0.jpg
2f47c56d-5397-432a-98b6-2c557b3e3495,https://inaturalist-open-data.s3.amazonaws.com/photos/16311486/medium.jpg,12890,Hermit Thrush,data/new_raw/images/2f47c56d-5397-432a-98b6-2c557b3e3495.jpg
c2bbd7e1-815d-4bad-8dd9-041f3eb0bd75,https://inaturalist-open-data.s3.amazonaws.com/photos/16311702/medium.jpeg,9744,Red-winged Blackbird,data/new_raw/images/c2bbd7e1-815d-4bad-8dd9-041f3eb0bd75.jpg
a6cced95-b447-4a14-a5ba-e120b5f3006c,https://inaturalist-open-data.s3.amazonaws.com/photos/16311816/medium.jpg,792988,Downy Woodpecker,data/new_raw/images/a6cced95-b447-4a14-a5ba-e120b5f3006c.jpg
f85b9862-3cff-489c-b19b-7c4a0ef123d8,https://inaturalist-open-data.s3.amazonaws.com/photos/16311850/medium.jpg,144815,Black-capped Chickadee,data/new_raw/images/f85b9862-3cff-489c-b19b-7c4a0ef123d8.jpg
b702301c-975b-4035-938a-017c2960a04d,https://inaturalist-open-data.s3.amazonaws.com/photos/16311890/medium.jpg,18236,Northern Flicker,data/new_raw/images/b702301c-975b-4035-938a-017c2960a04d.jpg
be66531d-11d3-4b60-913e-7a52e4514bd7,https://inaturalist-open-data.s3.amazonaws.com/photos/16311940/medium.jpg,117100,Golden-crowned Kinglet,data/new_raw/images/be66531d-11d3-4b60-913e-7a52e4514bd7.jpg
6b3f974a-080e-4f3b-9535-fba15d485a59,https://inaturalist-open-data.s3.amazonaws.com/photos/16311961/medium.jpg,117100,Golden-crowned Kinglet,data/new_raw/images/6b3f974a-080e-4f3b-9535-fba15d485a59.jpg
269c4461-9dca-4d08-a3d6-39e1819b9477,https://inaturalist-open-data.s3.amazonaws.com/photos/16312182/medium.jpg,7458,Brown Creeper,data/new_raw/images/269c4461-9dca-4d08-a3d6-39e1819b9477.jpg
967515c5-a1a2-4b57-b58e-a59b011cbcbd,https://inaturalist-open-data.s3.amazonaws.com/photos/16315865/medium.jpeg,144455,Great Egret,data/new_raw/images/967515c5-a1a2-4b57-b58e-a59b011cbcbd.jpg
1b68c58f-78e8-4c4f-a021-6b000e2b2690,https://inaturalist-open-data.s3.amazonaws.com/photos/16316264/medium.jpeg,473,American Coot,data/new_raw/images/1b68c58f-78e8-4c4f-a021-6b000e2b2690.jpg
833a557b-0d3c-4171-9ee4-8a5eb38542e1,https://inaturalist-open-data.s3.amazonaws.com/photos/16319086/medium.jpg,1454382,Double-crested Cormorant,data/new_raw/images/833a557b-0d3c-4171-9ee4-8a5eb38542e1.jpg
948a188d-3c2c-4da3-aac1-13859740a1d6,https://inaturalist-open-data.s3.amazonaws.com/photos/16319402/medium.jpg,40522,Eastern Red Bat,data/new_raw/images/948a188d-3c2c-4da3-aac1-13859740a1d6.jpg
fb022409-4c00-4c51-92ec-67ee25608ad5,https://inaturalist-open-data.s3.amazonaws.com/photos/16319625/medium.jpg,9602,Common Grackle,data/new_raw/images/fb022409-4c00-4c51-92ec-67ee25608ad5.jpg
e84ba504-8812-4637-a394-dd34947eb380,https://inaturalist-open-data.s3.amazonaws.com/photos/16320180/medium.jpg,18463,Yellow-bellied Sapsucker,data/new_raw/images/e84ba504-8812-4637-a394-dd34947eb380.jpg
dc3d96fc-5d5e-4a4f-a976-87f0ffd76087,https://inaturalist-open-data.s3.amazonaws.com/photos/16320226/medium.jpg,18236,Northern Flicker,data/new_raw/images/dc3d96fc-5d5e-4a4f-a976-87f0ffd76087.jpg
4e9c86f5-1d70-4c72-a041-21067d856186,https://static.inaturalist.org/photos/16324768/medium.jpg,41880,Striped Skunk,data/new_raw/images/4e9c86f5-1d70-4c72-a041-21067d856186.jpg
6e307dd2-9c43-4327-a6bf-271b7aa88cbc,https://static.inaturalist.org/photos/16344381/medium.jpeg,7089,Canada Goose,data/new_raw/images/6e307dd2-9c43-4327-a6bf-271b7aa88cbc.jpg
4bfabf45-1497-4c28-b6a6-9c8644a7dfec,https://static.inaturalist.org/photos/16344403/medium.jpeg,7089,Canada Goose,data/new_raw/images/4bfabf45-1497-4c28-b6a6-9c8644a7dfec.jpg
58d0774d-a7b0-440c-8ec6-54f573b3f141,https://static.inaturalist.org/photos/16349183/medium.jpg,43584,Human,data/new_raw/images/58d0774d-a7b0-440c-8ec6-54f573b3f141.jpg
fe4adba9-991b-40ce-bc74-8737664143ec,https://static.inaturalist.org/photos/16351559/medium.jpg,43111,Eastern Cottontail,data/new_raw/images/fe4adba9-991b-40ce-bc74-8737664143ec.jpg
076576c2-bf42-4432-aa8e-7ac3fa19a045,https://static.inaturalist.org/photos/16353311/medium.jpg,4209,Horned Grebe,data/new_raw/images/076576c2-bf42-4432-aa8e-7ac3fa19a045.jpg
e8edf1f9-b762-4437-bc6b-0e1b6694c45e,https://inaturalist-open-data.s3.amazonaws.com/photos/16354859/medium.jpg,1431621,Western Meadow Vole,data/new_raw/images/e8edf1f9-b762-4437-bc6b-0e1b6694c45e.jpg
20bca46a-d059-4576-805a-3e396b42d0cd,https://static.inaturalist.org/photos/16355029/medium.jpeg,9602,Common Grackle,data/new_raw/images/20bca46a-d059-4576-805a-3e396b42d0cd.jpg
82a1df0e-f900-4d64-8dac-da4645b651f0,https://static.inaturalist.org/photos/16356148/medium.jpg,7089,Canada Goose,data/new_raw/images/82a1df0e-f900-4d64-8dac-da4645b651f0.jpg
a6b28299-58f2-4b61-8bb9-be8fbd328261,https://static.inaturalist.org/photos/16356364/medium.jpg,46017,Eastern Gray Squirrel,data/new_raw/images/a6b28299-58f2-4b61-8bb9-be8fbd328261.jpg
e7a98c27-0250-4ff4-acb5-2b0742f72a1e,https://inaturalist-open-data.s3.amazonaws.com/photos/16357452/medium.jpeg,9602,Common Grackle,data/new_raw/images/e7a98c27-0250-4ff4-acb5-2b0742f72a1e.jpg
c29f758c-b26a-41a6-861d-21cfb49448e3,https://inaturalist-open-data.s3.amazonaws.com/photos/16357505/medium.jpeg,4364,Ring-billed Gull,data/new_raw/images/c29f758c-b26a-41a6-861d-21cfb49448e3.jpg
8abd0934-5ffb-408d-8228-086d48723525,https://inaturalist-open-data.s3.amazonaws.com/photos/16357591/medium.jpeg,13858,House Sparrow,data/new_raw/images/8abd0934-5ffb-408d-8228-086d48723525.jpg
b62f8268-37d3-44a2-afaa-1eabe9f8171d,https://inaturalist-open-data.s3.amazonaws.com/photos/16357960/medium.jpeg,9744,Red-winged Blackbird,data/new_raw/images/b62f8268-37d3-44a2-afaa-1eabe9f8171d.jpg
1c732589-b63a-4ddf-9ce2-d6d2d38e0763,https://static.inaturalist.org/photos/16358056/medium.jpg,7107,Wood Duck,data/new_raw/images/1c732589-b63a-4ddf-9ce2-d6d2d38e0763.jpg
5a18906b-c1a4-4207-adf2-74bfa1a985b4,https://inaturalist-open-data.s3.amazonaws.com/photos/16359734/medium.jpg,558426,Snow Goose,data/new_raw/images/5a18906b-c1a4-4207-adf2-74bfa1a985b4.jpg
8d8040e0-83d2-45b7-9df7-ef9528c0c709,https://inaturalist-open-data.s3.amazonaws.com/photos/16359859/medium.jpg,144815,Black-capped Chickadee,data/new_raw/images/8d8040e0-83d2-45b7-9df7-ef9528c0c709.jpg
7c2d78b7-694c-4589-86b4-4ccf5291eb04,https://inaturalist-open-data.s3.amazonaws.com/photos/16360439/medium.jpg,14898,Brown Thrasher,data/new_raw/images/7c2d78b7-694c-4589-86b4-4ccf5291eb04.jpg
9d7481d3-5cca-4b82-82b8-6b98e34163bd,https://inaturalist-open-data.s3.amazonaws.com/photos/16360476/medium.jpg,18236,Northern Flicker,data/new_raw/images/9d7481d3-5cca-4b82-82b8-6b98e34163bd.jpg
ca1981e6-7805-4e70-bf53-cd033c0e371c,https://inaturalist-open-data.s3.amazonaws.com/photos/16360521/medium.jpg,9100,Song Sparrow,data/new_raw/images/ca1981e6-7805-4e70-bf53-cd033c0e371c.jpg
d6dba5dd-512e-42f5-a746-3a32f3a36400,https://inaturalist-open-data.s3.amazonaws.com/photos/16360556/medium.jpg,7047,Greater Scaup,data/new_raw/images/d6dba5dd-512e-42f5-a746-3a32f3a36400.jpg
95fc8ce1-7c8e-4059-a8a9-a67748129112,https://inaturalist-open-data.s3.amazonaws.com/photos/16360639/medium.jpg,9100,Song Sparrow,data/new_raw/images/95fc8ce1-7c8e-4059-a8a9-a67748129112.jpg
ef215c7d-dd78-447f-8df3-c2735e22eb2d,https://static.inaturalist.org/photos/16361719/medium.jpg,12727,American Robin,data/new_raw/images/ef215c7d-dd78-447f-8df3-c2735e22eb2d.jpg
ac0d0734-d5f1-4578-addb-e37680fde05b,https://static.inaturalist.org/photos/16362279/medium.jpg,46017,Eastern Gray Squirrel,data/new_raw/images/ac0d0734-d5f1-4578-addb-e37680fde05b.jpg
e21894b3-a5cf-4baa-9949-5a6d1bc799da,https://static.inaturalist.org/photos/16363441/medium.jpg,43111,Eastern Cottontail,data/new_raw/images/e21894b3-a5cf-4baa-9949-5a6d1bc799da.jpg
9c0a9df3-fa07-4ed4-a43c-9d3484efef67,https://static.inaturalist.org/photos/16364044/medium.jpg,43111,Eastern Cottontail,data/new_raw/images/9c0a9df3-fa07-4ed4-a43c-9d3484efef67.jpg
b0b65564-ba11-46c9-95d5-53fd1bb6b1b7,https://inaturalist-open-data.s3.amazonaws.com/photos/16375451/medium.jpeg,6930,Mallard,data/new_raw/images/b0b65564-ba11-46c9-95d5-53fd1bb6b1b7.jpg
89690ba7-b5e5-486f-8217-ba91055761ea,https://inaturalist-open-data.s3.amazonaws.com/photos/16391243/medium.jpeg,47144,Domestic Dog,data/new_raw/images/89690ba7-b5e5-486f-8217-ba91055761ea.jpg
5dd4d53a-ab64-415c-b488-f53c8cb0b9d8,https://inaturalist-open-data.s3.amazonaws.com/photos/16391386/medium.jpeg,7089,Canada Goose,data/new_raw/images/5dd4d53a-ab64-415c-b488-f53c8cb0b9d8.jpg
42b8c60b-e15e-42c4-8c04-db1044a97c58,https://inaturalist-open-data.s3.amazonaws.com/photos/16391454/medium.jpeg,43111,Eastern Cottontail,data/new_raw/images/42b8c60b-e15e-42c4-8c04-db1044a97c58.jpg
1b6e1faa-5083-4d41-89e2-0674c66c6b51,https://static.inaturalist.org/photos/16393027/medium.jpg,4364,Ring-billed Gull,data/new_raw/images/1b6e1faa-5083-4d41-89e2-0674c66c6b51.jpg
72914566-7afe-4fbe-98cd-4ff3c416f342,https://inaturalist-open-data.s3.amazonaws.com/photos/16393416/medium.jpeg,122767,Feral Pigeon,data/new_raw/images/72914566-7afe-4fbe-98cd-4ff3c416f342.jpg
c08b6db2-625d-4327-af7e-be1fd2ceecb4,https://inaturalist-open-data.s3.amazonaws.com/photos/16399353/medium.jpg,43111,Eastern Cottontail,data/new_raw/images/c08b6db2-625d-4327-af7e-be1fd2ceecb4.jpg
9d65d5c2-af81-41f3-bd87-9b0b26f66b9b,https://inaturalist-open-data.s3.amazonaws.com/photos/16402979/medium.jpg,6996,Red-breasted Merganser,data/new_raw/images/9d65d5c2-af81-41f3-bd87-9b0b26f66b9b.jpg
74c532e1-50ec-4d08-944c-cd28c71e0ec7,https://inaturalist-open-data.s3.amazonaws.com/photos/16406181/medium.jpg,9744,Red-winged Blackbird,data/new_raw/images/74c532e1-50ec-4d08-944c-cd28c71e0ec7.jpg
0a57870d-1e52-4adf-9dca-453198bf6d54,https://inaturalist-open-data.s3.amazonaws.com/photos/16408334/medium.jpg,42223,White-tailed Deer,data/new_raw/images/0a57870d-1e52-4adf-9dca-453198bf6d54.jpg
bc8a5dc2-29a2-4a06-932e-a84313ab3040,https://inaturalist-open-data.s3.amazonaws.com/photos/16409378/medium.jpg,6996,Red-breasted Merganser,data/new_raw/images/bc8a5dc2-29a2-4a06-932e-a84313ab3040.jpg
1502c83e-bd8b-43d8-b3ed-cf354bb18757,https://inaturalist-open-data.s3.amazonaws.com/photos/16409418/medium.jpg,6930,Mallard,data/new_raw/images/1502c83e-bd8b-43d8-b3ed-cf354bb18757.jpg
3f826ae5-cd4f-46e3-bd39-789b541a1a77,https://inaturalist-open-data.s3.amazonaws.com/photos/16415242/medium.jpg,7089,Canada Goose,data/new_raw/images/3f826ae5-cd4f-46e3-bd39-789b541a1a77.jpg
7a796cf5-19f0-416f-87c4-7f30f0c34eaf,https://inaturalist-open-data.s3.amazonaws.com/photos/16424459/medium.jpg,40629,Silver-haired Bat,data/new_raw/images/7a796cf5-19f0-416f-87c4-7f30f0c34eaf.jpg
55b0b656-a764-4450-b699-36a58b158246,https://inaturalist-open-data.s3.amazonaws.com/photos/16432142/medium.jpg,4981,Black-crowned Night Heron,data/new_raw/images/55b0b656-a764-4450-b699-36a58b158246.jpg
fb255327-97ef-4116-a4a1-55e31c992aad,https://inaturalist-open-data.s3.amazonaws.com/photos/16432340/medium.jpg,8021,American Crow,data/new_raw/images/fb255327-97ef-4116-a4a1-55e31c992aad.jpg
a5a3d61b-037d-4fff-b704-f60f8f21d16a,https://inaturalist-open-data.s3.amazonaws.com/photos/16432412/medium.jpg,122767,Feral Pigeon,data/new_raw/images/a5a3d61b-037d-4fff-b704-f60f8f21d16a.jpg
83ed868f-fcb1-46b1-b651-819c853dfd36,https://inaturalist-open-data.s3.amazonaws.com/photos/16432461/medium.jpg,9744,Red-winged Blackbird,data/new_raw/images/83ed868f-fcb1-46b1-b651-819c853dfd36.jpg
29876783-93b5-4e7f-8e6c-b8a49f426009,https://inaturalist-open-data.s3.amazonaws.com/photos/16432845/medium.jpeg,122767,Feral Pigeon,data/new_raw/images/29876783-93b5-4e7f-8e6c-b8a49f426009.jpg
f30d91ad-8426-4578-9b32-684454eb3aa7,https://inaturalist-open-data.s3.amazonaws.com/photos/16433595/medium.jpg,46017,Eastern Gray Squirrel,data/new_raw/images/f30d91ad-8426-4578-9b32-684454eb3aa7.jpg
79875cf4-9de5-4ea3-94e5-0cfedbcfe488,https://inaturalist-open-data.s3.amazonaws.com/photos/16434174/medium.jpg,9744,Red-winged Blackbird,data/new_raw/images/79875cf4-9de5-4ea3-94e5-0cfedbcfe488.jpg
94fa1f58-f486-4092-baed-543cb89e50ee,https://inaturalist-open-data.s3.amazonaws.com/photos/16446253/medium.jpeg,117100,Golden-crowned Kinglet,data/new_raw/images/94fa1f58-f486-4092-baed-543cb89e50ee.jpg
69f54923-ed02-48a4-af46-3d083a3364d2,https://static.inaturalist.org/photos/16457102/medium.jpg,236935,Domestic Mallard,data/new_raw/images/69f54923-ed02-48a4-af46-3d083a3364d2.jpg
31fa815a-2937-4b87-9b98-5be3f77edc7a,https://static.inaturalist.org/photos/16457228/medium.jpg,7107,Wood Duck,data/new_raw/images/31fa815a-2937-4b87-9b98-5be3f77edc7a.jpg
9b1498bf-3fdb-487e-b949-fb6bd85c3895,https://static.inaturalist.org/photos/16457628/medium.jpg,6930,Mallard,data/new_raw/images/9b1498bf-3fdb-487e-b949-fb6bd85c3895.jpg
e6289e76-2754-412f-91c8-39bb11d8a963,https://static.inaturalist.org/photos/16458186/medium.jpg,5020,Green Heron,data/new_raw/images/e6289e76-2754-412f-91c8-39bb11d8a963.jpg
4576e412-f8a0-465d-8826-a312d905ad6c,https://static.inaturalist.org/photos/16458485/medium.jpg,9744,Red-winged Blackbird,data/new_raw/images/4576e412-f8a0-465d-8826-a312d905ad6c.jpg
9ab391c9-9b85-4ec8-ac6b-6957a079554b,https://static.inaturalist.org/photos/16458709/medium.jpg,7089,Canada Goose,data/new_raw/images/9ab391c9-9b85-4ec8-ac6b-6957a079554b.jpg
9ddd69c8-5547-4fb6-bcdc-eadaec02d4a7,https://static.inaturalist.org/photos/16458970/medium.jpg,473,American Coot,data/new_raw/images/9ddd69c8-5547-4fb6-bcdc-eadaec02d4a7.jpg
57851e9a-b6d2-4aa3-85a3-f3bd729f562c,https://static.inaturalist.org/photos/16459957/medium.jpg,144883,Winter Wren,data/new_raw/images/57851e9a-b6d2-4aa3-85a3-f3bd729f562c.jpg
b0fc0665-2fbf-48ae-bf53-236ab87c1f7b,https://inaturalist-open-data.s3.amazonaws.com/photos/16462434/medium.jpeg,6921,Mute Swan,data/new_raw/images/b0fc0665-2fbf-48ae-bf53-236ab87c1f7b.jpg
baf5e0ba-673d-4d07-9862-33a3deefe985,https://static.inaturalist.org/photos/16467182/medium.jpeg,4364,Ring-billed Gull,data/new_raw/images/baf5e0ba-673d-4d07-9862-33a3deefe985.jpg
59f6d31f-c65a-4b28-8cb3-21dd199dbb45,https://static.inaturalist.org/photos/16467225/medium.jpeg,12890,Hermit Thrush,data/new_raw/images/59f6d31f-c65a-4b28-8cb3-21dd199dbb45.jpg
1846a9a0-7d38-4bc6-90f8-41d3bba3f1ae,https://inaturalist-open-data.s3.amazonaws.com/photos/16470287/medium.jpeg,122767,Feral Pigeon,data/new_raw/images/1846a9a0-7d38-4bc6-90f8-41d3bba3f1ae.jpg
46783808-7b98-42f7-87bb-d1de645f69f7,https://inaturalist-open-data.s3.amazonaws.com/photos/16472297/medium.jpg,7089,Canada Goose,data/new_raw/images/46783808-7b98-42f7-87bb-d1de645f69f7.jpg
9093b51c-7265-44ab-86ff-a3f9619593a0,https://inaturalist-open-data.s3.amazonaws.com/photos/16472474/medium.jpg,12727,American Robin,data/new_raw/images/9093b51c-7265-44ab-86ff-a3f9619593a0.jpg
92308cee-9526-4f00-88c6-6c5dfbdb51ff,https://inaturalist-open-data.s3.amazonaws.com/photos/16472644/medium.jpg,6996,Red-breasted Merganser,data/new_raw/images/92308cee-9526-4f00-88c6-6c5dfbdb51ff.jpg
ee4563e8-07e0-4dc4-bb0a-c4bdda1b2aec,https://inaturalist-open-data.s3.amazonaws.com/photos/16474911/medium.jpeg,122767,Feral Pigeon,data/new_raw/images/ee4563e8-07e0-4dc4-bb0a-c4bdda1b2aec.jpg
ab4c06ed-550c-4406-a434-e9bbcc9cf09d,https://inaturalist-open-data.s3.amazonaws.com/photos/16475267/medium.jpeg,122767,Feral Pigeon,data/new_raw/images/ab4c06ed-550c-4406-a434-e9bbcc9cf09d.jpg
de54a4a9-5568-447f-8f24-d2c1ab1469a0,https://inaturalist-open-data.s3.amazonaws.com/photos/16476158/medium.jpeg,7089,Canada Goose,data/new_raw/images/de54a4a9-5568-447f-8f24-d2c1ab1469a0.jpg
68f97c3f-9079-47e0-8256-781573d5b3c5,https://inaturalist-open-data.s3.amazonaws.com/photos/16477319/medium.jpeg,43111,Eastern Cottontail,data/new_raw/images/68f97c3f-9079-47e0-8256-781573d5b3c5.jpg
f331d69f-1226-48ab-a19f-59a4bace78b5,https://inaturalist-open-data.s3.amazonaws.com/photos/16479690/medium.jpeg,43111,Eastern Cottontail,data/new_raw/images/f331d69f-1226-48ab-a19f-59a4bace78b5.jpg
3af6a086-f6ef-4999-b465-3f8fe60f6b75,https://inaturalist-open-data.s3.amazonaws.com/photos/16482371/medium.jpeg,19349,Monk Parakeet,data/new_raw/images/3af6a086-f6ef-4999-b465-3f8fe60f6b75.jpg
49e4bca4-a00d-4c9c-99b3-2822029a5f3b,https://inaturalist-open-data.s3.amazonaws.com/photos/16489623/medium.jpeg,7089,Canada Goose,data/new_raw/images/49e4bca4-a00d-4c9c-99b3-2822029a5f3b.jpg
64aa2199-f75e-4b7f-9af2-9d53937b2cf8,https://inaturalist-open-data.s3.amazonaws.com/photos/16493348/medium.jpg,14850,European Starling,data/new_raw/images/64aa2199-f75e-4b7f-9af2-9d53937b2cf8.jpg
c9119b1a-3e4a-412f-9f74-f6c4bf2b1e6d,https://inaturalist-open-data.s3.amazonaws.com/photos/16494646/medium.jpeg,43111,Eastern Cottontail,data/new_raw/images/c9119b1a-3e4a-412f-9f74-f6c4bf2b1e6d.jpg
57ea1fdf-090a-4f24-b374-b025ff9299cf,https://inaturalist-open-data.s3.amazonaws.com/photos/16495573/medium.jpeg,4364,Ring-billed Gull,data/new_raw/images/57ea1fdf-090a-4f24-b374-b025ff9299cf.jpg
f92c97ca-7531-4ff5-a521-430ec87a20ab,https://inaturalist-open-data.s3.amazonaws.com/photos/16495608/medium.jpg,4793,Killdeer,data/new_raw/images/f92c97ca-7531-4ff5-a521-430ec87a20ab.jpg
7d651057-56ad-416e-9529-f6075aea95ce,https://inaturalist-open-data.s3.amazonaws.com/photos/16496188/medium.jpg,558433,Blue-winged Teal,data/new_raw/images/7d651057-56ad-416e-9529-f6075aea95ce.jpg
49c86ee5-eff2-4dcf-a8ab-d5cf02d91abc,https://inaturalist-open-data.s3.amazonaws.com/photos/16496325/medium.jpeg,12727,American Robin,data/new_raw/images/49c86ee5-eff2-4dcf-a8ab-d5cf02d91abc.jpg
b186088b-7101-46ad-8728-4d8b4064312f,https://inaturalist-open-data.s3.amazonaws.com/photos/16496440/medium.jpeg,7089,Canada Goose,data/new_raw/images/b186088b-7101-46ad-8728-4d8b4064312f.jpg
39914865-e1b7-4100-8c20-7049997e8df9,https://inaturalist-open-data.s3.amazonaws.com/photos/16499101/medium.jpg,11858,Cliff Swallow,data/new_raw/images/39914865-e1b7-4100-8c20-7049997e8df9.jpg
7632ebab-5dc2-45ef-ac20-5803095c6444,https://static.inaturalist.org/photos/16503593/medium.jpg,118552,Domestic Cat,data/new_raw/images/7632ebab-5dc2-45ef-ac20-5803095c6444.jpg
6669f36f-303f-4359-99a1-c330cc020fb4,https://static.inaturalist.org/photos/16505097/medium.jpg,7089,Canada Goose,data/new_raw/images/6669f36f-303f-4359-99a1-c330cc020fb4.jpg
1b99c13a-e52a-48b3-a61d-714ba0419d8c,https://inaturalist-open-data.s3.amazonaws.com/photos/16506321/medium.jpeg,1289388,Ruby-crowned Kinglet,data/new_raw/images/1b99c13a-e52a-48b3-a61d-714ba0419d8c.jpg
f99ec984-c179-4886-b1ba-94ab3575bcc6,https://inaturalist-open-data.s3.amazonaws.com/photos/16506413/medium.jpeg,42223,White-tailed Deer,data/new_raw/images/f99ec984-c179-4886-b1ba-94ab3575bcc6.jpg
b260884d-e87c-48a8-95c4-28442adfc31e,https://inaturalist-open-data.s3.amazonaws.com/photos/16507186/medium.jpeg,7107,Wood Duck,data/new_raw/images/b260884d-e87c-48a8-95c4-28442adfc31e.jpg
98c93117-fbce-4922-86f2-c9b07d34cecf,https://static.inaturalist.org/photos/16512162/medium.jpg,145245,Yellow-rumped Warbler,data/new_raw/images/98c93117-fbce-4922-86f2-c9b07d34cecf.jpg
69157e93-d310-4222-aeeb-5c3404a4a0f4,https://static.inaturalist.org/photos/16512350/medium.jpg,1289388,Ruby-crowned Kinglet,data/new_raw/images/69157e93-d310-4222-aeeb-5c3404a4a0f4.jpg
4a74fb07-eee2-46d4-ab02-55e3ccf4646e,https://static.inaturalist.org/photos/16512580/medium.jpg,1289388,Ruby-crowned Kinglet,data/new_raw/images/4a74fb07-eee2-46d4-ab02-55e3ccf4646e.jpg
0821e3db-2cc2-41f0-8724-1af9a16b391f,https://static.inaturalist.org/photos/16512856/medium.jpg,7089,Canada Goose,data/new_raw/images/0821e3db-2cc2-41f0-8724-1af9a16b391f.jpg
2303832b-a7b6-43ad-ab7f-1f11de85ed32,https://static.inaturalist.org/photos/16513023/medium.jpg,1454382,Double-crested Cormorant,data/new_raw/images/2303832b-a7b6-43ad-ab7f-1f11de85ed32.jpg
f1c2c558-d929-44e2-94e6-b177396b6f1e,https://static.inaturalist.org/photos/16513432/medium.jpg,4981,Black-crowned Night Heron,data/new_raw/images/f1c2c558-d929-44e2-94e6-b177396b6f1e.jpg
005c1c75-073e-4c30-b1e6-d79e5d658b1d,https://static.inaturalist.org/photos/16513656/medium.jpg,12727,American Robin,data/new_raw/images/005c1c75-073e-4c30-b1e6-d79e5d658b1d.jpg
7c2ebfa3-b531-4e72-88a4-583f04bd3ef6,https://static.inaturalist.org/photos/16514365/medium.jpeg,9744,Red-winged Blackbird,data/new_raw/images/7c2ebfa3-b531-4e72-88a4-583f04bd3ef6.jpg
af751bb4-7b02-4036-9707-fc2c74a4525d,https://static.inaturalist.org/photos/16515220/medium.jpeg,18463,Yellow-bellied Sapsucker,data/new_raw/images/af751bb4-7b02-4036-9707-fc2c74a4525d.jpg
0c0ed3ce-815a-4b7d-8c14-480ce33ba67d,https://static.inaturalist.org/photos/16515488/medium.jpeg,9083,Northern Cardinal,data/new_raw/images/0c0ed3ce-815a-4b7d-8c14-480ce33ba67d.jpg
30c6afc6-080a-41ad-bad8-2ff43354d706,https://static.inaturalist.org/photos/16515760/medium.jpeg,1578489,American Herring Gull,data/new_raw/images/30c6afc6-080a-41ad-bad8-2ff43354d706.jpg
c31a320f-4545-49d9-a175-c3be3dd20c0a,https://static.inaturalist.org/photos/16515929/medium.jpeg,7458,Brown Creeper,data/new_raw/images/c31a320f-4545-49d9-a175-c3be3dd20c0a.jpg
c5d4419a-82f4-4ce1-97ae-a1dbe38f8002,https://inaturalist-open-data.s3.amazonaws.com/photos/16516282/medium.jpg,41663,Common Raccoon,data/new_raw/images/c5d4419a-82f4-4ce1-97ae-a1dbe38f8002.jpg
1e5c1bd3-a3ce-468d-9dce-ecc78f44fd68,https://inaturalist-open-data.s3.amazonaws.com/photos/16517075/medium.jpeg,9744,Red-winged Blackbird,data/new_raw/images/1e5c1bd3-a3ce-468d-9dce-ecc78f44fd68.jpg
5e4e4092-eac3-471c-869c-9f241b438327,https://static.inaturalist.org/photos/16520318/medium.jpg,46017,Eastern Gray Squirrel,data/new_raw/images/5e4e4092-eac3-471c-869c-9f241b438327.jpg
82ad6845-64d8-415b-9773-7ef81e87a364,https://static.inaturalist.org/photos/16520565/medium.jpg,9602,Common Grackle,data/new_raw/images/82ad6845-64d8-415b-9773-7ef81e87a364.jpg
aa7f5f67-4d82-40ad-9a15-ae941d1ece68,https://static.inaturalist.org/photos/16520519/medium.jpeg,18236,Northern Flicker,data/new_raw/images/aa7f5f67-4d82-40ad-9a15-ae941d1ece68.jpg
be6b5cee-5a66-4947-8b57-59ad83e70451,https://static.inaturalist.org/photos/16520993/medium.jpeg,46217,Eastern Chipmunk,data/new_raw/images/be6b5cee-5a66-4947-8b57-59ad83e70451.jpg
97224f63-612d-4922-a095-7abc503bd78d,https://static.inaturalist.org/photos/16521297/medium.jpeg,46017,Eastern Gray Squirrel,data/new_raw/images/97224f63-612d-4922-a095-7abc503bd78d.jpg
f0d19c91-c219-4d71-bc7c-a41b44001866,https://static.inaturalist.org/photos/16521489/medium.jpeg,46020,Eastern Fox Squirrel,data/new_raw/images/f0d19c91-c219-4d71-bc7c-a41b44001866.jpg
49356884-2508-437e-bcd5-845ad01eada3,https://static.inaturalist.org/photos/16522126/medium.jpg,9744,Red-winged Blackbird,data/new_raw/images/49356884-2508-437e-bcd5-845ad01eada3.jpg
b3ef1819-dd0d-447c-99d3-6a4dc3ccb9dc,https://static.inaturalist.org/photos/16523332/medium.jpeg,3454,Mourning Dove,data/new_raw/images/b3ef1819-dd0d-447c-99d3-6a4dc3ccb9dc.jpg
b0e9b46c-2b03-4598-873e-3eafb51a7cf6,https://inaturalist-open-data.s3.amazonaws.com/photos/16523710/medium.jpg,43111,Eastern Cottontail,data/new_raw/images/b0e9b46c-2b03-4598-873e-3eafb51a7cf6.jpg
6a20286e-3c2a-4e57-8df3-3e5f83ff7bd6,https://static.inaturalist.org/photos/16523858/medium.jpeg,9152,Field Sparrow,data/new_raw/images/6a20286e-3c2a-4e57-8df3-3e5f83ff7bd6.jpg
c5754f8f-0cb7-4fb1-903d-76c337898cb3,https://static.inaturalist.org/photos/16524121/medium.jpeg,7107,Wood Duck,data/new_raw/images/c5754f8f-0cb7-4fb1-903d-76c337898cb3.jpg
23d75e2e-2786-4863-911e-9d9855438b20,https://static.inaturalist.org/photos/16524585/medium.jpeg,9100,Song Sparrow,data/new_raw/images/23d75e2e-2786-4863-911e-9d9855438b20.jpg
9e77bc38-1cf5-4d46-bae1-afbb077a4a60,https://static.inaturalist.org/photos/16524912/medium.jpeg,145310,American Goldfinch,data/new_raw/images/9e77bc38-1cf5-4d46-bae1-afbb077a4a60.jpg
8eb7e61e-f414-4d79-bc11-e46c23ac58d8,https://inaturalist-open-data.s3.amazonaws.com/photos/16525622/medium.jpg,1289388,Ruby-crowned Kinglet,data/new_raw/images/8eb7e61e-f414-4d79-bc11-e46c23ac58d8.jpg
d8b6b0df-4924-4f44-bbf7-b4dfc1844953,https://inaturalist-open-data.s3.amazonaws.com/photos/16525821/medium.jpg,792988,Downy Woodpecker,data/new_raw/images/d8b6b0df-4924-4f44-bbf7-b4dfc1844953.jpg
2caf49ed-0e52-409a-b0ab-2162433bc003,https://inaturalist-open-data.s3.amazonaws.com/photos/16526399/medium.jpg,1454382,Double-crested Cormorant,data/new_raw/images/2caf49ed-0e52-409a-b0ab-2162433bc003.jpg
a5a96c8e-be91-45c9-acc8-ab0195b6b8c4,https://inaturalist-open-data.s3.amazonaws.com/photos/16526510/medium.jpg,9083,Northern Cardinal,data/new_raw/images/a5a96c8e-be91-45c9-acc8-ab0195b6b8c4.jpg
50d826e3-cdf7-4f40-92be-031649ad47a4,https://inaturalist-open-data.s3.amazonaws.com/photos/16526600/medium.jpg,473,American Coot,data/new_raw/images/50d826e3-cdf7-4f40-92be-031649ad47a4.jpg
f5f76f12-060c-4f44-a3cf-9cf9e0f900bb,https://inaturalist-open-data.s3.amazonaws.com/photos/16527035/medium.jpg,9744,Red-winged Blackbird,data/new_raw/images/f5f76f12-060c-4f44-a3cf-9cf9e0f900bb.jpg
60bb9eb3-a99f-4e83-b457-727ef6718483,https://inaturalist-open-data.s3.amazonaws.com/photos/16527208/medium.jpg,5212,Red-tailed Hawk,data/new_raw/images/60bb9eb3-a99f-4e83-b457-727ef6718483.jpg
c69146a1-76bf-4843-8257-7e1b0379d127,https://inaturalist-open-data.s3.amazonaws.com/photos/16527436/medium.jpg,20044,Great Horned Owl,data/new_raw/images/c69146a1-76bf-4843-8257-7e1b0379d127.jpg
cbfa5889-86f4-4c1c-a59e-9e0779022133,https://static.inaturalist.org/photos/16527785/medium.jpeg,9744,Red-winged Blackbird,data/new_raw/images/cbfa5889-86f4-4c1c-a59e-9e0779022133.jpg
8e96c7b2-49dd-44ed-b4b5-6b15af77fc68,https://static.inaturalist.org/photos/16529800/medium.jpeg,10373,Brown-headed Cowbird,data/new_raw/images/8e96c7b2-49dd-44ed-b4b5-6b15af77fc68.jpg
ebd81f1c-2634-4c32-a697-b581fcb36f33,https://inaturalist-open-data.s3.amazonaws.com/photos/16533773/medium.jpeg,1264432,American Mink,data/new_raw/images/ebd81f1c-2634-4c32-a697-b581fcb36f33.jpg
0b11a03c-f467-4615-905b-54f71be2a785,https://inaturalist-open-data.s3.amazonaws.com/photos/16536724/medium.jpeg,342169,American Barn Swallow,data/new_raw/images/0b11a03c-f467-4615-905b-54f71be2a785.jpg
69a324fd-01cc-41f1-9167-a0695cb49199,https://inaturalist-open-data.s3.amazonaws.com/photos/16547753/medium.jpg,43111,Eastern Cottontail,data/new_raw/images/69a324fd-01cc-41f1-9167-a0695cb49199.jpg
d927ce8e-ff42-40a6-bd7a-ff1f9bf6976b,https://inaturalist-open-data.s3.amazonaws.com/photos/16547797/medium.jpg,6930,Mallard,data/new_raw/images/d927ce8e-ff42-40a6-bd7a-ff1f9bf6976b.jpg
5449be4f-fa94-4160-9b5a-11751e33e05a,https://inaturalist-open-data.s3.amazonaws.com/photos/16547812/medium.jpg,7107,Wood Duck,data/new_raw/images/5449be4f-fa94-4160-9b5a-11751e33e05a.jpg
73e35999-f7db-421c-878e-618425ec1b3b,https://inaturalist-open-data.s3.amazonaws.com/photos/16547949/medium.jpg,9744,Red-winged Blackbird,data/new_raw/images/73e35999-f7db-421c-878e-618425ec1b3b.jpg
663f0aeb-a0bb-4b0b-90af-d7ee1688dee1,https://static.inaturalist.org/photos/16568215/medium.jpg,9744,Red-winged Blackbird,data/new_raw/images/663f0aeb-a0bb-4b0b-90af-d7ee1688dee1.jpg
afab6987-7ef8-4a1e-b805-3293e60c315b,https://static.inaturalist.org/photos/16570145/medium.jpg,7251,Perching Birds,data/new_raw/images/afab6987-7ef8-4a1e-b805-3293e60c315b.jpg
3b278b8e-4c69-43b0-b372-f7d8d5f6bc87,https://static.inaturalist.org/photos/16570200/medium.jpg,14850,European Starling,data/new_raw/images/3b278b8e-4c69-43b0-b372-f7d8d5f6bc87.jpg
5223568a-cdc0-4cb6-a994-ad7b78e26231,https://static.inaturalist.org/photos/16570392/medium.jpg,14850,European Starling,data/new_raw/images/5223568a-cdc0-4cb6-a994-ad7b78e26231.jpg
1d9a1f26-6b5a-4221-bcfc-4ce2e6408d03,https://static.inaturalist.org/photos/16570412/medium.jpg,14850,European Starling,data/new_raw/images/1d9a1f26-6b5a-4221-bcfc-4ce2e6408d03.jpg
11604eee-d2c6-4444-8888-17eea7777159,https://static.inaturalist.org/photos/16570781/medium.jpg,9602,Common Grackle,data/new_raw/images/11604eee-d2c6-4444-8888-17eea7777159.jpg
45249043-4a4b-41ad-a5f7-ebcf9d7151e2,https://static.inaturalist.org/photos/16570788/medium.jpg,9602,Common Grackle,data/new_raw/images/45249043-4a4b-41ad-a5f7-ebcf9d7151e2.jpg
661f0adc-f690-4c2a-a298-b33aa957898c,https://static.inaturalist.org/photos/16571015/medium.jpg,6930,Mallard,data/new_raw/images/661f0adc-f690-4c2a-a298-b33aa957898c.jpg
56899772-4ca2-404d-b8f6-4e689e075fe7,https://static.inaturalist.org/photos/16571068/medium.jpg,13858,House Sparrow,data/new_raw/images/56899772-4ca2-404d-b8f6-4e689e075fe7.jpg
182240f5-a4e8-4b79-9eb0-58725e024d5f,https://static.inaturalist.org/photos/16571125/medium.jpg,6930,Mallard,data/new_raw/images/182240f5-a4e8-4b79-9eb0-58725e024d5f.jpg
60bc61d5-a0cc-4611-8d02-19505de5add4,https://static.inaturalist.org/photos/16571490/medium.jpg,43111,Eastern Cottontail,data/new_raw/images/60bc61d5-a0cc-4611-8d02-19505de5add4.jpg
ec574e38-f75f-4991-9f19-b6f32cd3a120,https://static.inaturalist.org/photos/16571561/medium.jpg,9744,Red-winged Blackbird,data/new_raw/images/ec574e38-f75f-4991-9f19-b6f32cd3a120.jpg
f013ce7b-4c1e-4001-992f-de874a20381a,https://static.inaturalist.org/photos/16571696/medium.jpg,12890,Hermit Thrush,data/new_raw/images/f013ce7b-4c1e-4001-992f-de874a20381a.jpg
54004ad1-efde-41cf-a49c-f0e23da19524,https://static.inaturalist.org/photos/16571769/medium.jpg,11853,Swallows and Martins,data/new_raw/images/54004ad1-efde-41cf-a49c-f0e23da19524.jpg
dc59e387-693c-444d-9713-d325a15c35ba,https://static.inaturalist.org/photos/16571820/medium.jpg,9744,Red-winged Blackbird,data/new_raw/images/dc59e387-693c-444d-9713-d325a15c35ba.jpg
31dd1243-6a37-4654-89fd-849b3fbb057d,https://static.inaturalist.org/photos/16571826/medium.jpg,6930,Mallard,data/new_raw/images/31dd1243-6a37-4654-89fd-849b3fbb057d.jpg
2f145bc6-1af1-4b42-857e-6a31978659bb,https://static.inaturalist.org/photos/16571942/medium.jpg,9744,Red-winged Blackbird,data/new_raw/images/2f145bc6-1af1-4b42-857e-6a31978659bb.jpg
37616f98-fa0d-495c-b8f6-af95027f3798,https://static.inaturalist.org/photos/16571966/medium.jpg,6930,Mallard,data/new_raw/images/37616f98-fa0d-495c-b8f6-af95027f3798.jpg
34602395-8950-4c47-94c4-fb32cdb4f61f,https://static.inaturalist.org/photos/16572040/medium.jpg,9602,Common Grackle,data/new_raw/images/34602395-8950-4c47-94c4-fb32cdb4f61f.jpg
4f9346ae-4735-4243-b2ac-eb6bc337e89b,https://static.inaturalist.org/photos/16572251/medium.jpg,43111,Eastern Cottontail,data/new_raw/images/4f9346ae-4735-4243-b2ac-eb6bc337e89b.jpg
f569b434-7efc-45c4-9114-522fcf309b39,https://static.inaturalist.org/photos/16573087/medium.jpg,7089,Canada Goose,data/new_raw/images/f569b434-7efc-45c4-9114-522fcf309b39.jpg
a04d7244-c31f-4096-a014-e6f7b7abd31e,https://static.inaturalist.org/photos/16573185/medium.jpg,6930,Mallard,data/new_raw/images/a04d7244-c31f-4096-a014-e6f7b7abd31e.jpg
b39426c0-f022-4c1c-908a-5c89df35cc88,https://static.inaturalist.org/photos/16573412/medium.jpg,11935,Tree Swallow,data/new_raw/images/b39426c0-f022-4c1c-908a-5c89df35cc88.jpg
d4781640-9199-48d0-a0b4-5c753ebcd235,https://static.inaturalist.org/photos/16574410/medium.jpg,11970,Northern Rough-winged Swallow,data/new_raw/images/d4781640-9199-48d0-a0b4-5c753ebcd235.jpg
1e832e96-6453-419e-9adc-4fae0cf4d595,https://static.inaturalist.org/photos/16574705/medium.jpg,9744,Red-winged Blackbird,data/new_raw/images/1e832e96-6453-419e-9adc-4fae0cf4d595.jpg
e30fcc33-1ebc-4c40-aba4-30acb0d1adca,https://static.inaturalist.org/photos/16574723/medium.jpg,1289388,Ruby-crowned Kinglet,data/new_raw/images/e30fcc33-1ebc-4c40-aba4-30acb0d1adca.jpg
e189bccb-cf9e-4a08-aef4-704092d102a3,https://static.inaturalist.org/photos/16574792/medium.jpg,1289388,Ruby-crowned Kinglet,data/new_raw/images/e189bccb-cf9e-4a08-aef4-704092d102a3.jpg
8b73f93c-6100-4542-a930-05539ea7c348,https://static.inaturalist.org/photos/16575225/medium.jpg,6921,Mute Swan,data/new_raw/images/8b73f93c-6100-4542-a930-05539ea7c348.jpg
cb87996c-caf3-4557-affd-eac195757971,https://static.inaturalist.org/photos/16575287/medium.jpg,1289388,Ruby-crowned Kinglet,data/new_raw/images/cb87996c-caf3-4557-affd-eac195757971.jpg
4026be9b-6592-4e69-9ec0-f707eea9e147,https://static.inaturalist.org/photos/16575301/medium.jpg,11901,Barn Swallow,data/new_raw/images/4026be9b-6592-4e69-9ec0-f707eea9e147.jpg
27ab12ce-9854-4c5c-a420-57e263c9db8f,https://static.inaturalist.org/photos/16575335/medium.jpg,13858,House Sparrow,data/new_raw/images/27ab12ce-9854-4c5c-a420-57e263c9db8f.jpg
4410d467-fa1b-41e0-9755-e34680030305,https://static.inaturalist.org/photos/16575617/medium.jpg,11970,Northern Rough-winged Swallow,data/new_raw/images/4410d467-fa1b-41e0-9755-e34680030305.jpg
345ee59e-010a-418c-8993-b2dbd4f3cd8b,https://static.inaturalist.org/photos/16576335/medium.jpg,4364,Ring-billed Gull,data/new_raw/images/345ee59e-010a-418c-8993-b2dbd4f3cd8b.jpg
7aa76c70-6008-483a-bdae-ac9de779af27,https://static.inaturalist.org/photos/16576659/medium.jpg,4364,Ring-billed Gull,data/new_raw/images/7aa76c70-6008-483a-bdae-ac9de779af27.jpg
f35f70cc-7453-4b7c-944c-62faeebdfb61,https://static.inaturalist.org/photos/16576846/medium.jpg,12727,American Robin,data/new_raw/images/f35f70cc-7453-4b7c-944c-62faeebdfb61.jpg
609e50e2-6d0c-4b23-b591-4f320fb54845,https://static.inaturalist.org/photos/16577097/medium.jpg,4981,Black-crowned Night Heron,data/new_raw/images/609e50e2-6d0c-4b23-b591-4f320fb54845.jpg
0e3c79b8-6bba-4643-be95-37fba0f77772,https://static.inaturalist.org/photos/16577293/medium.jpg,7089,Canada Goose,data/new_raw/images/0e3c79b8-6bba-4643-be95-37fba0f77772.jpg
a141a15a-0060-4a54-9ca5-6193ea9ca0ca,https://static.inaturalist.org/photos/16578786/medium.jpg,3,Birds,data/new_raw/images/a141a15a-0060-4a54-9ca5-6193ea9ca0ca.jpg
2e206991-bcd0-451f-af0e-600ebbddd6cf,https://static.inaturalist.org/photos/16578935/medium.jpg,4258,Chilean Flamingo,data/new_raw/images/2e206991-bcd0-451f-af0e-600ebbddd6cf.jpg
802517dc-3ebd-4fb2-8a4d-0c1b26ff10bd,https://static.inaturalist.org/photos/16579284/medium.jpg,4981,Black-crowned Night Heron,data/new_raw/images/802517dc-3ebd-4fb2-8a4d-0c1b26ff10bd.jpg
a2937dca-e294-4bc4-be6f-30ed53274731,https://static.inaturalist.org/photos/16579374/medium.jpg,3,Birds,data/new_raw/images/a2937dca-e294-4bc4-be6f-30ed53274731.jpg
a9197350-958e-4d5a-bd57-d4c4496042a8,https://static.inaturalist.org/photos/16579892/medium.jpg,43794,American Beaver,data/new_raw/images/a9197350-958e-4d5a-bd57-d4c4496042a8.jpg
fe5f0795-d53b-4ba8-adc6-17f8bce3e63b,https://static.inaturalist.org/photos/16580423/medium.jpg,6921,Mute Swan,data/new_raw/images/fe5f0795-d53b-4ba8-adc6-17f8bce3e63b.jpg
a4420a5e-80e7-4193-bb2c-ee3cf64f8640,https://static.inaturalist.org/photos/16581217/medium.jpg,12727,American Robin,data/new_raw/images/a4420a5e-80e7-4193-bb2c-ee3cf64f8640.jpg
bf2e968b-37bb-43b9-8b09-1f1f709519a0,https://static.inaturalist.org/photos/16584203/medium.jpg,6996,Red-breasted Merganser,data/new_raw/images/bf2e968b-37bb-43b9-8b09-1f1f709519a0.jpg
c2dd8176-d8c2-4c65-a45f-c25de0221993,https://static.inaturalist.org/photos/16584326/medium.jpg,9744,Red-winged Blackbird,data/new_raw/images/c2dd8176-d8c2-4c65-a45f-c25de0221993.jpg
b1bf968f-0d7d-4943-a7b2-48626087177c,https://static.inaturalist.org/photos/16584704/medium.jpg,122767,Feral Pigeon,data/new_raw/images/b1bf968f-0d7d-4943-a7b2-48626087177c.jpg
46e58cc6-1f3a-49ce-9519-edf950c8abb1,https://static.inaturalist.org/photos/16584918/medium.jpeg,12727,American Robin,data/new_raw/images/46e58cc6-1f3a-49ce-9519-edf950c8abb1.jpg
918d9070-fb20-4c43-ae4c-07ea4f50e121,https://static.inaturalist.org/photos/16584944/medium.jpeg,13858,House Sparrow,data/new_raw/images/918d9070-fb20-4c43-ae4c-07ea4f50e121.jpg
74dbffa1-4c1a-4458-8746-fa5586dc6ebe,https://static.inaturalist.org/photos/16585153/medium.jpg,9744,Red-winged Blackbird,data/new_raw/images/74dbffa1-4c1a-4458-8746-fa5586dc6ebe.jpg
62c09d18-cd7f-4b2b-8c68-4a7a97163527,https://static.inaturalist.org/photos/16585241/medium.jpeg,199840,House Finch,data/new_raw/images/62c09d18-cd7f-4b2b-8c68-4a7a97163527.jpg
ee52b8cb-73c7-4d50-85aa-289333ac185f,https://static.inaturalist.org/photos/16585627/medium.jpg,4364,Ring-billed Gull,data/new_raw/images/ee52b8cb-73c7-4d50-85aa-289333ac185f.jpg
2bbacee9-81e4-4a44-8255-0063bc3ae024,https://static.inaturalist.org/photos/16586019/medium.jpg,7089,Canada Goose,data/new_raw/images/2bbacee9-81e4-4a44-8255-0063bc3ae024.jpg
75cd83bb-4fd9-45a6-a3f1-8962677ff3f7,https://static.inaturalist.org/photos/16587523/medium.jpg,3454,Mourning Dove,data/new_raw/images/75cd83bb-4fd9-45a6-a3f1-8962677ff3f7.jpg
d48538ea-90c1-4f9d-b9ac-05646e791eec,https://static.inaturalist.org/photos/16587601/medium.jpg,42044,Wolves and Dogs,data/new_raw/images/d48538ea-90c1-4f9d-b9ac-05646e791eec.jpg
a0dc574f-1451-43e3-a2de-c4faa77b2599,https://static.inaturalist.org/photos/16588520/medium.jpg,4626,Common Loon,data/new_raw/images/a0dc574f-1451-43e3-a2de-c4faa77b2599.jpg
99d27fef-4695-4463-9eec-3f4df9490624,https://static.inaturalist.org/photos/16588872/medium.jpg,7089,Canada Goose,data/new_raw/images/99d27fef-4695-4463-9eec-3f4df9490624.jpg
c2807d4a-d116-49bf-932a-86b3f7eb9899,https://static.inaturalist.org/photos/16589096/medium.jpg,6930,Mallard,data/new_raw/images/c2807d4a-d116-49bf-932a-86b3f7eb9899.jpg
ed8479ba-28ba-4daf-b70c-22e63d99cbd5,https://static.inaturalist.org/photos/16590071/medium.jpg,6996,Red-breasted Merganser,data/new_raw/images/ed8479ba-28ba-4daf-b70c-22e63d99cbd5.jpg
ecd38145-0456-4636-9134-fe6ee9202dba,https://static.inaturalist.org/photos/16590445/medium.jpg,1454382,Double-crested Cormorant,data/new_raw/images/ecd38145-0456-4636-9134-fe6ee9202dba.jpg
9f627247-855b-4ce8-b022-f382b8fa6e99,https://inaturalist-open-data.s3.amazonaws.com/photos/16591243/medium.jpg,7089,Canada Goose,data/new_raw/images/9f627247-855b-4ce8-b022-f382b8fa6e99.jpg
2f2ef19f-8039-4841-9690-279fca8ed77e,https://static.inaturalist.org/photos/16594382/medium.jpg,14850,European Starling,data/new_raw/images/2f2ef19f-8039-4841-9690-279fca8ed77e.jpg
68d5aae9-df2b-445a-8aa4-2a3b9136b4d4,https://static.inaturalist.org/photos/16602711/medium.jpg,7014,Swan Goose,data/new_raw/images/68d5aae9-df2b-445a-8aa4-2a3b9136b4d4.jpg
8bf07002-d28d-4b66-b50f-0e48986a4afd,https://inaturalist-open-data.s3.amazonaws.com/photos/16603365/medium.jpg,13858,House Sparrow,data/new_raw/images/8bf07002-d28d-4b66-b50f-0e48986a4afd.jpg
c640486d-bb40-4b52-b852-248d06a608ff,https://inaturalist-open-data.s3.amazonaws.com/photos/16605692/medium.jpg,46017,Eastern Gray Squirrel,data/new_raw/images/c640486d-bb40-4b52-b852-248d06a608ff.jpg
4ed0f566-f915-4d61-91ea-e66ab9c5c378,https://static.inaturalist.org/photos/16605992/medium.jpg,6930,Mallard,data/new_raw/images/4ed0f566-f915-4d61-91ea-e66ab9c5c378.jpg
b8392f67-b739-4159-9206-2f835a121d02,https://static.inaturalist.org/photos/16606047/medium.jpg,7089,Canada Goose,data/new_raw/images/b8392f67-b739-4159-9206-2f835a121d02.jpg
8b3ae5b9-21fa-490f-ac36-ac6ade74f7e2,https://static.inaturalist.org/photos/16606094/medium.jpg,8021,American Crow,data/new_raw/images/8b3ae5b9-21fa-490f-ac36-ac6ade74f7e2.jpg
7f62c096-8375-4f82-bd87-a7b8f4ec3f84,https://inaturalist-open-data.s3.amazonaws.com/photos/16606130/medium.jpg,792990,Hairy Woodpecker,data/new_raw/images/7f62c096-8375-4f82-bd87-a7b8f4ec3f84.jpg
733dc108-6fd7-4b9d-bbb2-e0b6b2e07086,https://inaturalist-open-data.s3.amazonaws.com/photos/16607057/medium.jpg,7089,Canada Goose,data/new_raw/images/733dc108-6fd7-4b9d-bbb2-e0b6b2e07086.jpg
f9737195-0d91-45de-9975-6ce9396eaedd,https://inaturalist-open-data.s3.amazonaws.com/photos/16607877/medium.jpg,12727,American Robin,data/new_raw/images/f9737195-0d91-45de-9975-6ce9396eaedd.jpg
66e93f66-9e97-4a72-80e9-a64829276f2e,https://inaturalist-open-data.s3.amazonaws.com/photos/16609385/medium.jpeg,11867,Purple Martin,data/new_raw/images/66e93f66-9e97-4a72-80e9-a64829276f2e.jpg
5f305ba5-c5fe-4fc0-b835-bddfede207ae,https://inaturalist-open-data.s3.amazonaws.com/photos/16610898/medium.jpeg,9744,Red-winged Blackbird,data/new_raw/images/5f305ba5-c5fe-4fc0-b835-bddfede207ae.jpg
4ff59eb5-9d3c-412c-9af9-9ef782c2081d,https://inaturalist-open-data.s3.amazonaws.com/photos/16611190/medium.jpeg,14850,European Starling,data/new_raw/images/4ff59eb5-9d3c-412c-9af9-9ef782c2081d.jpg
20415f36-ebb8-445d-b747-638af2f26d37,https://inaturalist-open-data.s3.amazonaws.com/photos/16611457/medium.jpeg,10094,Dark-eyed Junco,data/new_raw/images/20415f36-ebb8-445d-b747-638af2f26d37.jpg
46026de1-4c17-4191-a6e7-f34b86d7f22a,https://inaturalist-open-data.s3.amazonaws.com/photos/16611656/medium.jpeg,18236,Northern Flicker,data/new_raw/images/46026de1-4c17-4191-a6e7-f34b86d7f22a.jpg
4633858c-e984-4c5c-a4db-bfed21d58310,https://inaturalist-open-data.s3.amazonaws.com/photos/16611865/medium.jpeg,12727,American Robin,data/new_raw/images/4633858c-e984-4c5c-a4db-bfed21d58310.jpg
9ec5cc62-a480-4b59-9847-b94a34b9ab9e,https://inaturalist-open-data.s3.amazonaws.com/photos/16612135/medium.jpeg,14898,Brown Thrasher,data/new_raw/images/9ec5cc62-a480-4b59-9847-b94a34b9ab9e.jpg
7c113fb3-d37a-41da-b25b-40fb37d4d117,https://inaturalist-open-data.s3.amazonaws.com/photos/16612883/medium.jpeg,12890,Hermit Thrush,data/new_raw/images/7c113fb3-d37a-41da-b25b-40fb37d4d117.jpg
230ff973-1dfd-42f5-a305-912c351e309f,https://inaturalist-open-data.s3.amazonaws.com/photos/16613693/medium.jpeg,4626,Common Loon,data/new_raw/images/230ff973-1dfd-42f5-a305-912c351e309f.jpg
49bc7cd6-e19e-44be-ae84-f94bbb93f50a,https://inaturalist-open-data.s3.amazonaws.com/photos/16614008/medium.jpeg,473,American Coot,data/new_raw/images/49bc7cd6-e19e-44be-ae84-f94bbb93f50a.jpg
c090ac78-5791-48f4-b11b-985693faafa3,https://inaturalist-open-data.s3.amazonaws.com/photos/16614204/medium.jpeg,9184,White-throated Sparrow,data/new_raw/images/c090ac78-5791-48f4-b11b-985693faafa3.jpg
9efc4365-cdfe-4bfe-b5c9-f063da369510,https://inaturalist-open-data.s3.amazonaws.com/photos/16614467/medium.jpeg,792988,Downy Woodpecker,data/new_raw/images/9efc4365-cdfe-4bfe-b5c9-f063da369510.jpg
276c1766-123f-4e9a-9b45-f64382be7ae1,https://inaturalist-open-data.s3.amazonaws.com/photos/16614682/medium.jpeg,6930,Mallard,data/new_raw/images/276c1766-123f-4e9a-9b45-f64382be7ae1.jpg
9d4440c2-8cb2-484a-bc84-16c1b80a376f,https://inaturalist-open-data.s3.amazonaws.com/photos/16614889/medium.jpeg,9100,Song Sparrow,data/new_raw/images/9d4440c2-8cb2-484a-bc84-16c1b80a376f.jpg
f9681334-345d-43d4-aef0-7e971edf65d7,https://inaturalist-open-data.s3.amazonaws.com/photos/16631637/medium.jpg,7089,Canada Goose,data/new_raw/images/f9681334-345d-43d4-aef0-7e971edf65d7.jpg
99acd1b2-b513-4f9a-9ab4-6b2443841a06,https://inaturalist-open-data.s3.amazonaws.com/photos/16634206/medium.jpg,12890,Hermit Thrush,data/new_raw/images/99acd1b2-b513-4f9a-9ab4-6b2443841a06.jpg
70470d83-682e-4f55-a62b-860e822c61e5,https://inaturalist-open-data.s3.amazonaws.com/photos/16637714/medium.jpg,42051,Coyote,data/new_raw/images/70470d83-682e-4f55-a62b-860e822c61e5.jpg
7023183a-b350-423d-9c1a-f9f2d0f8fef9,https://inaturalist-open-data.s3.amazonaws.com/photos/16642089/medium.jpg,42051,Coyote,data/new_raw/images/7023183a-b350-423d-9c1a-f9f2d0f8fef9.jpg
4978983f-293f-4bc5-b4c1-e910472d2da5,https://inaturalist-open-data.s3.amazonaws.com/photos/16643513/medium.jpg,7089,Canada Goose,data/new_raw/images/4978983f-293f-4bc5-b4c1-e910472d2da5.jpg
648dc738-37d8-46dc-8518-ed4f5c88c746,https://inaturalist-open-data.s3.amazonaws.com/photos/16643833/medium.jpg,6921,Mute Swan,data/new_raw/images/648dc738-37d8-46dc-8518-ed4f5c88c746.jpg
95046615-968b-4f64-9261-46a3db5512e2,https://static.inaturalist.org/photos/16646570/medium.jpg,42223,White-tailed Deer,data/new_raw/images/95046615-968b-4f64-9261-46a3db5512e2.jpg
22a8271b-8057-4bb4-b229-5096d97e7e33,https://static.inaturalist.org/photos/16646792/medium.jpg,42223,White-tailed Deer,data/new_raw/images/22a8271b-8057-4bb4-b229-5096d97e7e33.jpg
31439c80-2098-426a-a9a3-4bce4c7a643d,https://static.inaturalist.org/photos/16646990/medium.jpg,41663,Common Raccoon,data/new_raw/images/31439c80-2098-426a-a9a3-4bce4c7a643d.jpg
9cc42a2c-746a-4f86-8e35-f5dbee081aeb,https://static.inaturalist.org/photos/16648366/medium.jpg,46017,Eastern Gray Squirrel,data/new_raw/images/9cc42a2c-746a-4f86-8e35-f5dbee081aeb.jpg
e00c9e01-ec66-4621-9a42-40dfc0672786,https://inaturalist-open-data.s3.amazonaws.com/photos/16649165/medium.jpg,558433,Blue-winged Teal,data/new_raw/images/e00c9e01-ec66-4621-9a42-40dfc0672786.jpg
2ecbe82e-fd05-4947-a2b8-7f43c8d81c89,https://inaturalist-open-data.s3.amazonaws.com/photos/16650288/medium.jpg,4209,Horned Grebe,data/new_raw/images/2ecbe82e-fd05-4947-a2b8-7f43c8d81c89.jpg
a835ce8f-6308-4e84-a91f-6a63bc059c48,https://static.inaturalist.org/photos/16650849/medium.jpeg,9083,Northern Cardinal,data/new_raw/images/a835ce8f-6308-4e84-a91f-6a63bc059c48.jpg
cdedafb6-27a2-42f2-9ee9-20041f8dc6d2,https://inaturalist-open-data.s3.amazonaws.com/photos/16650906/medium.jpg,473,American Coot,data/new_raw/images/cdedafb6-27a2-42f2-9ee9-20041f8dc6d2.jpg
38a13bcf-c201-4a8b-af8c-ba1ae7768fef,https://inaturalist-open-data.s3.amazonaws.com/photos/16651217/medium.jpg,46017,Eastern Gray Squirrel,data/new_raw/images/38a13bcf-c201-4a8b-af8c-ba1ae7768fef.jpg
237a3087-2b70-4f36-b1d2-0a8f34b3465e,https://inaturalist-open-data.s3.amazonaws.com/photos/16651282/medium.jpg,46020,Eastern Fox Squirrel,data/new_raw/images/237a3087-2b70-4f36-b1d2-0a8f34b3465e.jpg
98f8814b-9fbe-4a0d-a12c-c169ff1aea9b,https://static.inaturalist.org/photos/16652766/medium.jpg,4209,Horned Grebe,data/new_raw/images/98f8814b-9fbe-4a0d-a12c-c169ff1aea9b.jpg
ce57859b-544e-4a46-986d-dc56d8187067,https://inaturalist-open-data.s3.amazonaws.com/photos/16655060/medium.jpg,13858,House Sparrow,data/new_raw/images/ce57859b-544e-4a46-986d-dc56d8187067.jpg
8e1f6898-28e0-4a2c-b376-5f250e21a68b,https://inaturalist-open-data.s3.amazonaws.com/photos/16655128/medium.jpeg,6996,Red-breasted Merganser,data/new_raw/images/8e1f6898-28e0-4a2c-b376-5f250e21a68b.jpg
1f6a6a99-a187-467f-9fa0-65ac6e0a87eb,https://inaturalist-open-data.s3.amazonaws.com/photos/16655196/medium.jpeg,6930,Mallard,data/new_raw/images/1f6a6a99-a187-467f-9fa0-65ac6e0a87eb.jpg
c9356f44-b238-4a8e-a914-e8b15f47b456,https://inaturalist-open-data.s3.amazonaws.com/photos/16656258/medium.jpg,1454382,Double-crested Cormorant,data/new_raw/images/c9356f44-b238-4a8e-a914-e8b15f47b456.jpg
8339f401-f6a8-46ff-8f86-e2647c139a80,https://static.inaturalist.org/photos/16668307/medium.jpg,3,Birds,data/new_raw/images/8339f401-f6a8-46ff-8f86-e2647c139a80.jpg
a2ce22ed-6666-4bcb-a4d5-7b730af06f1f,https://static.inaturalist.org/photos/16668494/medium.jpg,7089,Canada Goose,data/new_raw/images/a2ce22ed-6666-4bcb-a4d5-7b730af06f1f.jpg
f7dc83cb-4bdf-47c1-9242-09097fe25716,https://inaturalist-open-data.s3.amazonaws.com/photos/16669408/medium.jpg,1578489,American Herring Gull,data/new_raw/images/f7dc83cb-4bdf-47c1-9242-09097fe25716.jpg
d57c1e61-c62a-4b94-b636-9a9c5b7b4e2e,https://inaturalist-open-data.s3.amazonaws.com/photos/16669539/medium.jpg,1578489,American Herring Gull,data/new_raw/images/d57c1e61-c62a-4b94-b636-9a9c5b7b4e2e.jpg
f6852e67-2c22-4d84-8800-7fb5ea2cb285,https://inaturalist-open-data.s3.amazonaws.com/photos/16672771/medium.jpg,7458,Brown Creeper,data/new_raw/images/f6852e67-2c22-4d84-8800-7fb5ea2cb285.jpg
7cefb65b-b65f-4311-a76e-b60bd23d8243,https://static.inaturalist.org/photos/16672039/medium.jpg,12727,American Robin,data/new_raw/images/7cefb65b-b65f-4311-a76e-b60bd23d8243.jpg
ef2cc9c8-b60d-49ee-b649-184966e33add,https://static.inaturalist.org/photos/16672928/medium.jpg,7458,Brown Creeper,data/new_raw/images/ef2cc9c8-b60d-49ee-b649-184966e33add.jpg
3a119013-be76-4df7-b98b-5e63b1b8b6a0,https://static.inaturalist.org/photos/16673453/medium.jpg,7089,Canada Goose,data/new_raw/images/3a119013-be76-4df7-b98b-5e63b1b8b6a0.jpg
8bd8d14e-0ecf-4fa8-89c8-1ebc362534cd,https://static.inaturalist.org/photos/16675205/medium.jpg,6930,Mallard,data/new_raw/images/8bd8d14e-0ecf-4fa8-89c8-1ebc362534cd.jpg
65beca89-3c9c-431a-8762-2122d5a66325,https://static.inaturalist.org/photos/16678000/medium.jpeg,12727,American Robin,data/new_raw/images/65beca89-3c9c-431a-8762-2122d5a66325.jpg
b29d34f5-a883-4ace-84cb-7c57d316aba4,https://static.inaturalist.org/photos/16678257/medium.jpeg,13858,House Sparrow,data/new_raw/images/b29d34f5-a883-4ace-84cb-7c57d316aba4.jpg
deffdac2-cb92-4a61-a8dd-1bcf7185cf07,https://inaturalist-open-data.s3.amazonaws.com/photos/16686259/medium.jpg,46017,Eastern Gray Squirrel,data/new_raw/images/deffdac2-cb92-4a61-a8dd-1bcf7185cf07.jpg
5fe6e34c-3a94-4159-ac92-0a1f78e7ddca,https://inaturalist-open-data.s3.amazonaws.com/photos/16686410/medium.jpeg,9744,Red-winged Blackbird,data/new_raw/images/5fe6e34c-3a94-4159-ac92-0a1f78e7ddca.jpg
a4321e89-faef-4fc9-8e18-4cdec8fd5042,https://inaturalist-open-data.s3.amazonaws.com/photos/16687959/medium.jpg,4981,Black-crowned Night Heron,data/new_raw/images/a4321e89-faef-4fc9-8e18-4cdec8fd5042.jpg
e24f3740-90a0-4b96-8f78-962622b06fbe,https://inaturalist-open-data.s3.amazonaws.com/photos/16688809/medium.jpg,4364,Ring-billed Gull,data/new_raw/images/e24f3740-90a0-4b96-8f78-962622b06fbe.jpg
f3f00719-d625-40bc-9c22-e80eb69a2ee2,https://static.inaturalist.org/photos/16693109/medium.jpg,18463,Yellow-bellied Sapsucker,data/new_raw/images/f3f00719-d625-40bc-9c22-e80eb69a2ee2.jpg
cc67e799-3e75-41da-a211-67d816e99ee5,https://inaturalist-open-data.s3.amazonaws.com/photos/16693433/medium.jpg,43111,Eastern Cottontail,data/new_raw/images/cc67e799-3e75-41da-a211-67d816e99ee5.jpg
6cca36a2-3a8f-4c6e-bcd2-9ea85daa139c,https://inaturalist-open-data.s3.amazonaws.com/photos/16694954/medium.jpeg,14850,European Starling,data/new_raw/images/6cca36a2-3a8f-4c6e-bcd2-9ea85daa139c.jpg
7032fb85-f362-41b8-a15e-edfc356d8ca4,https://inaturalist-open-data.s3.amazonaws.com/photos/16695412/medium.jpg,473,American Coot,data/new_raw/images/7032fb85-f362-41b8-a15e-edfc356d8ca4.jpg
9b62918e-df4d-43a5-8977-19dc5c333ea6,https://inaturalist-open-data.s3.amazonaws.com/photos/16695512/medium.jpg,9744,Red-winged Blackbird,data/new_raw/images/9b62918e-df4d-43a5-8977-19dc5c333ea6.jpg
42946ad2-3dd4-4c64-8bc2-7575abcfc520,https://inaturalist-open-data.s3.amazonaws.com/photos/16695625/medium.jpg,18236,Northern Flicker,data/new_raw/images/42946ad2-3dd4-4c64-8bc2-7575abcfc520.jpg
cfc8dfb5-e679-45d9-9778-8ebf82f0ebaa,https://inaturalist-open-data.s3.amazonaws.com/photos/16695700/medium.jpg,7107,Wood Duck,data/new_raw/images/cfc8dfb5-e679-45d9-9778-8ebf82f0ebaa.jpg
4b0b5b02-1479-41b1-bfe7-338f376ae7a1,https://inaturalist-open-data.s3.amazonaws.com/photos/16697298/medium.jpg,4793,Killdeer,data/new_raw/images/4b0b5b02-1479-41b1-bfe7-338f376ae7a1.jpg
4b683299-bd31-4019-90d1-7798e736eaf0,https://inaturalist-open-data.s3.amazonaws.com/photos/16699662/medium.jpg,6930,Mallard,data/new_raw/images/4b683299-bd31-4019-90d1-7798e736eaf0.jpg
99a6e0c8-bd35-4c55-ac57-025d8c8c0587,https://inaturalist-open-data.s3.amazonaws.com/photos/16699693/medium.jpg,1454382,Double-crested Cormorant,data/new_raw/images/99a6e0c8-bd35-4c55-ac57-025d8c8c0587.jpg
8ae7f33a-7e86-43d1-9855-064507f9d09f,https://inaturalist-open-data.s3.amazonaws.com/photos/16699719/medium.jpg,7107,Wood Duck,data/new_raw/images/8ae7f33a-7e86-43d1-9855-064507f9d09f.jpg
478db75c-b325-418a-b6f4-42fc3c695f82,https://inaturalist-open-data.s3.amazonaws.com/photos/16700558/medium.jpg,5305,Bald Eagle,data/new_raw/images/478db75c-b325-418a-b6f4-42fc3c695f82.jpg
c741411b-02f2-4d6d-a655-52048964be23,https://inaturalist-open-data.s3.amazonaws.com/photos/16700836/medium.jpg,558433,Blue-winged Teal,data/new_raw/images/c741411b-02f2-4d6d-a655-52048964be23.jpg
a6b3d026-5ba3-4539-afaa-91095d4fd6c1,https://inaturalist-open-data.s3.amazonaws.com/photos/16708859/medium.jpg,4364,Ring-billed Gull,data/new_raw/images/a6b3d026-5ba3-4539-afaa-91095d4fd6c1.jpg
ac286d7a-4133-46b1-ade0-4a7f051a5c7c,https://inaturalist-open-data.s3.amazonaws.com/photos/16711099/medium.jpeg,12727,American Robin,data/new_raw/images/ac286d7a-4133-46b1-ade0-4a7f051a5c7c.jpg
a1cbb309-fad2-4b16-bb3a-9f16ca1f286c,https://inaturalist-open-data.s3.amazonaws.com/photos/16711445/medium.jpg,1454382,Double-crested Cormorant,data/new_raw/images/a1cbb309-fad2-4b16-bb3a-9f16ca1f286c.jpg
125b17ff-106d-413d-bb68-73487d5154e6,https://inaturalist-open-data.s3.amazonaws.com/photos/16711689/medium.jpg,5212,Red-tailed Hawk,data/new_raw/images/125b17ff-106d-413d-bb68-73487d5154e6.jpg
bb05e79d-8476-4b20-9b2d-b2a5bb1392bd,https://inaturalist-open-data.s3.amazonaws.com/photos/16711930/medium.jpg,12727,American Robin,data/new_raw/images/bb05e79d-8476-4b20-9b2d-b2a5bb1392bd.jpg
4bca137e-5009-43a3-aecb-079003138431,https://inaturalist-open-data.s3.amazonaws.com/photos/16712098/medium.jpg,12727,American Robin,data/new_raw/images/4bca137e-5009-43a3-aecb-079003138431.jpg
83c88b3b-2925-4625-b4af-5a7484c998fe,https://inaturalist-open-data.s3.amazonaws.com/photos/16712288/medium.jpg,13858,House Sparrow,data/new_raw/images/83c88b3b-2925-4625-b4af-5a7484c998fe.jpg
71d442d1-4bfd-474b-9573-ad3432c95228,https://inaturalist-open-data.s3.amazonaws.com/photos/16712304/medium.jpg,46017,Eastern Gray Squirrel,data/new_raw/images/71d442d1-4bfd-474b-9573-ad3432c95228.jpg
a82bb8f8-5f07-4a40-8195-66a6cfc97d08,https://inaturalist-open-data.s3.amazonaws.com/photos/16712417/medium.jpeg,7089,Canada Goose,data/new_raw/images/a82bb8f8-5f07-4a40-8195-66a6cfc97d08.jpg
2d5b505d-68bf-498b-9fa9-369985686a1a,https://inaturalist-open-data.s3.amazonaws.com/photos/16712561/medium.jpg,9424,Eastern Towhee,data/new_raw/images/2d5b505d-68bf-498b-9fa9-369985686a1a.jpg
51767ab4-fe2d-4482-9b01-c8352a926ebc,https://inaturalist-open-data.s3.amazonaws.com/photos/16712659/medium.jpeg,9744,Red-winged Blackbird,data/new_raw/images/51767ab4-fe2d-4482-9b01-c8352a926ebc.jpg
0fbaa4e4-b7e8-483f-9838-ed6ba642438d,https://inaturalist-open-data.s3.amazonaws.com/photos/16713406/medium.jpeg,7089,Canada Goose,data/new_raw/images/0fbaa4e4-b7e8-483f-9838-ed6ba642438d.jpg
613d8624-ca67-4ef9-b81d-819eb4401ad4,https://inaturalist-open-data.s3.amazonaws.com/photos/16713427/medium.jpg,13858,House Sparrow,data/new_raw/images/613d8624-ca67-4ef9-b81d-819eb4401ad4.jpg
e5cc9bc2-2dcf-4da1-98c8-0f0238d74a51,https://inaturalist-open-data.s3.amazonaws.com/photos/16713522/medium.jpg,46017,Eastern Gray Squirrel,data/new_raw/images/e5cc9bc2-2dcf-4da1-98c8-0f0238d74a51.jpg
82c740fd-dc5f-49dc-b826-6f135c0b438e,https://inaturalist-open-data.s3.amazonaws.com/photos/16713855/medium.jpg,4364,Ring-billed Gull,data/new_raw/images/82c740fd-dc5f-49dc-b826-6f135c0b438e.jpg
323ee410-c61d-4adf-8ab7-0953c08ae9cf,https://inaturalist-open-data.s3.amazonaws.com/photos/16714065/medium.jpg,505478,Domestic Chicken,data/new_raw/images/323ee410-c61d-4adf-8ab7-0953c08ae9cf.jpg
410d4e96-e16c-4bf5-9d59-5ad503f9a72c,https://inaturalist-open-data.s3.amazonaws.com/photos/16714130/medium.jpg,42051,Coyote,data/new_raw/images/410d4e96-e16c-4bf5-9d59-5ad503f9a72c.jpg
d4313c41-703e-41c5-96b0-4bb32bdb1d22,https://inaturalist-open-data.s3.amazonaws.com/photos/16717061/medium.jpeg,13858,House Sparrow,data/new_raw/images/d4313c41-703e-41c5-96b0-4bb32bdb1d22.jpg
99530793-41e7-4987-97b8-0ddcf2f731ac,https://inaturalist-open-data.s3.amazonaws.com/photos/16717168/medium.jpeg,13858,House Sparrow,data/new_raw/images/99530793-41e7-4987-97b8-0ddcf2f731ac.jpg
b7441b48-a76f-430f-a044-8991f3cdf7ec,https://inaturalist-open-data.s3.amazonaws.com/photos/16718178/medium.jpeg,13858,House Sparrow,data/new_raw/images/b7441b48-a76f-430f-a044-8991f3cdf7ec.jpg
8d69b001-692a-4e4a-a2c2-cb1379c61312,https://inaturalist-open-data.s3.amazonaws.com/photos/16718201/medium.jpeg,13858,House Sparrow,data/new_raw/images/8d69b001-692a-4e4a-a2c2-cb1379c61312.jpg
32811a7e-d3f3-4d3a-80e3-46e72c9a2532,https://inaturalist-open-data.s3.amazonaws.com/photos/16741749/medium.jpg,11935,Tree Swallow,data/new_raw/images/32811a7e-d3f3-4d3a-80e3-46e72c9a2532.jpg
156bf141-894d-4355-8666-43ea0787386e,https://inaturalist-open-data.s3.amazonaws.com/photos/16743857/medium.jpg,558433,Blue-winged Teal,data/new_raw/images/156bf141-894d-4355-8666-43ea0787386e.jpg
ca7436e6-6c71-4142-8a83-30a64309dbe3,https://inaturalist-open-data.s3.amazonaws.com/photos/16744104/medium.jpg,473,American Coot,data/new_raw/images/ca7436e6-6c71-4142-8a83-30a64309dbe3.jpg
c9e5c470-7dd3-426f-9bfd-e413a7297995,https://inaturalist-open-data.s3.amazonaws.com/photos/16744432/medium.jpg,18236,Northern Flicker,data/new_raw/images/c9e5c470-7dd3-426f-9bfd-e413a7297995.jpg
2c3abcb5-7c2c-40bf-b71f-4268c1454541,https://inaturalist-open-data.s3.amazonaws.com/photos/16767384/medium.jpeg,46017,Eastern Gray Squirrel,data/new_raw/images/2c3abcb5-7c2c-40bf-b71f-4268c1454541.jpg
ceb4ed95-9e4f-46f6-a361-b39b18690b3e,https://inaturalist-open-data.s3.amazonaws.com/photos/16773665/medium.jpeg,555736,Northern Yellow-shafted Flicker,data/new_raw/images/ceb4ed95-9e4f-46f6-a361-b39b18690b3e.jpg
b27926f5-eb9e-4a8c-8dcb-b5d968946cd9,https://static.inaturalist.org/photos/16784144/medium.jpg,9083,Northern Cardinal,data/new_raw/images/b27926f5-eb9e-4a8c-8dcb-b5d968946cd9.jpg
2d51be3d-b32f-43a6-a254-7a128ee50f63,https://inaturalist-open-data.s3.amazonaws.com/photos/16784135/medium.jpeg,13858,House Sparrow,data/new_raw/images/2d51be3d-b32f-43a6-a254-7a128ee50f63.jpg
73fd612f-cf70-4608-9548-c40913a6c3e9,https://static.inaturalist.org/photos/16784297/medium.jpg,199840,House Finch,data/new_raw/images/73fd612f-cf70-4608-9548-c40913a6c3e9.jpg
5ccdf28d-9c7a-45d6-a063-eeef8c8aa6df,https://static.inaturalist.org/photos/16788588/medium.jpg,13858,House Sparrow,data/new_raw/images/5ccdf28d-9c7a-45d6-a063-eeef8c8aa6df.jpg
27c252ca-4742-4894-b6cb-7d69bccfcd1b,https://static.inaturalist.org/photos/16790379/medium.jpg,199840,House Finch,data/new_raw/images/27c252ca-4742-4894-b6cb-7d69bccfcd1b.jpg
eabe7abe-0a5b-4a16-86c2-448e90095db2,https://static.inaturalist.org/photos/16790725/medium.jpg,199840,House Finch,data/new_raw/images/eabe7abe-0a5b-4a16-86c2-448e90095db2.jpg
c0a04ae2-ad40-4309-bfdd-c50acf8a22e4,https://inaturalist-open-data.s3.amazonaws.com/photos/16796208/medium.jpeg,13858,House Sparrow,data/new_raw/images/c0a04ae2-ad40-4309-bfdd-c50acf8a22e4.jpg
a40f7747-7308-4b3a-b9ec-2da774914172,https://static.inaturalist.org/photos/16797857/medium.jpg,12727,American Robin,data/new_raw/images/a40f7747-7308-4b3a-b9ec-2da774914172.jpg
74e17d52-9ee0-4dfe-9837-448553fcd03c,https://static.inaturalist.org/photos/16798003/medium.jpg,12727,American Robin,data/new_raw/images/74e17d52-9ee0-4dfe-9837-448553fcd03c.jpg
e4153098-b66f-4db6-8b15-9e58c02c66c5,https://static.inaturalist.org/photos/16801607/medium.jpg,3454,Mourning Dove,data/new_raw/images/e4153098-b66f-4db6-8b15-9e58c02c66c5.jpg
6244f435-afd9-4cbd-8a0c-8e846920fba0,https://static.inaturalist.org/photos/16811553/medium.jpg,40151,Mammals,data/new_raw/images/6244f435-afd9-4cbd-8a0c-8e846920fba0.jpg
21e80e2b-1f81-474f-9788-c5a4ea30fd9c,https://static.inaturalist.org/photos/16812385/medium.jpg,237437,American Black-crowned Night Heron,data/new_raw/images/21e80e2b-1f81-474f-9788-c5a4ea30fd9c.jpg
320ec95d-921d-421d-8f7f-94bc35bf3656,https://static.inaturalist.org/photos/16812565/medium.jpg,1579017,Cooper's Hawk,data/new_raw/images/320ec95d-921d-421d-8f7f-94bc35bf3656.jpg
16101df3-2a20-4933-a539-1fb392ed0439,https://static.inaturalist.org/photos/16814688/medium.jpg,9744,Red-winged Blackbird,data/new_raw/images/16101df3-2a20-4933-a539-1fb392ed0439.jpg
855563be-d744-4f9c-b45e-c6a72930d9ad,https://inaturalist-open-data.s3.amazonaws.com/photos/16815380/medium.jpg,18236,Northern Flicker,data/new_raw/images/855563be-d744-4f9c-b45e-c6a72930d9ad.jpg
51540185-ed8a-4a75-838d-954e3d5c230b,https://inaturalist-open-data.s3.amazonaws.com/photos/16815829/medium.jpg,6996,Red-breasted Merganser,data/new_raw/images/51540185-ed8a-4a75-838d-954e3d5c230b.jpg
a10455eb-6e3e-4c49-be0a-2c19bf9ff7f9,https://static.inaturalist.org/photos/16815995/medium.jpg,6930,Mallard,data/new_raw/images/a10455eb-6e3e-4c49-be0a-2c19bf9ff7f9.jpg
a6ea16ed-5ac3-4047-9c52-69084b762087,https://static.inaturalist.org/photos/16816593/medium.jpg,9744,Red-winged Blackbird,data/new_raw/images/a6ea16ed-5ac3-4047-9c52-69084b762087.jpg
e8e6bc06-e363-4d45-a9d1-1b18504cc38c,https://static.inaturalist.org/photos/16816706/medium.jpg,6930,Mallard,data/new_raw/images/e8e6bc06-e363-4d45-a9d1-1b18504cc38c.jpg
910d99a7-28a4-43cd-acd1-4714d4295fc1,https://static.inaturalist.org/photos/16817424/medium.jpg,10373,Brown-headed Cowbird,data/new_raw/images/910d99a7-28a4-43cd-acd1-4714d4295fc1.jpg
8a4d1ec5-bd0c-48ce-9647-39ea4cb8cc3d,https://inaturalist-open-data.s3.amazonaws.com/photos/16817952/medium.jpeg,1579017,Cooper's Hawk,data/new_raw/images/8a4d1ec5-bd0c-48ce-9647-39ea4cb8cc3d.jpg
3a76f398-e416-4c2d-a3e3-d6681ac78e7d,https://static.inaturalist.org/photos/16818068/medium.jpg,9744,Red-winged Blackbird,data/new_raw/images/3a76f398-e416-4c2d-a3e3-d6681ac78e7d.jpg
7d7ecfa2-170d-4eee-93fe-4e224a0712c6,https://static.inaturalist.org/photos/16819177/medium.jpg,2548,Belted Kingfisher,data/new_raw/images/7d7ecfa2-170d-4eee-93fe-4e224a0712c6.jpg
c902eec7-d3de-40a8-9507-e642fc7c8bf2,https://static.inaturalist.org/photos/16830195/medium.jpg,43111,Eastern Cottontail,data/new_raw/images/c902eec7-d3de-40a8-9507-e642fc7c8bf2.jpg
21d95866-c9df-441e-ac77-0c90872bada0,https://static.inaturalist.org/photos/16832659/medium.jpg,199840,House Finch,data/new_raw/images/21d95866-c9df-441e-ac77-0c90872bada0.jpg
4bd5685c-c164-44c9-a500-705ada56a0d6,https://static.inaturalist.org/photos/16832720/medium.jpg,14850,European Starling,data/new_raw/images/4bd5685c-c164-44c9-a500-705ada56a0d6.jpg
687f391a-507d-4c9e-8e41-a7617fdb1064,https://static.inaturalist.org/photos/16832756/medium.jpg,18463,Yellow-bellied Sapsucker,data/new_raw/images/687f391a-507d-4c9e-8e41-a7617fdb1064.jpg
71f2d068-918c-46dc-a028-b3df835bf4ae,https://inaturalist-open-data.s3.amazonaws.com/photos/16842443/medium.jpg,12727,American Robin,data/new_raw/images/71f2d068-918c-46dc-a028-b3df835bf4ae.jpg
46643f4c-d5a7-450d-8cab-35bb461f04ef,https://inaturalist-open-data.s3.amazonaws.com/photos/16843420/medium.jpg,11901,Barn Swallow,data/new_raw/images/46643f4c-d5a7-450d-8cab-35bb461f04ef.jpg
3fd0d550-d878-4caf-8d14-011c1972f7f5,https://inaturalist-open-data.s3.amazonaws.com/photos/16843792/medium.jpg,5020,Green Heron,data/new_raw/images/3fd0d550-d878-4caf-8d14-011c1972f7f5.jpg
e5202e47-8a13-4006-a745-17ed91113d5a,https://inaturalist-open-data.s3.amazonaws.com/photos/16844227/medium.jpg,145245,Yellow-rumped Warbler,data/new_raw/images/e5202e47-8a13-4006-a745-17ed91113d5a.jpg
a2e75ecd-7779-4a40-b968-420d234f16be,https://static.inaturalist.org/photos/16844885/medium.jpg,1579017,Cooper's Hawk,data/new_raw/images/a2e75ecd-7779-4a40-b968-420d234f16be.jpg
34623310-3971-44ca-b163-dda822b5a03e,https://inaturalist-open-data.s3.amazonaws.com/photos/16847518/medium.jpeg,5212,Red-tailed Hawk,data/new_raw/images/34623310-3971-44ca-b163-dda822b5a03e.jpg
074e0c58-1fb2-43f8-857c-7a077b2d0bde,https://inaturalist-open-data.s3.amazonaws.com/photos/16851435/medium.jpg,46217,Eastern Chipmunk,data/new_raw/images/074e0c58-1fb2-43f8-857c-7a077b2d0bde.jpg
89bddf94-b284-4995-86e9-f1991aa88018,https://static.inaturalist.org/photos/16853793/medium.jpg,3454,Mourning Dove,data/new_raw/images/89bddf94-b284-4995-86e9-f1991aa88018.jpg
a8965842-8fc2-4ad1-9b2a-4d9dc7f64315,https://static.inaturalist.org/photos/16853848/medium.jpg,12727,American Robin,data/new_raw/images/a8965842-8fc2-4ad1-9b2a-4d9dc7f64315.jpg
99c23e43-8749-4d2c-86cc-e38474e7d48d,https://static.inaturalist.org/photos/16861005/medium.jpg,47144,Domestic Dog,data/new_raw/images/99c23e43-8749-4d2c-86cc-e38474e7d48d.jpg
077cacb5-e51b-4058-b4ec-2b77155747a9,https://inaturalist-open-data.s3.amazonaws.com/photos/16866582/medium.jpeg,42051,Coyote,data/new_raw/images/077cacb5-e51b-4058-b4ec-2b77155747a9.jpg
d736673b-2f49-4189-b3e3-3b089a0c58b4,https://static.inaturalist.org/photos/16868180/medium.jpg,12727,American Robin,data/new_raw/images/d736673b-2f49-4189-b3e3-3b089a0c58b4.jpg
d5df0271-6e46-45c8-88bc-96b4d710d850,https://static.inaturalist.org/photos/16874399/medium.jpg,7089,Canada Goose,data/new_raw/images/d5df0271-6e46-45c8-88bc-96b4d710d850.jpg
f633530d-05cc-4598-a094-624bba39672a,https://static.inaturalist.org/photos/16875077/medium.jpg,6930,Mallard,data/new_raw/images/f633530d-05cc-4598-a094-624bba39672a.jpg
e2560f4c-66f9-4805-8fa9-12f986f73b45,https://static.inaturalist.org/photos/16876718/medium.jpg,13858,House Sparrow,data/new_raw/images/e2560f4c-66f9-4805-8fa9-12f986f73b45.jpg
29cb052f-4802-471d-b989-cbca1dc82fab,https://static.inaturalist.org/photos/16876866/medium.jpg,12727,American Robin,data/new_raw/images/29cb052f-4802-471d-b989-cbca1dc82fab.jpg
18668c95-1d4b-4df8-a3f6-83c989a109d1,https://inaturalist-open-data.s3.amazonaws.com/photos/16877858/medium.jpeg,792988,Downy Woodpecker,data/new_raw/images/18668c95-1d4b-4df8-a3f6-83c989a109d1.jpg
7b0c3fbd-5f91-410d-987b-c2836eb04829,https://static.inaturalist.org/photos/16879083/medium.jpg,7458,Brown Creeper,data/new_raw/images/7b0c3fbd-5f91-410d-987b-c2836eb04829.jpg
9b073694-ea88-463f-9c67-4c482fe08746,https://static.inaturalist.org/photos/16879762/medium.jpg,117100,Golden-crowned Kinglet,data/new_raw/images/9b073694-ea88-463f-9c67-4c482fe08746.jpg
2438018c-1eb2-40d0-a335-8e510924f11b,https://static.inaturalist.org/photos/16885057/medium.jpg,18236,Northern Flicker,data/new_raw/images/2438018c-1eb2-40d0-a335-8e510924f11b.jpg
6048e468-75ff-49b5-b730-9e70e4e72c88,https://inaturalist-open-data.s3.amazonaws.com/photos/16894633/medium.jpg,44349,North American Deer Mice,data/new_raw/images/6048e468-75ff-49b5-b730-9e70e4e72c88.jpg
2d2e5a70-ab2c-4fea-8ab4-e6c7059b0e26,https://inaturalist-open-data.s3.amazonaws.com/photos/16899270/medium.jpg,1579017,Cooper's Hawk,data/new_raw/images/2d2e5a70-ab2c-4fea-8ab4-e6c7059b0e26.jpg
bed5a41d-14e4-463b-9538-056f287d9da7,https://inaturalist-open-data.s3.amazonaws.com/photos/16900115/medium.jpeg,1289388,Ruby-crowned Kinglet,data/new_raw/images/bed5a41d-14e4-463b-9538-056f287d9da7.jpg
9d152877-047d-4e7a-97d1-cf3c587e041a,https://inaturalist-open-data.s3.amazonaws.com/photos/16900878/medium.jpeg,6930,Mallard,data/new_raw/images/9d152877-047d-4e7a-97d1-cf3c587e041a.jpg
3d3cd2b7-8603-4bac-b797-d8c0ad9842fc,https://inaturalist-open-data.s3.amazonaws.com/photos/16915780/medium.jpg,4364,Ring-billed Gull,data/new_raw/images/3d3cd2b7-8603-4bac-b797-d8c0ad9842fc.jpg
e2b5ebd5-f785-44c1-b753-2759a58bcefe,https://inaturalist-open-data.s3.amazonaws.com/photos/16915954/medium.jpg,4209,Horned Grebe,data/new_raw/images/e2b5ebd5-f785-44c1-b753-2759a58bcefe.jpg
167ab817-8b8c-4e3e-bcde-5d2cf3dadcf1,https://inaturalist-open-data.s3.amazonaws.com/photos/16916596/medium.jpeg,7107,Wood Duck,data/new_raw/images/167ab817-8b8c-4e3e-bcde-5d2cf3dadcf1.jpg
ea77f1ce-5be5-4f07-9624-f13545a23c08,https://inaturalist-open-data.s3.amazonaws.com/photos/16920901/medium.jpeg,6930,Mallard,data/new_raw/images/ea77f1ce-5be5-4f07-9624-f13545a23c08.jpg
f14bcd64-bf72-4938-b325-22585696d3f8,https://inaturalist-open-data.s3.amazonaws.com/photos/16922474/medium.jpeg,7089,Canada Goose,data/new_raw/images/f14bcd64-bf72-4938-b325-22585696d3f8.jpg
0dfa38c2-09f7-4115-b7e9-1140fbcd885d,https://static.inaturalist.org/photos/16923211/medium.jpeg,6930,Mallard,data/new_raw/images/0dfa38c2-09f7-4115-b7e9-1140fbcd885d.jpg
e8694905-200a-49e6-9caa-24f722d27049,https://static.inaturalist.org/photos/16923531/medium.jpg,4364,Ring-billed Gull,data/new_raw/images/e8694905-200a-49e6-9caa-24f722d27049.jpg
42c84b25-24e8-4129-82dc-dc705e1b5ede,https://inaturalist-open-data.s3.amazonaws.com/photos/16924187/medium.jpg,46017,Eastern Gray Squirrel,data/new_raw/images/42c84b25-24e8-4129-82dc-dc705e1b5ede.jpg
3d3b037b-248d-44df-91e9-ee031f859ab2,https://inaturalist-open-data.s3.amazonaws.com/photos/16924107/medium.jpg,7089,Canada Goose,data/new_raw/images/3d3b037b-248d-44df-91e9-ee031f859ab2.jpg
f6e8c468-d612-4715-8c0d-35ec42c86a9a,https://inaturalist-open-data.s3.amazonaws.com/photos/16924335/medium.jpg,6930,Mallard,data/new_raw/images/f6e8c468-d612-4715-8c0d-35ec42c86a9a.jpg
c5c46319-632e-4fe6-a8f9-f393f30b6fa0,https://inaturalist-open-data.s3.amazonaws.com/photos/16924351/medium.jpg,46017,Eastern Gray Squirrel,data/new_raw/images/c5c46319-632e-4fe6-a8f9-f393f30b6fa0.jpg
ab9f98ad-32e1-4fe7-9fe3-f9665cceebf4,https://static.inaturalist.org/photos/16927086/medium.jpg,4793,Killdeer,data/new_raw/images/ab9f98ad-32e1-4fe7-9fe3-f9665cceebf4.jpg
f89a59ec-da75-4502-a570-11da208637cd,https://static.inaturalist.org/photos/16927673/medium.jpg,72458,Spotted Sandpiper,data/new_raw/images/f89a59ec-da75-4502-a570-11da208637cd.jpg
23243c22-38fb-4172-a5b0-5c63e52f9e56,https://static.inaturalist.org/photos/16928798/medium.jpg,4246,Pied-billed Grebe,data/new_raw/images/23243c22-38fb-4172-a5b0-5c63e52f9e56.jpg
08113430-88ee-4f5a-a2b7-14847a37a47d,https://static.inaturalist.org/photos/16929291/medium.jpg,9152,Field Sparrow,data/new_raw/images/08113430-88ee-4f5a-a2b7-14847a37a47d.jpg
e9072e53-f106-46a1-bb0e-62a033b8dc37,https://static.inaturalist.org/photos/16930218/medium.jpg,5206,Red-shouldered Hawk,data/new_raw/images/e9072e53-f106-46a1-bb0e-62a033b8dc37.jpg
fc09fbf5-1d88-4b09-bcca-273cfb2ca486,https://static.inaturalist.org/photos/16931196/medium.jpg,145310,American Goldfinch,data/new_raw/images/fc09fbf5-1d88-4b09-bcca-273cfb2ca486.jpg
d17e2b96-d3a0-42fa-a8e1-ebf78bf2b362,https://static.inaturalist.org/photos/16933529/medium.jpg,43111,Eastern Cottontail,data/new_raw/images/d17e2b96-d3a0-42fa-a8e1-ebf78bf2b362.jpg
d45e855b-d326-40b4-a4d1-f2d33eabcf12,https://inaturalist-open-data.s3.amazonaws.com/photos/16929713/medium.jpg,1289388,Ruby-crowned Kinglet,data/new_raw/images/d45e855b-d326-40b4-a4d1-f2d33eabcf12.jpg
11ba142f-f531-47ca-a57a-58cfdf58a326,https://inaturalist-open-data.s3.amazonaws.com/photos/16929882/medium.jpg,9744,Red-winged Blackbird,data/new_raw/images/11ba142f-f531-47ca-a57a-58cfdf58a326.jpg
b10f1452-37dd-4088-91e7-5cf03b03bfb0,https://inaturalist-open-data.s3.amazonaws.com/photos/16933989/medium.jpg,46017,Eastern Gray Squirrel,data/new_raw/images/b10f1452-37dd-4088-91e7-5cf03b03bfb0.jpg
2565a1d2-a47a-4d6e-ae4f-dce1cffde89c,https://inaturalist-open-data.s3.amazonaws.com/photos/16929914/medium.jpg,4364,Ring-billed Gull,data/new_raw/images/2565a1d2-a47a-4d6e-ae4f-dce1cffde89c.jpg
7c63290b-bf1e-4067-a492-6544a31e3dee,https://inaturalist-open-data.s3.amazonaws.com/photos/16930004/medium.jpg,6930,Mallard,data/new_raw/images/7c63290b-bf1e-4067-a492-6544a31e3dee.jpg
89cc91a2-5fb0-4db1-bda7-3c38c6321754,https://inaturalist-open-data.s3.amazonaws.com/photos/16931968/medium.jpg,7107,Wood Duck,data/new_raw/images/89cc91a2-5fb0-4db1-bda7-3c38c6321754.jpg
ad0ff2ea-fc45-4beb-9e0a-81520dafe98b,https://inaturalist-open-data.s3.amazonaws.com/photos/16934905/medium.jpg,11901,Barn Swallow,data/new_raw/images/ad0ff2ea-fc45-4beb-9e0a-81520dafe98b.jpg
bef1e532-38c1-4bae-a8be-525b7118c18b,https://inaturalist-open-data.s3.amazonaws.com/photos/16935446/medium.jpg,1454382,Double-crested Cormorant,data/new_raw/images/bef1e532-38c1-4bae-a8be-525b7118c18b.jpg
b430f61e-b931-4105-a69c-aa65a060c67c,https://inaturalist-open-data.s3.amazonaws.com/photos/16935806/medium.jpg,6930,Mallard,data/new_raw/images/b430f61e-b931-4105-a69c-aa65a060c67c.jpg
7c3eb0c5-e0e7-435b-9103-2b61bb76d1fd,https://inaturalist-open-data.s3.amazonaws.com/photos/16935981/medium.jpg,7458,Brown Creeper,data/new_raw/images/7c3eb0c5-e0e7-435b-9103-2b61bb76d1fd.jpg
7a57cf9a-7cbc-4e83-aa34-518f34d7148b,https://inaturalist-open-data.s3.amazonaws.com/photos/16936055/medium.jpg,9083,Northern Cardinal,data/new_raw/images/7a57cf9a-7cbc-4e83-aa34-518f34d7148b.jpg
58426b8d-7284-41b1-8431-d12e9724a346,https://inaturalist-open-data.s3.amazonaws.com/photos/16936315/medium.jpg,18236,Northern Flicker,data/new_raw/images/58426b8d-7284-41b1-8431-d12e9724a346.jpg
33cb67ac-4b74-4d79-9e9b-84b909d608bb,https://inaturalist-open-data.s3.amazonaws.com/photos/16936508/medium.jpg,145310,American Goldfinch,data/new_raw/images/33cb67ac-4b74-4d79-9e9b-84b909d608bb.jpg
c3ab825e-65a3-43b7-9b67-895dabe9eab0,https://inaturalist-open-data.s3.amazonaws.com/photos/16936833/medium.jpg,7089,Canada Goose,data/new_raw/images/c3ab825e-65a3-43b7-9b67-895dabe9eab0.jpg
fa50b5ca-14f5-497f-9009-01540930eb3b,https://inaturalist-open-data.s3.amazonaws.com/photos/16937000/medium.jpg,7054,Lesser Scaup,data/new_raw/images/fa50b5ca-14f5-497f-9009-01540930eb3b.jpg
7bff6d5e-6ad0-4b65-bccc-baa2a41053b5,https://inaturalist-open-data.s3.amazonaws.com/photos/16937214/medium.jpg,117100,Golden-crowned Kinglet,data/new_raw/images/7bff6d5e-6ad0-4b65-bccc-baa2a41053b5.jpg
e00f136a-e069-4865-8695-7fb1df2162a0,https://inaturalist-open-data.s3.amazonaws.com/photos/16937842/medium.jpg,4793,Killdeer,data/new_raw/images/e00f136a-e069-4865-8695-7fb1df2162a0.jpg
19931562-3ecb-4ae3-aaf4-c643187cbf9d,https://inaturalist-open-data.s3.amazonaws.com/photos/16938053/medium.jpg,144491,Willet,data/new_raw/images/19931562-3ecb-4ae3-aaf4-c643187cbf9d.jpg
8ba3d6d1-9551-456c-97aa-b9d8958e0269,https://inaturalist-open-data.s3.amazonaws.com/photos/16938431/medium.jpg,9744,Red-winged Blackbird,data/new_raw/images/8ba3d6d1-9551-456c-97aa-b9d8958e0269.jpg
32424ce7-bbfe-48c3-9c18-d5774483ae31,https://inaturalist-open-data.s3.amazonaws.com/photos/16938452/medium.jpg,9083,Northern Cardinal,data/new_raw/images/32424ce7-bbfe-48c3-9c18-d5774483ae31.jpg
9bd635ff-164c-400a-a6c8-8fcca335d26c,https://inaturalist-open-data.s3.amazonaws.com/photos/16938529/medium.jpg,46217,Eastern Chipmunk,data/new_raw/images/9bd635ff-164c-400a-a6c8-8fcca335d26c.jpg
07f83e2d-433f-4974-b3ee-ee133ca158f1,https://inaturalist-open-data.s3.amazonaws.com/photos/16938771/medium.jpg,792988,Downy Woodpecker,data/new_raw/images/07f83e2d-433f-4974-b3ee-ee133ca158f1.jpg
c61af50e-a0fc-48b0-a3ce-d3df0bc52336,https://inaturalist-open-data.s3.amazonaws.com/photos/16939537/medium.jpg,4209,Horned Grebe,data/new_raw/images/c61af50e-a0fc-48b0-a3ce-d3df0bc52336.jpg
98fb1319-271e-4f69-a634-8b8148e0b0f5,https://inaturalist-open-data.s3.amazonaws.com/photos/16940514/medium.jpg,7089,Canada Goose,data/new_raw/images/98fb1319-271e-4f69-a634-8b8148e0b0f5.jpg
88accaf0-a4ff-48b6-87df-009504fd9c95,https://inaturalist-open-data.s3.amazonaws.com/photos/16940587/medium.jpg,120479,Domestic Greylag Goose,data/new_raw/images/88accaf0-a4ff-48b6-87df-009504fd9c95.jpg
940d0d9e-0bfd-4fe0-ad05-c4b23fb4948d,https://inaturalist-open-data.s3.amazonaws.com/photos/16941187/medium.jpg,4981,Black-crowned Night Heron,data/new_raw/images/940d0d9e-0bfd-4fe0-ad05-c4b23fb4948d.jpg
a29e2edd-bc87-45b5-8671-41cf48027f09,https://inaturalist-open-data.s3.amazonaws.com/photos/16941517/medium.jpg,5020,Green Heron,data/new_raw/images/a29e2edd-bc87-45b5-8671-41cf48027f09.jpg
4cbf11da-39d2-4363-8ef1-36576c6f5874,https://inaturalist-open-data.s3.amazonaws.com/photos/16942331/medium.jpg,46217,Eastern Chipmunk,data/new_raw/images/4cbf11da-39d2-4363-8ef1-36576c6f5874.jpg
9fab5cf0-ceab-477b-b359-895ef04c0269,https://inaturalist-open-data.s3.amazonaws.com/photos/16942454/medium.jpg,2548,Belted Kingfisher,data/new_raw/images/9fab5cf0-ceab-477b-b359-895ef04c0269.jpg
5ad3699f-cae7-419e-8056-d2004c07dbbc,https://inaturalist-open-data.s3.amazonaws.com/photos/16944280/medium.jpg,7107,Wood Duck,data/new_raw/images/5ad3699f-cae7-419e-8056-d2004c07dbbc.jpg
e7a67c30-aa6f-4d17-b447-6ce0bc351900,https://inaturalist-open-data.s3.amazonaws.com/photos/16944485/medium.jpg,17008,Eastern Phoebe,data/new_raw/images/e7a67c30-aa6f-4d17-b447-6ce0bc351900.jpg
e650aa4a-8a45-4579-8d8d-ff1958c88e47,https://inaturalist-open-data.s3.amazonaws.com/photos/16944712/medium.jpg,558438,Northern Shoveler,data/new_raw/images/e650aa4a-8a45-4579-8d8d-ff1958c88e47.jpg
c7c6f6fb-d533-4029-a830-a6721506b4c4,https://inaturalist-open-data.s3.amazonaws.com/photos/16944897/medium.jpg,10322,Rusty Blackbird,data/new_raw/images/c7c6f6fb-d533-4029-a830-a6721506b4c4.jpg
8591c53a-b7bb-4b1c-a131-7845ace82e36,https://inaturalist-open-data.s3.amazonaws.com/photos/16945539/medium.jpg,72458,Spotted Sandpiper,data/new_raw/images/8591c53a-b7bb-4b1c-a131-7845ace82e36.jpg
af0cb24d-217a-4fb5-9c36-1fe482c85a28,https://inaturalist-open-data.s3.amazonaws.com/photos/16945763/medium.jpg,7107,Wood Duck,data/new_raw/images/af0cb24d-217a-4fb5-9c36-1fe482c85a28.jpg
51a7a675-8c46-46b6-a821-35714cfedd7b,https://inaturalist-open-data.s3.amazonaws.com/photos/16945878/medium.jpg,474210,American Tree Sparrow,data/new_raw/images/51a7a675-8c46-46b6-a821-35714cfedd7b.jpg
f5aca236-a9ed-4f4b-9623-9dc6b3030036,https://inaturalist-open-data.s3.amazonaws.com/photos/16946117/medium.jpg,9135,Chipping Sparrow,data/new_raw/images/f5aca236-a9ed-4f4b-9623-9dc6b3030036.jpg
119a992c-7ea0-47a4-b501-7c1e9342137e,https://inaturalist-open-data.s3.amazonaws.com/photos/16946291/medium.jpg,145242,Palm Warbler,data/new_raw/images/119a992c-7ea0-47a4-b501-7c1e9342137e.jpg
a51e4487-1afe-4836-bf59-97f3743d9f90,https://inaturalist-open-data.s3.amazonaws.com/photos/16946531/medium.jpg,9096,Swamp Sparrow,data/new_raw/images/a51e4487-1afe-4836-bf59-97f3743d9f90.jpg
6bb09a25-8b39-4c0d-8f2b-beab697b872f,https://inaturalist-open-data.s3.amazonaws.com/photos/16946790/medium.jpg,6930,Mallard,data/new_raw/images/6bb09a25-8b39-4c0d-8f2b-beab697b872f.jpg
0ed89805-60da-405b-a75c-602a1c48b664,https://inaturalist-open-data.s3.amazonaws.com/photos/16947053/medium.jpg,9744,Red-winged Blackbird,data/new_raw/images/0ed89805-60da-405b-a75c-602a1c48b664.jpg
4cfddf1f-5b61-4ce2-9d77-87bf6961de64,https://inaturalist-open-data.s3.amazonaws.com/photos/16947209/medium.jpg,9744,Red-winged Blackbird,data/new_raw/images/4cfddf1f-5b61-4ce2-9d77-87bf6961de64.jpg
76d8815d-780f-43e6-800f-9670adf5e444,https://inaturalist-open-data.s3.amazonaws.com/photos/16947445/medium.jpg,9083,Northern Cardinal,data/new_raw/images/76d8815d-780f-43e6-800f-9670adf5e444.jpg
2ba7ca9e-5681-4b95-90d1-4d7ad679ed79,https://inaturalist-open-data.s3.amazonaws.com/photos/16947599/medium.jpg,12727,American Robin,data/new_raw/images/2ba7ca9e-5681-4b95-90d1-4d7ad679ed79.jpg
dc9ae4c4-5595-4863-a0cb-19c197c9db85,https://inaturalist-open-data.s3.amazonaws.com/photos/16947956/medium.jpg,850859,Ruddy Duck,data/new_raw/images/dc9ae4c4-5595-4863-a0cb-19c197c9db85.jpg
982167a2-dafb-4565-bfb7-4ab5870a08bf,https://inaturalist-open-data.s3.amazonaws.com/photos/16948098/medium.jpg,9100,Song Sparrow,data/new_raw/images/982167a2-dafb-4565-bfb7-4ab5870a08bf.jpg
58d2315a-dee8-4ca6-9dd8-641aad8cd1f7,https://static.inaturalist.org/photos/16948308/medium.jpg,7107,Wood Duck,data/new_raw/images/58d2315a-dee8-4ca6-9dd8-641aad8cd1f7.jpg
85085836-ab61-486f-b33e-9c6efb2d498a,https://inaturalist-open-data.s3.amazonaws.com/photos/16948271/medium.jpg,558433,Blue-winged Teal,data/new_raw/images/85085836-ab61-486f-b33e-9c6efb2d498a.jpg
cf07f6dd-3506-4cae-a751-5ff159eeb934,https://inaturalist-open-data.s3.amazonaws.com/photos/16948598/medium.jpg,10373,Brown-headed Cowbird,data/new_raw/images/cf07f6dd-3506-4cae-a751-5ff159eeb934.jpg
d10486ac-b039-428a-8e40-78a46dba5969,https://inaturalist-open-data.s3.amazonaws.com/photos/16948767/medium.jpg,9176,White-crowned Sparrow,data/new_raw/images/d10486ac-b039-428a-8e40-78a46dba5969.jpg
e3603d27-962d-427c-86bf-2a08877a4faf,https://inaturalist-open-data.s3.amazonaws.com/photos/16948862/medium.jpg,14850,European Starling,data/new_raw/images/e3603d27-962d-427c-86bf-2a08877a4faf.jpg
82d2332c-5358-4f92-952b-a38051fad9ca,https://inaturalist-open-data.s3.amazonaws.com/photos/16949027/medium.jpg,4956,Great Blue Heron,data/new_raw/images/82d2332c-5358-4f92-952b-a38051fad9ca.jpg
144f2057-ebf4-4a36-ba3e-61c51a27d7ac,https://inaturalist-open-data.s3.amazonaws.com/photos/16949315/medium.jpg,7089,Canada Goose,data/new_raw/images/144f2057-ebf4-4a36-ba3e-61c51a27d7ac.jpg
4f5679a1-818b-4058-823c-4591b202d05f,https://inaturalist-open-data.s3.amazonaws.com/photos/16949745/medium.jpg,17008,Eastern Phoebe,data/new_raw/images/4f5679a1-818b-4058-823c-4591b202d05f.jpg
1df10486-0e53-4f2b-a8f2-6010bc7bcdef,https://inaturalist-open-data.s3.amazonaws.com/photos/16949935/medium.jpg,12890,Hermit Thrush,data/new_raw/images/1df10486-0e53-4f2b-a8f2-6010bc7bcdef.jpg
5551cb11-7e95-46ae-89ac-b20bb6fb1fc2,https://inaturalist-open-data.s3.amazonaws.com/photos/16950709/medium.jpg,9184,White-throated Sparrow,data/new_raw/images/5551cb11-7e95-46ae-89ac-b20bb6fb1fc2.jpg
607948db-5b46-4dda-8585-a63cd96e764d,https://static.inaturalist.org/photos/16951216/medium.jpeg,5020,Green Heron,data/new_raw/images/607948db-5b46-4dda-8585-a63cd96e764d.jpg
e270e4bb-dd9a-49b7-8d31-16f424ae8582,https://static.inaturalist.org/photos/16951361/medium.jpg,9083,Northern Cardinal,data/new_raw/images/e270e4bb-dd9a-49b7-8d31-16f424ae8582.jpg
1dee3fe0-d2cd-4c3c-9303-57c4bcef131f,https://static.inaturalist.org/photos/16952070/medium.jpeg,4956,Great Blue Heron,data/new_raw/images/1dee3fe0-d2cd-4c3c-9303-57c4bcef131f.jpg
32436c3e-4bbc-4196-b0b9-76f1063e92b6,https://static.inaturalist.org/photos/16952686/medium.jpeg,7107,Wood Duck,data/new_raw/images/32436c3e-4bbc-4196-b0b9-76f1063e92b6.jpg
66b917dc-1c6b-4b09-b0be-967a2df06299,https://static.inaturalist.org/photos/16952824/medium.jpeg,4364,Ring-billed Gull,data/new_raw/images/66b917dc-1c6b-4b09-b0be-967a2df06299.jpg
06e5700c-634b-4f2d-946b-916ef4a2e9ea,https://static.inaturalist.org/photos/16952946/medium.jpeg,14850,European Starling,data/new_raw/images/06e5700c-634b-4f2d-946b-916ef4a2e9ea.jpg
88f2f03b-ec6d-4dd0-b826-359be68cc423,https://static.inaturalist.org/photos/16953207/medium.jpeg,6930,Mallard,data/new_raw/images/88f2f03b-ec6d-4dd0-b826-359be68cc423.jpg
b1e0ba61-04ae-4aae-bd83-24827614f1b0,https://static.inaturalist.org/photos/16953324/medium.jpeg,7458,Brown Creeper,data/new_raw/images/b1e0ba61-04ae-4aae-bd83-24827614f1b0.jpg
f416e557-f680-41ad-876c-1a721f972bde,https://static.inaturalist.org/photos/16953536/medium.jpeg,12727,American Robin,data/new_raw/images/f416e557-f680-41ad-876c-1a721f972bde.jpg
cbca155b-af73-48d2-976c-b0c1acb0f57f,https://static.inaturalist.org/photos/16953741/medium.jpeg,17008,Eastern Phoebe,data/new_raw/images/cbca155b-af73-48d2-976c-b0c1acb0f57f.jpg
bed07fdd-0561-4883-b141-64447e532888,https://static.inaturalist.org/photos/16953862/medium.jpeg,5206,Red-shouldered Hawk,data/new_raw/images/bed07fdd-0561-4883-b141-64447e532888.jpg
32e657e0-566f-4aa2-b476-24508f3331e5,https://static.inaturalist.org/photos/16953978/medium.jpeg,18205,Red-bellied Woodpecker,data/new_raw/images/32e657e0-566f-4aa2-b476-24508f3331e5.jpg
284ba7f3-2722-415c-809f-5315482dfc40,https://inaturalist-open-data.s3.amazonaws.com/photos/16974477/medium.jpeg,43794,American Beaver,data/new_raw/images/284ba7f3-2722-415c-809f-5315482dfc40.jpg
fdf052fc-352d-4ed9-8f9f-e2d0d9dea79a,https://inaturalist-open-data.s3.amazonaws.com/photos/16976637/medium.jpeg,42223,White-tailed Deer,data/new_raw/images/fdf052fc-352d-4ed9-8f9f-e2d0d9dea79a.jpg
7b640837-ca47-4354-a1ed-d778bd376b5e,https://inaturalist-open-data.s3.amazonaws.com/photos/16978274/medium.jpeg,42223,White-tailed Deer,data/new_raw/images/7b640837-ca47-4354-a1ed-d778bd376b5e.jpg
4d686085-cd78-4a0c-9d1f-cd401671d9d2,https://inaturalist-open-data.s3.amazonaws.com/photos/16982258/medium.jpg,7251,Perching Birds,data/new_raw/images/4d686085-cd78-4a0c-9d1f-cd401671d9d2.jpg
30c4ab65-0251-4c8d-b8ee-b96c4f91d39c,https://inaturalist-open-data.s3.amazonaws.com/photos/16982722/medium.jpg,9744,Red-winged Blackbird,data/new_raw/images/30c4ab65-0251-4c8d-b8ee-b96c4f91d39c.jpg
b8c6b255-8d49-46c6-81c5-cd1db0e2ba47,https://static.inaturalist.org/photos/16990532/medium.jpg,199840,House Finch,data/new_raw/images/b8c6b255-8d49-46c6-81c5-cd1db0e2ba47.jpg
66631859-e1bf-47b7-a439-390a9cb9d161,https://static.inaturalist.org/photos/16992063/medium.jpg,3454,Mourning Dove,data/new_raw/images/66631859-e1bf-47b7-a439-390a9cb9d161.jpg
1e0efd03-6ca5-4d81-bc8b-f75549da5faf,https://static.inaturalist.org/photos/16993507/medium.jpg,12727,American Robin,data/new_raw/images/1e0efd03-6ca5-4d81-bc8b-f75549da5faf.jpg
4443ea07-164d-4dbb-98c3-79c8debbe365,https://inaturalist-open-data.s3.amazonaws.com/photos/16999485/medium.jpg,10094,Dark-eyed Junco,data/new_raw/images/4443ea07-164d-4dbb-98c3-79c8debbe365.jpg
909bdf87-3e22-4898-9bb8-9f932214b813,https://inaturalist-open-data.s3.amazonaws.com/photos/16999648/medium.jpg,6937,Green-winged Teal,data/new_raw/images/909bdf87-3e22-4898-9bb8-9f932214b813.jpg
56ce121d-a47a-4b4b-8499-2ea9f3ae20e4,https://inaturalist-open-data.s3.amazonaws.com/photos/16999751/medium.jpg,9083,Northern Cardinal,data/new_raw/images/56ce121d-a47a-4b4b-8499-2ea9f3ae20e4.jpg
f9a439ad-f878-4902-a59e-b19916ee8864,https://inaturalist-open-data.s3.amazonaws.com/photos/16999845/medium.jpg,14898,Brown Thrasher,data/new_raw/images/f9a439ad-f878-4902-a59e-b19916ee8864.jpg
b8a79ced-5895-46ca-bf1a-65e62cb98d54,https://inaturalist-open-data.s3.amazonaws.com/photos/17000142/medium.jpg,6996,Red-breasted Merganser,data/new_raw/images/b8a79ced-5895-46ca-bf1a-65e62cb98d54.jpg
48b35954-1f80-4ad2-8af8-47322f708d72,https://inaturalist-open-data.s3.amazonaws.com/photos/17000355/medium.jpg,1454382,Double-crested Cormorant,data/new_raw/images/48b35954-1f80-4ad2-8af8-47322f708d72.jpg
4082e02a-9b1b-47a9-b791-816da2eb79e5,https://inaturalist-open-data.s3.amazonaws.com/photos/17000493/medium.jpg,4981,Black-crowned Night Heron,data/new_raw/images/4082e02a-9b1b-47a9-b791-816da2eb79e5.jpg
1362c55b-858a-47f4-8b26-dfed5bf89ee2,https://inaturalist-open-data.s3.amazonaws.com/photos/17000702/medium.jpg,11970,Northern Rough-winged Swallow,data/new_raw/images/1362c55b-858a-47f4-8b26-dfed5bf89ee2.jpg
a8792aba-8aeb-4d56-b4c1-d096454f26f0,https://inaturalist-open-data.s3.amazonaws.com/photos/17000829/medium.jpg,1578489,American Herring Gull,data/new_raw/images/a8792aba-8aeb-4d56-b4c1-d096454f26f0.jpg
e3d4247b-81fc-41a2-bd50-3c08481d3a54,https://inaturalist-open-data.s3.amazonaws.com/photos/17000980/medium.jpg,4246,Pied-billed Grebe,data/new_raw/images/e3d4247b-81fc-41a2-bd50-3c08481d3a54.jpg
c7a93763-2433-41e0-a3b5-ccc6d8082d33,https://inaturalist-open-data.s3.amazonaws.com/photos/17001160/medium.jpg,18236,Northern Flicker,data/new_raw/images/c7a93763-2433-41e0-a3b5-ccc6d8082d33.jpg
60ffbbbf-994e-4530-98af-0c0818d38966,https://inaturalist-open-data.s3.amazonaws.com/photos/17001286/medium.jpg,7109,Hooded Merganser,data/new_raw/images/60ffbbbf-994e-4530-98af-0c0818d38966.jpg
fcc0a202-9fc8-43b3-af89-037ccce2387f,https://inaturalist-open-data.s3.amazonaws.com/photos/17001480/medium.jpg,7107,Wood Duck,data/new_raw/images/fcc0a202-9fc8-43b3-af89-037ccce2387f.jpg
f3bbd10d-cdd2-468f-bf31-c62ab54cdb88,https://inaturalist-open-data.s3.amazonaws.com/photos/17001618/medium.jpg,117100,Golden-crowned Kinglet,data/new_raw/images/f3bbd10d-cdd2-468f-bf31-c62ab54cdb88.jpg
7b6ad1d3-2308-44ac-be16-ec74ea2e49a8,https://inaturalist-open-data.s3.amazonaws.com/photos/17001810/medium.jpg,473,American Coot,data/new_raw/images/7b6ad1d3-2308-44ac-be16-ec74ea2e49a8.jpg
5ff89ccd-d465-4d7d-9f2f-96151295fda7,https://inaturalist-open-data.s3.amazonaws.com/photos/17001924/medium.jpg,7458,Brown Creeper,data/new_raw/images/5ff89ccd-d465-4d7d-9f2f-96151295fda7.jpg
b7e7a7ef-a25e-47f8-81f3-038522309992,https://inaturalist-open-data.s3.amazonaws.com/photos/17002046/medium.jpg,145245,Yellow-rumped Warbler,data/new_raw/images/b7e7a7ef-a25e-47f8-81f3-038522309992.jpg
ac8014ef-51a6-444d-82c1-fcc774c9925d,https://inaturalist-open-data.s3.amazonaws.com/photos/17002308/medium.jpg,558438,Northern Shoveler,data/new_raw/images/ac8014ef-51a6-444d-82c1-fcc774c9925d.jpg
10baae42-f8b0-46aa-9e0f-7c1fca3e4fa5,https://inaturalist-open-data.s3.amazonaws.com/photos/17002428/medium.jpg,1289388,Ruby-crowned Kinglet,data/new_raw/images/10baae42-f8b0-46aa-9e0f-7c1fca3e4fa5.jpg
c194ce2d-2aba-4a30-ae7d-c8dac898e448,https://inaturalist-open-data.s3.amazonaws.com/photos/17002498/medium.jpg,9135,Chipping Sparrow,data/new_raw/images/c194ce2d-2aba-4a30-ae7d-c8dac898e448.jpg
65e60ea3-0d23-4058-8c4a-8c66706b8e92,https://inaturalist-open-data.s3.amazonaws.com/photos/17003717/medium.jpeg,9602,Common Grackle,data/new_raw/images/65e60ea3-0d23-4058-8c4a-8c66706b8e92.jpg
c80011d5-3eb7-4592-86e4-6d46a33058e8,https://inaturalist-open-data.s3.amazonaws.com/photos/17004510/medium.jpg,122767,Feral Pigeon,data/new_raw/images/c80011d5-3eb7-4592-86e4-6d46a33058e8.jpg
9577b1ae-6f3c-484e-821f-f8052bd290a8,https://static.inaturalist.org/photos/17014700/medium.jpg,1289388,Ruby-crowned Kinglet,data/new_raw/images/9577b1ae-6f3c-484e-821f-f8052bd290a8.jpg
aae5a912-7205-412b-98a6-dcb9a47f4507,https://static.inaturalist.org/photos/17014768/medium.jpg,9744,Red-winged Blackbird,data/new_raw/images/aae5a912-7205-412b-98a6-dcb9a47f4507.jpg
d7f06ef0-251a-426a-94b6-57de5ad47747,https://inaturalist-open-data.s3.amazonaws.com/photos/17015069/medium.jpeg,162,Sora,data/new_raw/images/d7f06ef0-251a-426a-94b6-57de5ad47747.jpg
8560a40a-4963-4868-a575-9114a1421bf1,https://inaturalist-open-data.s3.amazonaws.com/photos/17015903/medium.jpeg,46017,Eastern Gray Squirrel,data/new_raw/images/8560a40a-4963-4868-a575-9114a1421bf1.jpg
cada0917-1e8f-48d6-be34-5911d6c79c2e,https://inaturalist-open-data.s3.amazonaws.com/photos/17016041/medium.jpeg,6930,Mallard,data/new_raw/images/cada0917-1e8f-48d6-be34-5911d6c79c2e.jpg
ca3a5399-7533-49f2-aa94-80af1bb0612d,https://inaturalist-open-data.s3.amazonaws.com/photos/17016654/medium.jpeg,7089,Canada Goose,data/new_raw/images/ca3a5399-7533-49f2-aa94-80af1bb0612d.jpg
6216be19-6d37-48bc-aa02-2fec1256bc04,https://inaturalist-open-data.s3.amazonaws.com/photos/17016874/medium.jpeg,46017,Eastern Gray Squirrel,data/new_raw/images/6216be19-6d37-48bc-aa02-2fec1256bc04.jpg
796eefef-0800-482a-a226-cd17d6ae9503,https://static.inaturalist.org/photos/17016931/medium.jpg,7458,Brown Creeper,data/new_raw/images/796eefef-0800-482a-a226-cd17d6ae9503.jpg
045727c3-b2e1-42b5-b37e-585825a05e22,https://static.inaturalist.org/photos/17017130/medium.jpg,145310,American Goldfinch,data/new_raw/images/045727c3-b2e1-42b5-b37e-585825a05e22.jpg
4124460d-5910-4b95-86ea-74d9aee08e56,https://inaturalist-open-data.s3.amazonaws.com/photos/17017502/medium.jpeg,7107,Wood Duck,data/new_raw/images/4124460d-5910-4b95-86ea-74d9aee08e56.jpg
d1756857-499c-42c5-8a03-d4d6bfda9d8b,https://static.inaturalist.org/photos/17020218/medium.jpg,9602,Common Grackle,data/new_raw/images/d1756857-499c-42c5-8a03-d4d6bfda9d8b.jpg
ea4a42a0-930e-473e-aab4-b99b5715ce2e,https://static.inaturalist.org/photos/17020547/medium.jpg,12727,American Robin,data/new_raw/images/ea4a42a0-930e-473e-aab4-b99b5715ce2e.jpg
a2c70951-ee80-4c86-8b57-23bc0e1ca529,https://inaturalist-open-data.s3.amazonaws.com/photos/17028457/medium.jpeg,14850,European Starling,data/new_raw/images/a2c70951-ee80-4c86-8b57-23bc0e1ca529.jpg
3c573e1b-c895-4ffc-b5c9-7e714a69f45a,https://inaturalist-open-data.s3.amazonaws.com/photos/17040117/medium.jpeg,8021,American Crow,data/new_raw/images/3c573e1b-c895-4ffc-b5c9-7e714a69f45a.jpg
91d5d9d9-9e4c-4df1-9b45-2c0033232551,https://static.inaturalist.org/photos/17040525/medium.jpg,4246,Pied-billed Grebe,data/new_raw/images/91d5d9d9-9e4c-4df1-9b45-2c0033232551.jpg
3e375488-f631-4aec-bef4-cb3f9cef1eac,https://static.inaturalist.org/photos/17041138/medium.jpg,12727,American Robin,data/new_raw/images/3e375488-f631-4aec-bef4-cb3f9cef1eac.jpg
aebaf657-ea3d-42bd-862a-41be30e43ed9,https://static.inaturalist.org/photos/17040384/medium.jpg,7019,Greater White-fronted Goose,data/new_raw/images/aebaf657-ea3d-42bd-862a-41be30e43ed9.jpg
bf9ba894-8c99-483c-8d55-6e381d8d5af6,https://static.inaturalist.org/photos/17041700/medium.jpg,145242,Palm Warbler,data/new_raw/images/bf9ba894-8c99-483c-8d55-6e381d8d5af6.jpg
9c42bc3a-42d9-44d2-9efe-4d13f7538ddd,https://static.inaturalist.org/photos/17041394/medium.jpg,4665,American Kestrel,data/new_raw/images/9c42bc3a-42d9-44d2-9efe-4d13f7538ddd.jpg
e229699e-2851-4a94-9050-8c92114ffe3b,https://static.inaturalist.org/photos/17041937/medium.jpg,162,Sora,data/new_raw/images/e229699e-2851-4a94-9050-8c92114ffe3b.jpg
248888a3-5cdb-4d62-86c1-1a3c12b2ff83,https://static.inaturalist.org/photos/17042169/medium.jpg,1454382,Double-crested Cormorant,data/new_raw/images/248888a3-5cdb-4d62-86c1-1a3c12b2ff83.jpg
17b58b4c-d6ed-4225-865b-b7803edd192f,https://static.inaturalist.org/photos/17042304/medium.jpg,43111,Eastern Cottontail,data/new_raw/images/17b58b4c-d6ed-4225-865b-b7803edd192f.jpg
098f8b55-52e5-4d46-936e-0e8304a132e6,https://static.inaturalist.org/photos/17041965/medium.jpg,145238,Yellow Warbler,data/new_raw/images/098f8b55-52e5-4d46-936e-0e8304a132e6.jpg
55d5536d-538e-4b33-92f5-c1d118e222c9,https://static.inaturalist.org/photos/17044405/medium.jpeg,9744,Red-winged Blackbird,data/new_raw/images/55d5536d-538e-4b33-92f5-c1d118e222c9.jpg
22e223d1-8f7a-4265-a298-cb35f35af06d,https://static.inaturalist.org/photos/17050308/medium.jpeg,122767,Feral Pigeon,data/new_raw/images/22e223d1-8f7a-4265-a298-cb35f35af06d.jpg
fb714bc4-7dda-4e28-9a12-bd55b9905afc,https://static.inaturalist.org/photos/17051698/medium.jpg,10168,Vesper Sparrow,data/new_raw/images/fb714bc4-7dda-4e28-9a12-bd55b9905afc.jpg
668b385e-0749-4d61-b10c-78dfbc9bbcca,https://static.inaturalist.org/photos/17053806/medium.jpg,13858,House Sparrow,data/new_raw/images/668b385e-0749-4d61-b10c-78dfbc9bbcca.jpg
e9506c35-75a8-4bae-8b82-94d68633c9e6,https://static.inaturalist.org/photos/17054673/medium.jpg,145242,Palm Warbler,data/new_raw/images/e9506c35-75a8-4bae-8b82-94d68633c9e6.jpg
14e20009-64a7-4758-8854-93a8df7cbbd3,https://static.inaturalist.org/photos/17056019/medium.jpg,145245,Yellow-rumped Warbler,data/new_raw/images/14e20009-64a7-4758-8854-93a8df7cbbd3.jpg
4a0409c2-a62a-4abb-8162-bef0aaad977f,https://static.inaturalist.org/photos/17056431/medium.jpg,9981,Savannah Sparrow,data/new_raw/images/4a0409c2-a62a-4abb-8162-bef0aaad977f.jpg
a180e70c-c86d-4cce-a0ff-905fc961db4a,https://static.inaturalist.org/photos/17057559/medium.jpg,4981,Black-crowned Night Heron,data/new_raw/images/a180e70c-c86d-4cce-a0ff-905fc961db4a.jpg
c9706ad9-695d-4282-af8f-7b9317cc1238,https://inaturalist-open-data.s3.amazonaws.com/photos/17058265/medium.jpeg,1578489,American Herring Gull,data/new_raw/images/c9706ad9-695d-4282-af8f-7b9317cc1238.jpg
550b5682-e9ad-449d-9cba-93d751753dbd,https://static.inaturalist.org/photos/17059054/medium.jpg,117100,Golden-crowned Kinglet,data/new_raw/images/550b5682-e9ad-449d-9cba-93d751753dbd.jpg
b0ba622c-24a0-4cfb-b50a-fd811e2587df,https://static.inaturalist.org/photos/17060560/medium.jpg,9602,Common Grackle,data/new_raw/images/b0ba622c-24a0-4cfb-b50a-fd811e2587df.jpg
a0b132be-bced-4637-bd1a-c09df3785086,https://inaturalist-open-data.s3.amazonaws.com/photos/17061477/medium.jpg,7251,Perching Birds,data/new_raw/images/a0b132be-bced-4637-bd1a-c09df3785086.jpg
a9720dce-7bd8-4e79-a6fd-e887c4fac8ee,https://inaturalist-open-data.s3.amazonaws.com/photos/17062410/medium.jpeg,5020,Green Heron,data/new_raw/images/a9720dce-7bd8-4e79-a6fd-e887c4fac8ee.jpg
9beddf6b-1e00-4757-a371-cbd5d2146a55,https://static.inaturalist.org/photos/17062461/medium.jpg,145238,Yellow Warbler,data/new_raw/images/9beddf6b-1e00-4757-a371-cbd5d2146a55.jpg
95eba6c3-9165-4a09-87bf-4d0fcc4ae7f2,https://inaturalist-open-data.s3.amazonaws.com/photos/17063501/medium.jpeg,2548,Belted Kingfisher,data/new_raw/images/95eba6c3-9165-4a09-87bf-4d0fcc4ae7f2.jpg
9c96b473-362a-4ce9-a4a1-bf75e67c7271,https://static.inaturalist.org/photos/17063234/medium.jpg,7458,Brown Creeper,data/new_raw/images/9c96b473-362a-4ce9-a4a1-bf75e67c7271.jpg
e94cf287-a85e-47b8-a6d0-f7cc502d4676,https://inaturalist-open-data.s3.amazonaws.com/photos/17065413/medium.jpeg,9602,Common Grackle,data/new_raw/images/e94cf287-a85e-47b8-a6d0-f7cc502d4676.jpg
05976d23-2664-462f-9db5-47460b784204,https://static.inaturalist.org/photos/17064918/medium.jpg,5212,Red-tailed Hawk,data/new_raw/images/05976d23-2664-462f-9db5-47460b784204.jpg
d91a3c3c-22a4-42b3-8ef4-2b4e303caad1,https://inaturalist-open-data.s3.amazonaws.com/photos/17066113/medium.jpeg,4981,Black-crowned Night Heron,data/new_raw/images/d91a3c3c-22a4-42b3-8ef4-2b4e303caad1.jpg
2e7e0161-d733-4e8a-8736-4c643e6c6645,https://inaturalist-open-data.s3.amazonaws.com/photos/17067821/medium.jpeg,850859,Ruddy Duck,data/new_raw/images/2e7e0161-d733-4e8a-8736-4c643e6c6645.jpg
779181dc-42db-4101-a7e9-e30b988dd684,https://inaturalist-open-data.s3.amazonaws.com/photos/17068423/medium.jpeg,6933,Northern Pintail,data/new_raw/images/779181dc-42db-4101-a7e9-e30b988dd684.jpg
190a7b69-f10b-4f09-a76a-0c131c5e0d64,https://inaturalist-open-data.s3.amazonaws.com/photos/17068714/medium.jpeg,4364,Ring-billed Gull,data/new_raw/images/190a7b69-f10b-4f09-a76a-0c131c5e0d64.jpg
4d018fd2-fd31-479a-a92c-ebd4571aba99,https://static.inaturalist.org/photos/17068880/medium.jpg,11970,Northern Rough-winged Swallow,data/new_raw/images/4d018fd2-fd31-479a-a92c-ebd4571aba99.jpg
ecad3de3-f85e-44a4-baa9-52e0ccd31cad,https://inaturalist-open-data.s3.amazonaws.com/photos/17069601/medium.jpg,7109,Hooded Merganser,data/new_raw/images/ecad3de3-f85e-44a4-baa9-52e0ccd31cad.jpg
4a8dda12-f757-4646-bebb-9c5a071f09cf,https://inaturalist-open-data.s3.amazonaws.com/photos/17073010/medium.jpeg,122767,Feral Pigeon,data/new_raw/images/4a8dda12-f757-4646-bebb-9c5a071f09cf.jpg
c9503549-9425-4a63-83e4-1a23994b8cf4,https://inaturalist-open-data.s3.amazonaws.com/photos/17074263/medium.jpeg,144815,Black-capped Chickadee,data/new_raw/images/c9503549-9425-4a63-83e4-1a23994b8cf4.jpg
3522a91c-7888-46bb-8d91-f5162a30ac79,https://static.inaturalist.org/photos/17074960/medium.jpg,7107,Wood Duck,data/new_raw/images/3522a91c-7888-46bb-8d91-f5162a30ac79.jpg
ea765d34-0631-42dd-a67e-e2f49f233b9e,https://inaturalist-open-data.s3.amazonaws.com/photos/17075065/medium.jpeg,4981,Black-crowned Night Heron,data/new_raw/images/ea765d34-0631-42dd-a67e-e2f49f233b9e.jpg
6fe7413a-563a-4353-969a-9bd16fd8af03,https://static.inaturalist.org/photos/17147958/medium.jpg,4956,Great Blue Heron,data/new_raw/images/6fe7413a-563a-4353-969a-9bd16fd8af03.jpg
33721ce0-979e-4abb-88b1-71ac4121ad24,https://inaturalist-open-data.s3.amazonaws.com/photos/17075236/medium.jpg,11901,Barn Swallow,data/new_raw/images/33721ce0-979e-4abb-88b1-71ac4121ad24.jpg
dc0f1bab-4c80-4c01-bbc8-c843071af4a5,https://static.inaturalist.org/photos/17075304/medium.jpg,12890,Hermit Thrush,data/new_raw/images/dc0f1bab-4c80-4c01-bbc8-c843071af4a5.jpg
45de6992-c523-448b-be37-e0b691cd35ff,https://static.inaturalist.org/photos/17076509/medium.jpg,4981,Black-crowned Night Heron,data/new_raw/images/45de6992-c523-448b-be37-e0b691cd35ff.jpg
db1589f0-bf4e-4539-ba31-1a6973e464dd,https://inaturalist-open-data.s3.amazonaws.com/photos/17079565/medium.jpg,42223,White-tailed Deer,data/new_raw/images/db1589f0-bf4e-4539-ba31-1a6973e464dd.jpg
d94a9ed0-c1bc-478d-b3ee-ac2a6a475965,https://static.inaturalist.org/photos/17081477/medium.jpg,19349,Monk Parakeet,data/new_raw/images/d94a9ed0-c1bc-478d-b3ee-ac2a6a475965.jpg
293b0d8c-82ac-45c6-8957-d1953387fbf8,https://static.inaturalist.org/photos/17085667/medium.jpg,46017,Eastern Gray Squirrel,data/new_raw/images/293b0d8c-82ac-45c6-8957-d1953387fbf8.jpg
f8e34817-2036-4348-8713-78a98cc3b460,https://inaturalist-open-data.s3.amazonaws.com/photos/17088610/medium.jpeg,43111,Eastern Cottontail,data/new_raw/images/f8e34817-2036-4348-8713-78a98cc3b460.jpg
6a1410f2-20ba-4cdf-9b96-5401360f4374,https://inaturalist-open-data.s3.amazonaws.com/photos/17088710/medium.jpeg,7089,Canada Goose,data/new_raw/images/6a1410f2-20ba-4cdf-9b96-5401360f4374.jpg
20e8af29-2779-49d4-93b5-1bfc30baddb4,https://inaturalist-open-data.s3.amazonaws.com/photos/17089006/medium.jpeg,9744,Red-winged Blackbird,data/new_raw/images/20e8af29-2779-49d4-93b5-1bfc30baddb4.jpg
0821ffae-f5e9-4a7c-8437-58ae8efd6217,https://static.inaturalist.org/photos/17093842/medium.jpg,3454,Mourning Dove,data/new_raw/images/0821ffae-f5e9-4a7c-8437-58ae8efd6217.jpg
0ac9eba4-c3b0-4317-ae83-5686bcec8306,https://static.inaturalist.org/photos/17094231/medium.jpg,6996,Red-breasted Merganser,data/new_raw/images/0ac9eba4-c3b0-4317-ae83-5686bcec8306.jpg
3cede805-db22-4de1-b64f-bdcd8369d4df,https://inaturalist-open-data.s3.amazonaws.com/photos/17099947/medium.jpg,18463,Yellow-bellied Sapsucker,data/new_raw/images/3cede805-db22-4de1-b64f-bdcd8369d4df.jpg
333b11d4-33a6-4578-9ea1-0f08416f4d19,https://static.inaturalist.org/photos/17100273/medium.jpg,13858,House Sparrow,data/new_raw/images/333b11d4-33a6-4578-9ea1-0f08416f4d19.jpg
854577fe-d926-4890-b623-331692c46229,https://inaturalist-open-data.s3.amazonaws.com/photos/17104872/medium.jpg,145242,Palm Warbler,data/new_raw/images/854577fe-d926-4890-b623-331692c46229.jpg
b03f8e7b-56b0-432f-8470-cc4618bbd5b0,https://inaturalist-open-data.s3.amazonaws.com/photos/17105337/medium.jpg,7493,Blue-gray Gnatcatcher,data/new_raw/images/b03f8e7b-56b0-432f-8470-cc4618bbd5b0.jpg
61e1c83a-9bf0-417a-963d-36161c82ea93,https://inaturalist-open-data.s3.amazonaws.com/photos/17106126/medium.jpg,9981,Savannah Sparrow,data/new_raw/images/61e1c83a-9bf0-417a-963d-36161c82ea93.jpg
290ac801-b670-4de4-b3eb-56bebc90e89b,https://inaturalist-open-data.s3.amazonaws.com/photos/17108531/medium.jpg,18236,Northern Flicker,data/new_raw/images/290ac801-b670-4de4-b3eb-56bebc90e89b.jpg
4411d624-fd91-436f-85ff-d7c6f5444b6d,https://inaturalist-open-data.s3.amazonaws.com/photos/17108714/medium.jpg,558433,Blue-winged Teal,data/new_raw/images/4411d624-fd91-436f-85ff-d7c6f5444b6d.jpg
fffd24fc-bc90-4fa2-9d42-f559029b2174,https://inaturalist-open-data.s3.amazonaws.com/photos/17108859/medium.jpg,10487,Bobolink,data/new_raw/images/fffd24fc-bc90-4fa2-9d42-f559029b2174.jpg
19611725-83b8-4004-ba9d-8684a816c8a2,https://inaturalist-open-data.s3.amazonaws.com/photos/17109383/medium.jpg,7054,Lesser Scaup,data/new_raw/images/19611725-83b8-4004-ba9d-8684a816c8a2.jpg
9fd8084e-d7f1-408f-a056-6b456b9f0a3a,https://inaturalist-open-data.s3.amazonaws.com/photos/17110349/medium.jpg,4364,Ring-billed Gull,data/new_raw/images/9fd8084e-d7f1-408f-a056-6b456b9f0a3a.jpg
1055ee02-d05a-4bea-9a9e-529894c667fb,https://inaturalist-open-data.s3.amazonaws.com/photos/17110535/medium.jpg,9176,White-crowned Sparrow,data/new_raw/images/1055ee02-d05a-4bea-9a9e-529894c667fb.jpg
2250f725-841b-42ba-bd43-b32ce788e8cd,https://inaturalist-open-data.s3.amazonaws.com/photos/17110831/medium.jpg,16782,Eastern Kingbird,data/new_raw/images/2250f725-841b-42ba-bd43-b32ce788e8cd.jpg
477a9aa9-26ed-4377-a3b6-d7f09d175407,https://inaturalist-open-data.s3.amazonaws.com/photos/17112590/medium.jpg,9135,Chipping Sparrow,data/new_raw/images/477a9aa9-26ed-4377-a3b6-d7f09d175407.jpg
d02e13c2-bc10-45f8-a666-a073e1ec4c98,https://inaturalist-open-data.s3.amazonaws.com/photos/17117417/medium.jpeg,6930,Mallard,data/new_raw/images/d02e13c2-bc10-45f8-a666-a073e1ec4c98.jpg
cd0d0c72-1dee-4e21-9aba-f80d07c0e46a,https://inaturalist-open-data.s3.amazonaws.com/photos/17117587/medium.jpeg,7107,Wood Duck,data/new_raw/images/cd0d0c72-1dee-4e21-9aba-f80d07c0e46a.jpg
e1a2fa96-00b3-4d52-ad08-635bd337dc1a,https://inaturalist-open-data.s3.amazonaws.com/photos/17116877/medium.jpeg,46017,Eastern Gray Squirrel,data/new_raw/images/e1a2fa96-00b3-4d52-ad08-635bd337dc1a.jpg
40c1c67c-ad9f-4536-9a98-97e4a115c67e,https://inaturalist-open-data.s3.amazonaws.com/photos/17117905/medium.jpeg,3875,Solitary Sandpiper,data/new_raw/images/40c1c67c-ad9f-4536-9a98-97e4a115c67e.jpg
2b4ab526-3f00-4909-888a-2d1221eec366,https://inaturalist-open-data.s3.amazonaws.com/photos/17118158/medium.jpeg,4793,Killdeer,data/new_raw/images/2b4ab526-3f00-4909-888a-2d1221eec366.jpg
8a5bf614-7dcd-4d12-946d-c9ebd816c428,https://inaturalist-open-data.s3.amazonaws.com/photos/17118542/medium.jpeg,558433,Blue-winged Teal,data/new_raw/images/8a5bf614-7dcd-4d12-946d-c9ebd816c428.jpg
0293de1c-1368-44ac-9145-97cb7fa98b50,https://inaturalist-open-data.s3.amazonaws.com/photos/17118940/medium.jpeg,3892,Greater Yellowlegs,data/new_raw/images/0293de1c-1368-44ac-9145-97cb7fa98b50.jpg
fc18eaa8-f633-4c8e-b9de-7320b5faf869,https://inaturalist-open-data.s3.amazonaws.com/photos/17119101/medium.jpeg,4364,Ring-billed Gull,data/new_raw/images/fc18eaa8-f633-4c8e-b9de-7320b5faf869.jpg
4c5dbadb-c2c4-4bbb-a87c-06d0944c03c5,https://inaturalist-open-data.s3.amazonaws.com/photos/17119309/medium.jpeg,7089,Canada Goose,data/new_raw/images/4c5dbadb-c2c4-4bbb-a87c-06d0944c03c5.jpg
88a81d9c-59f7-48de-aaf6-6a481d0d5a0a,https://inaturalist-open-data.s3.amazonaws.com/photos/17119508/medium.jpeg,9602,Common Grackle,data/new_raw/images/88a81d9c-59f7-48de-aaf6-6a481d0d5a0a.jpg
9d14bcbf-5804-4464-a30a-f2199b9a467c,https://inaturalist-open-data.s3.amazonaws.com/photos/17117469/medium.jpeg,14850,European Starling,data/new_raw/images/9d14bcbf-5804-4464-a30a-f2199b9a467c.jpg
d0c9c584-93af-41d0-aa02-5148c748358c,https://inaturalist-open-data.s3.amazonaws.com/photos/17119652/medium.jpeg,43111,Eastern Cottontail,data/new_raw/images/d0c9c584-93af-41d0-aa02-5148c748358c.jpg
05ad5d88-6d2c-44f1-a433-86d50078996c,https://inaturalist-open-data.s3.amazonaws.com/photos/17119914/medium.jpeg,10373,Brown-headed Cowbird,data/new_raw/images/05ad5d88-6d2c-44f1-a433-86d50078996c.jpg
ad7e55c3-8969-42d8-b37d-36fcd9b3fdf5,https://inaturalist-open-data.s3.amazonaws.com/photos/17120102/medium.jpeg,145242,Palm Warbler,data/new_raw/images/ad7e55c3-8969-42d8-b37d-36fcd9b3fdf5.jpg
d0f0a25d-1776-4498-b63f-86b90106c3b0,https://inaturalist-open-data.s3.amazonaws.com/photos/17120203/medium.jpeg,7458,Brown Creeper,data/new_raw/images/d0f0a25d-1776-4498-b63f-86b90106c3b0.jpg
a765a489-4d72-4469-a0cb-1143b5ddf58a,https://inaturalist-open-data.s3.amazonaws.com/photos/17117942/medium.jpg,11867,Purple Martin,data/new_raw/images/a765a489-4d72-4469-a0cb-1143b5ddf58a.jpg
da2ab903-bb3b-4371-b049-ff17f6b3970d,https://inaturalist-open-data.s3.amazonaws.com/photos/17119255/medium.jpg,13858,House Sparrow,data/new_raw/images/da2ab903-bb3b-4371-b049-ff17f6b3970d.jpg
4570d70b-d791-4170-9c6a-66f0e167a5b2,https://inaturalist-open-data.s3.amazonaws.com/photos/17119579/medium.jpg,7458,Brown Creeper,data/new_raw/images/4570d70b-d791-4170-9c6a-66f0e167a5b2.jpg
6766f3f5-2412-4973-962c-a4e517602e79,https://static.inaturalist.org/photos/17121589/medium.jpg,1579017,Cooper's Hawk,data/new_raw/images/6766f3f5-2412-4973-962c-a4e517602e79.jpg
34fe66b8-e886-454f-ae1c-bd5119c6d8c9,https://static.inaturalist.org/photos/17123144/medium.jpg,42652,Virginia Opossum,data/new_raw/images/34fe66b8-e886-454f-ae1c-bd5119c6d8c9.jpg
6e4f06ed-93af-4b69-9a8d-1a081d414bf0,https://static.inaturalist.org/photos/17355740/medium.jpg,122767,Feral Pigeon,data/new_raw/images/6e4f06ed-93af-4b69-9a8d-1a081d414bf0.jpg
b989b779-0c22-4492-936f-a2c8dc8c3dba,https://static.inaturalist.org/photos/17131097/medium.jpg,9100,Song Sparrow,data/new_raw/images/b989b779-0c22-4492-936f-a2c8dc8c3dba.jpg
7846b687-5063-43d9-9548-cde55bbc6410,https://static.inaturalist.org/photos/17131758/medium.jpg,10373,Brown-headed Cowbird,data/new_raw/images/7846b687-5063-43d9-9548-cde55bbc6410.jpg
5ac5ac27-ca16-4b33-9449-a1e79767bbd9,https://inaturalist-open-data.s3.amazonaws.com/photos/17155427/medium.jpg,144455,Great Egret,data/new_raw/images/5ac5ac27-ca16-4b33-9449-a1e79767bbd9.jpg
9376552b-3204-46e0-9f51-b588520629cf,https://inaturalist-open-data.s3.amazonaws.com/photos/17156181/medium.jpg,43111,Eastern Cottontail,data/new_raw/images/9376552b-3204-46e0-9f51-b588520629cf.jpg
9229ce40-9850-4ac2-9923-8615ecd85216,https://inaturalist-open-data.s3.amazonaws.com/photos/17167162/medium.jpeg,41663,Common Raccoon,data/new_raw/images/9229ce40-9850-4ac2-9923-8615ecd85216.jpg
362b0fd5-e3df-4b02-8d2c-d242739a5d88,https://inaturalist-open-data.s3.amazonaws.com/photos/17167294/medium.jpeg,42223,White-tailed Deer,data/new_raw/images/362b0fd5-e3df-4b02-8d2c-d242739a5d88.jpg
4dd6df7a-e6a7-4822-a33e-a0e57d67d708,https://inaturalist-open-data.s3.amazonaws.com/photos/17167334/medium.jpeg,45763,Muskrat,data/new_raw/images/4dd6df7a-e6a7-4822-a33e-a0e57d67d708.jpg
d325ecda-9b4d-4111-9980-cd79daa08b2d,https://inaturalist-open-data.s3.amazonaws.com/photos/17167470/medium.jpeg,46217,Eastern Chipmunk,data/new_raw/images/d325ecda-9b4d-4111-9980-cd79daa08b2d.jpg
2fe6f76e-64e7-400e-836d-3cfb0705dd17,https://inaturalist-open-data.s3.amazonaws.com/photos/17167513/medium.jpeg,12727,American Robin,data/new_raw/images/2fe6f76e-64e7-400e-836d-3cfb0705dd17.jpg
9562cc82-5ffd-4eee-8723-4b5dc00dff80,https://inaturalist-open-data.s3.amazonaws.com/photos/17167554/medium.jpeg,42223,White-tailed Deer,data/new_raw/images/9562cc82-5ffd-4eee-8723-4b5dc00dff80.jpg
134ebdcc-390f-45cd-9036-614c4fa0a492,https://static.inaturalist.org/photos/17171941/medium.jpg,4364,Ring-billed Gull,data/new_raw/images/134ebdcc-390f-45cd-9036-614c4fa0a492.jpg
96b3f38d-6019-4dd6-b4d4-9bc18305ebd8,https://static.inaturalist.org/photos/17172313/medium.jpg,46017,Eastern Gray Squirrel,data/new_raw/images/96b3f38d-6019-4dd6-b4d4-9bc18305ebd8.jpg
e46eea3a-9886-4af7-b3e0-65ccb4569344,https://static.inaturalist.org/photos/17193148/medium.jpg,12890,Hermit Thrush,data/new_raw/images/e46eea3a-9886-4af7-b3e0-65ccb4569344.jpg
10a5b3f1-8a83-4c4c-88b8-c56172604be7,https://static.inaturalist.org/photos/17195662/medium.jpg,11935,Tree Swallow,data/new_raw/images/10a5b3f1-8a83-4c4c-88b8-c56172604be7.jpg
d678fbe1-5fc8-4606-8e3b-464d0356a6ac,https://static.inaturalist.org/photos/17197352/medium.jpg,7089,Canada Goose,data/new_raw/images/d678fbe1-5fc8-4606-8e3b-464d0356a6ac.jpg
6cdf0e24-f39d-4b45-b0a2-d0d557bfb51b,https://static.inaturalist.org/photos/17198902/medium.jpg,7089,Canada Goose,data/new_raw/images/6cdf0e24-f39d-4b45-b0a2-d0d557bfb51b.jpg
e8aa37e8-05df-4a89-98a9-aba52160df79,https://static.inaturalist.org/photos/17199925/medium.jpg,979756,Tennessee Warbler,data/new_raw/images/e8aa37e8-05df-4a89-98a9-aba52160df79.jpg
3e09aefe-6af7-4b4c-9cb8-7f5d0f7cbbe3,https://static.inaturalist.org/photos/17202883/medium.jpg,12727,American Robin,data/new_raw/images/3e09aefe-6af7-4b4c-9cb8-7f5d0f7cbbe3.jpg
14848456-e0f7-4597-8f17-892468669ad3,https://static.inaturalist.org/photos/17205330/medium.jpg,7251,Perching Birds,data/new_raw/images/14848456-e0f7-4597-8f17-892468669ad3.jpg
903d85ca-2cfb-49dd-9a72-1c7fbfe69583,https://inaturalist-open-data.s3.amazonaws.com/photos/17211150/medium.jpg,12727,American Robin,data/new_raw/images/903d85ca-2cfb-49dd-9a72-1c7fbfe69583.jpg
29b9d399-c37a-48cd-bf38-4afc13452b03,https://inaturalist-open-data.s3.amazonaws.com/photos/17220815/medium.jpeg,9744,Red-winged Blackbird,data/new_raw/images/29b9d399-c37a-48cd-bf38-4afc13452b03.jpg
41f88455-ab07-48de-a6e2-6c633245a4fa,https://inaturalist-open-data.s3.amazonaws.com/photos/17220926/medium.jpeg,7458,Brown Creeper,data/new_raw/images/41f88455-ab07-48de-a6e2-6c633245a4fa.jpg
23319c08-6cfc-451c-86c8-5646a03f78bd,https://static.inaturalist.org/photos/17222728/medium.jpg,145310,American Goldfinch,data/new_raw/images/23319c08-6cfc-451c-86c8-5646a03f78bd.jpg
93352833-efbf-4714-bbf6-341eddb29964,https://inaturalist-open-data.s3.amazonaws.com/photos/17231753/medium.jpg,4981,Black-crowned Night Heron,data/new_raw/images/93352833-efbf-4714-bbf6-341eddb29964.jpg
68cc3540-3239-4904-bed5-8db8cce9cf8f,https://inaturalist-open-data.s3.amazonaws.com/photos/17232254/medium.jpg,5020,Green Heron,data/new_raw/images/68cc3540-3239-4904-bed5-8db8cce9cf8f.jpg
18217623-cf3d-4639-a9b7-71f9ed6b3ed7,https://inaturalist-open-data.s3.amazonaws.com/photos/17073748/medium.jpeg,43111,Eastern Cottontail,data/new_raw/images/18217623-cf3d-4639-a9b7-71f9ed6b3ed7.jpg
098fba2d-35fc-41f4-9f85-30150b1bad71,https://inaturalist-open-data.s3.amazonaws.com/photos/17231388/medium.jpeg,10247,American Redstart,data/new_raw/images/098fba2d-35fc-41f4-9f85-30150b1bad71.jpg
79817f41-09d2-417a-a59b-98509f281c46,https://inaturalist-open-data.s3.amazonaws.com/photos/17232190/medium.jpeg,145238,Yellow Warbler,data/new_raw/images/79817f41-09d2-417a-a59b-98509f281c46.jpg
fd51d8b9-10ee-4b63-bc6f-180af186b37c,https://inaturalist-open-data.s3.amazonaws.com/photos/17232249/medium.jpeg,145245,Yellow-rumped Warbler,data/new_raw/images/fd51d8b9-10ee-4b63-bc6f-180af186b37c.jpg
6b3d214b-d063-4eff-9adb-93a00cf249f5,https://inaturalist-open-data.s3.amazonaws.com/photos/17232864/medium.jpeg,145229,Hooded Warbler,data/new_raw/images/6b3d214b-d063-4eff-9adb-93a00cf249f5.jpg
8728e0c3-68ee-47fa-8cc0-3718425f4a24,https://inaturalist-open-data.s3.amazonaws.com/photos/17232938/medium.jpeg,12878,Swainson's Thrush,data/new_raw/images/8728e0c3-68ee-47fa-8cc0-3718425f4a24.jpg
e3980394-df82-49c1-a9c6-3b00343538bf,https://inaturalist-open-data.s3.amazonaws.com/photos/17232980/medium.jpeg,9184,White-throated Sparrow,data/new_raw/images/e3980394-df82-49c1-a9c6-3b00343538bf.jpg
e6e9811e-628a-4a3e-bdb9-85680a528840,https://inaturalist-open-data.s3.amazonaws.com/photos/17233012/medium.jpeg,14995,Gray Catbird,data/new_raw/images/e6e9811e-628a-4a3e-bdb9-85680a528840.jpg
3a00aeaf-df1a-468f-86e5-00bab74e767c,https://inaturalist-open-data.s3.amazonaws.com/photos/17233227/medium.jpeg,9424,Eastern Towhee,data/new_raw/images/3a00aeaf-df1a-468f-86e5-00bab74e767c.jpg
d3786ae1-f8b2-46f0-a06c-4b134daa7465,https://inaturalist-open-data.s3.amazonaws.com/photos/17235646/medium.jpg,72458,Spotted Sandpiper,data/new_raw/images/d3786ae1-f8b2-46f0-a06c-4b134daa7465.jpg
6a20d565-0446-4c6b-8dcd-bd3196b195cd,https://inaturalist-open-data.s3.amazonaws.com/photos/17235668/medium.jpg,3875,Solitary Sandpiper,data/new_raw/images/6a20d565-0446-4c6b-8dcd-bd3196b195cd.jpg
39de6dd7-ae37-40e7-bab5-8b9f749f7075,https://inaturalist-open-data.s3.amazonaws.com/photos/17235746/medium.jpg,558433,Blue-winged Teal,data/new_raw/images/39de6dd7-ae37-40e7-bab5-8b9f749f7075.jpg
3849f919-1813-4779-96aa-c75faec78318,https://inaturalist-open-data.s3.amazonaws.com/photos/17241455/medium.jpg,4364,Ring-billed Gull,data/new_raw/images/3849f919-1813-4779-96aa-c75faec78318.jpg
8955d8d6-303b-4f9f-a9cf-e12b207963da,https://inaturalist-open-data.s3.amazonaws.com/photos/17241502/medium.jpg,10373,Brown-headed Cowbird,data/new_raw/images/8955d8d6-303b-4f9f-a9cf-e12b207963da.jpg
78e2eb08-b5d6-409b-ae87-183c6e400624,https://inaturalist-open-data.s3.amazonaws.com/photos/17241542/medium.jpg,8021,American Crow,data/new_raw/images/78e2eb08-b5d6-409b-ae87-183c6e400624.jpg
51f8843e-cf72-426c-adb1-de6fc9d9dd5c,https://inaturalist-open-data.s3.amazonaws.com/photos/17241714/medium.jpg,9602,Common Grackle,data/new_raw/images/51f8843e-cf72-426c-adb1-de6fc9d9dd5c.jpg
b4bd6a5f-feb3-4553-a383-408b92fe7c7b,https://inaturalist-open-data.s3.amazonaws.com/photos/17241856/medium.jpg,6930,Mallard,data/new_raw/images/b4bd6a5f-feb3-4553-a383-408b92fe7c7b.jpg
d8acb99b-7a5a-4a99-a346-d1f8745521df,https://inaturalist-open-data.s3.amazonaws.com/photos/17241975/medium.jpg,7089,Canada Goose,data/new_raw/images/d8acb99b-7a5a-4a99-a346-d1f8745521df.jpg
ba2f023f-219f-44b0-9b74-a3f10bcfd3c9,https://inaturalist-open-data.s3.amazonaws.com/photos/17242099/medium.jpg,473,American Coot,data/new_raw/images/ba2f023f-219f-44b0-9b74-a3f10bcfd3c9.jpg
eec5e611-9b59-4fb9-8fa7-1eb80b037a53,https://static.inaturalist.org/photos/17257791/medium.jpg,199840,House Finch,data/new_raw/images/eec5e611-9b59-4fb9-8fa7-1eb80b037a53.jpg
884c05c7-1a64-4868-95ac-0af4fb2ecdf7,https://static.inaturalist.org/photos/17257993/medium.jpg,3454,Mourning Dove,data/new_raw/images/884c05c7-1a64-4868-95ac-0af4fb2ecdf7.jpg
1d4dc61a-518d-4552-bf4c-02986664f299,https://inaturalist-open-data.s3.amazonaws.com/photos/17474614/medium.jpg,14995,Gray Catbird,data/new_raw/images/1d4dc61a-518d-4552-bf4c-02986664f299.jpg
77bb287e-c1d3-4533-89fd-c1a3cc090bf5,https://inaturalist-open-data.s3.amazonaws.com/photos/17264421/medium.jpg,9083,Northern Cardinal,data/new_raw/images/77bb287e-c1d3-4533-89fd-c1a3cc090bf5.jpg
70da8461-aff4-4cd1-9132-a974fedf2f37,https://inaturalist-open-data.s3.amazonaws.com/photos/17264477/medium.jpg,13858,House Sparrow,data/new_raw/images/70da8461-aff4-4cd1-9132-a974fedf2f37.jpg
ce5ad70e-8135-484e-8b7e-1f3a1fabec66,https://inaturalist-open-data.s3.amazonaws.com/photos/17264939/medium.jpeg,1289388,Ruby-crowned Kinglet,data/new_raw/images/ce5ad70e-8135-484e-8b7e-1f3a1fabec66.jpg
e87f879f-0ec3-40ac-8df5-f7986691db12,https://static.inaturalist.org/photos/17277905/medium.jpeg,144815,Black-capped Chickadee,data/new_raw/images/e87f879f-0ec3-40ac-8df5-f7986691db12.jpg
f947f7c3-969c-4f01-8d80-58ab2c2f395b,https://static.inaturalist.org/photos/17277936/medium.jpeg,8021,American Crow,data/new_raw/images/f947f7c3-969c-4f01-8d80-58ab2c2f395b.jpg
8e4fe08f-f83c-4210-9b72-c556103103de,https://static.inaturalist.org/photos/17278169/medium.jpeg,11867,Purple Martin,data/new_raw/images/8e4fe08f-f83c-4210-9b72-c556103103de.jpg
0347c6bb-424a-4117-b62e-60c15443a695,https://inaturalist-open-data.s3.amazonaws.com/photos/17287434/medium.jpg,13858,House Sparrow,data/new_raw/images/0347c6bb-424a-4117-b62e-60c15443a695.jpg
9bc922e1-b5ad-4a41-b51f-ba32fdf89d79,https://static.inaturalist.org/photos/17287755/medium.jpeg,42223,White-tailed Deer,data/new_raw/images/9bc922e1-b5ad-4a41-b51f-ba32fdf89d79.jpg
e3e37909-e1ec-4f1d-9040-250a3a0d4c3c,https://static.inaturalist.org/photos/17287908/medium.jpeg,41663,Common Raccoon,data/new_raw/images/e3e37909-e1ec-4f1d-9040-250a3a0d4c3c.jpg
c87396da-76a8-4168-a93e-cdb10056de10,https://static.inaturalist.org/photos/17299771/medium.jpg,12727,American Robin,data/new_raw/images/c87396da-76a8-4168-a93e-cdb10056de10.jpg
74b0fc03-c22d-4460-9363-cf52e77d98f1,https://static.inaturalist.org/photos/17300108/medium.jpeg,122767,Feral Pigeon,data/new_raw/images/74b0fc03-c22d-4460-9363-cf52e77d98f1.jpg
fedc0259-ef9c-4835-a804-9f8617a65dbb,https://inaturalist-open-data.s3.amazonaws.com/photos/17301574/medium.jpg,14995,Gray Catbird,data/new_raw/images/fedc0259-ef9c-4835-a804-9f8617a65dbb.jpg
9997fbf6-6cf3-4a0c-8e9e-fe236bb14101,https://inaturalist-open-data.s3.amazonaws.com/photos/17301955/medium.jpg,5212,Red-tailed Hawk,data/new_raw/images/9997fbf6-6cf3-4a0c-8e9e-fe236bb14101.jpg
65ca8cc6-a307-40d2-b0d2-97d78a3b71b7,https://inaturalist-open-data.s3.amazonaws.com/photos/17302013/medium.jpg,9424,Eastern Towhee,data/new_raw/images/65ca8cc6-a307-40d2-b0d2-97d78a3b71b7.jpg
78f8f121-fe93-424a-8858-480e370b3ba4,https://inaturalist-open-data.s3.amazonaws.com/photos/17302655/medium.jpg,16028,Great Crested Flycatcher,data/new_raw/images/78f8f121-fe93-424a-8858-480e370b3ba4.jpg
fbb1249f-8674-4e1a-a68d-156f71a71791,https://inaturalist-open-data.s3.amazonaws.com/photos/17309826/medium.jpg,6996,Red-breasted Merganser,data/new_raw/images/fbb1249f-8674-4e1a-a68d-156f71a71791.jpg
8c312ba5-4c43-49b4-baa0-7a3230a5a0ed,https://inaturalist-open-data.s3.amazonaws.com/photos/17317715/medium.jpeg,41880,Striped Skunk,data/new_raw/images/8c312ba5-4c43-49b4-baa0-7a3230a5a0ed.jpg
7acdf7de-1289-4218-94c7-763e51357e03,https://static.inaturalist.org/photos/17335199/medium.jpg,3454,Mourning Dove,data/new_raw/images/7acdf7de-1289-4218-94c7-763e51357e03.jpg
4cc1befa-067c-44cc-910a-0e72dc95b69b,https://static.inaturalist.org/photos/17335260/medium.jpg,14850,European Starling,data/new_raw/images/4cc1befa-067c-44cc-910a-0e72dc95b69b.jpg
e2ea6bff-854a-4378-ba06-f1fb24032ef5,https://static.inaturalist.org/photos/17335516/medium.jpg,9184,White-throated Sparrow,data/new_raw/images/e2ea6bff-854a-4378-ba06-f1fb24032ef5.jpg
5b853564-c2f1-4b62-bcff-53e6dfaa7619,https://inaturalist-open-data.s3.amazonaws.com/photos/17337716/medium.jpg,46017,Eastern Gray Squirrel,data/new_raw/images/5b853564-c2f1-4b62-bcff-53e6dfaa7619.jpg
9f7cce58-e984-4db5-a089-45d5f978394c,https://inaturalist-open-data.s3.amazonaws.com/photos/17337741/medium.jpg,8021,American Crow,data/new_raw/images/9f7cce58-e984-4db5-a089-45d5f978394c.jpg
d7136858-d6f0-4dfe-a5b4-71fd803f8f0d,https://inaturalist-open-data.s3.amazonaws.com/photos/17351828/medium.jpeg,7089,Canada Goose,data/new_raw/images/d7136858-d6f0-4dfe-a5b4-71fd803f8f0d.jpg
a1b8eafa-aa83-4525-a797-61d77f7d6f0e,https://static.inaturalist.org/photos/17351921/medium.jpg,43794,American Beaver,data/new_raw/images/a1b8eafa-aa83-4525-a797-61d77f7d6f0e.jpg
c09197b9-084d-4741-bd8e-d2098bf8268b,https://static.inaturalist.org/photos/17356212/medium.jpg,3454,Mourning Dove,data/new_raw/images/c09197b9-084d-4741-bd8e-d2098bf8268b.jpg
9bfd2692-b9a6-4857-9e80-2b01b9a5974f,https://inaturalist-open-data.s3.amazonaws.com/photos/17364979/medium.jpeg,145242,Palm Warbler,data/new_raw/images/9bfd2692-b9a6-4857-9e80-2b01b9a5974f.jpg
790b937c-c5cd-4ab8-b8a0-3e368abd3a14,https://static.inaturalist.org/photos/17365017/medium.jpg,43111,Eastern Cottontail,data/new_raw/images/790b937c-c5cd-4ab8-b8a0-3e368abd3a14.jpg
33c9de0d-2c10-4468-8fcf-feb161756f5b,https://inaturalist-open-data.s3.amazonaws.com/photos/17365073/medium.jpeg,16782,Eastern Kingbird,data/new_raw/images/33c9de0d-2c10-4468-8fcf-feb161756f5b.jpg
59956d19-55cf-4447-8c74-b70e92ee9f48,https://inaturalist-open-data.s3.amazonaws.com/photos/17365142/medium.jpeg,145239,Chestnut-sided Warbler,data/new_raw/images/59956d19-55cf-4447-8c74-b70e92ee9f48.jpg
60b053c4-b69f-4d65-a6cb-a4481a53a1ba,https://inaturalist-open-data.s3.amazonaws.com/photos/17365306/medium.jpeg,145238,Yellow Warbler,data/new_raw/images/60b053c4-b69f-4d65-a6cb-a4481a53a1ba.jpg
aef98125-85d0-4492-93a7-4a9c4dea2327,https://inaturalist-open-data.s3.amazonaws.com/photos/17365418/medium.jpeg,12878,Swainson's Thrush,data/new_raw/images/aef98125-85d0-4492-93a7-4a9c4dea2327.jpg
7f4dbd09-65d2-4301-a93f-d628839fc507,https://inaturalist-open-data.s3.amazonaws.com/photos/17365645/medium.jpeg,5020,Green Heron,data/new_raw/images/7f4dbd09-65d2-4301-a93f-d628839fc507.jpg
9e74d416-290d-491c-805f-fd45e23c2df6,https://static.inaturalist.org/photos/17368224/medium.jpg,145310,American Goldfinch,data/new_raw/images/9e74d416-290d-491c-805f-fd45e23c2df6.jpg
a3b12ddc-7bb4-47ac-828f-c0d355a3d2bc,https://static.inaturalist.org/photos/17368948/medium.jpg,9602,Common Grackle,data/new_raw/images/a3b12ddc-7bb4-47ac-828f-c0d355a3d2bc.jpg
4fec01da-ebe0-4cf0-b9fb-bf6097d34332,https://static.inaturalist.org/photos/17369239/medium.jpg,7251,Perching Birds,data/new_raw/images/4fec01da-ebe0-4cf0-b9fb-bf6097d34332.jpg
e0c45050-d085-416b-9eaa-cf08fcbf0ab0,https://inaturalist-open-data.s3.amazonaws.com/photos/17377565/medium.jpg,62550,Ovenbird,data/new_raw/images/e0c45050-d085-416b-9eaa-cf08fcbf0ab0.jpg
15c717d8-500a-4d67-90a3-aae2c0fadcf8,https://inaturalist-open-data.s3.amazonaws.com/photos/17378197/medium.jpg,6996,Red-breasted Merganser,data/new_raw/images/15c717d8-500a-4d67-90a3-aae2c0fadcf8.jpg
ab571e73-3a42-48ca-9cff-aec9aadbe914,https://inaturalist-open-data.s3.amazonaws.com/photos/17378723/medium.jpg,7458,Brown Creeper,data/new_raw/images/ab571e73-3a42-48ca-9cff-aec9aadbe914.jpg
213efdb5-f404-4aa4-9a89-664cfb87af95,https://static.inaturalist.org/photos/17400532/medium.jpg,14850,European Starling,data/new_raw/images/213efdb5-f404-4aa4-9a89-664cfb87af95.jpg
318952f5-0afc-46f3-80b1-5c885dda8555,https://static.inaturalist.org/photos/17400783/medium.jpg,46017,Eastern Gray Squirrel,data/new_raw/images/318952f5-0afc-46f3-80b1-5c885dda8555.jpg
d8b73971-f28a-44f8-9825-5a767095ecbf,https://static.inaturalist.org/photos/17400793/medium.jpg,10373,Brown-headed Cowbird,data/new_raw/images/d8b73971-f28a-44f8-9825-5a767095ecbf.jpg
3a3ba3ea-d566-4864-8903-02c9d2cf6177,https://inaturalist-open-data.s3.amazonaws.com/photos/17401749/medium.jpg,792988,Downy Woodpecker,data/new_raw/images/3a3ba3ea-d566-4864-8903-02c9d2cf6177.jpg
9f6e1651-97d2-4414-bb3c-236aa6d28462,https://inaturalist-open-data.s3.amazonaws.com/photos/17407814/medium.jpeg,12727,American Robin,data/new_raw/images/9f6e1651-97d2-4414-bb3c-236aa6d28462.jpg
1294e004-e01b-4594-b53d-16555cb2e9de,https://static.inaturalist.org/photos/17410236/medium.jpg,9083,Northern Cardinal,data/new_raw/images/1294e004-e01b-4594-b53d-16555cb2e9de.jpg
8aa6f179-d02c-4dbc-a86f-90c36e4f4f9c,https://inaturalist-open-data.s3.amazonaws.com/photos/17412782/medium.jpg,144455,Great Egret,data/new_raw/images/8aa6f179-d02c-4dbc-a86f-90c36e4f4f9c.jpg
09912bb9-ef15-4450-9af2-8d677c2d2eb0,https://static.inaturalist.org/photos/17416033/medium.jpg,145245,Yellow-rumped Warbler,data/new_raw/images/09912bb9-ef15-4450-9af2-8d677c2d2eb0.jpg
8b75dad7-ca95-402d-a881-054731f5c77d,https://static.inaturalist.org/photos/17419588/medium.jpeg,43111,Eastern Cottontail,data/new_raw/images/8b75dad7-ca95-402d-a881-054731f5c77d.jpg
6320fef9-285e-4f02-976f-4d7f54500648,https://static.inaturalist.org/photos/17419790/medium.jpeg,9744,Red-winged Blackbird,data/new_raw/images/6320fef9-285e-4f02-976f-4d7f54500648.jpg
a54fb83e-8da8-42b1-bac1-46999150a68c,https://static.inaturalist.org/photos/17422661/medium.jpeg,41663,Common Raccoon,data/new_raw/images/a54fb83e-8da8-42b1-bac1-46999150a68c.jpg
f5bc3e7f-4905-4430-8dd9-59a88e975337,https://static.inaturalist.org/photos/17422728/medium.jpeg,12727,American Robin,data/new_raw/images/f5bc3e7f-4905-4430-8dd9-59a88e975337.jpg
89d47530-911e-4e68-83e1-80d7b7d307f1,https://static.inaturalist.org/photos/17424305/medium.jpg,7089,Canada Goose,data/new_raw/images/89d47530-911e-4e68-83e1-80d7b7d307f1.jpg
70a9ba3d-fd77-415e-9c53-9e7ebecdf0ff,https://static.inaturalist.org/photos/17426220/medium.jpg,7089,Canada Goose,data/new_raw/images/70a9ba3d-fd77-415e-9c53-9e7ebecdf0ff.jpg
0007dcd5-5cde-4537-82a1-acda428df4b9,https://static.inaturalist.org/photos/17426339/medium.jpg,43111,Eastern Cottontail,data/new_raw/images/0007dcd5-5cde-4537-82a1-acda428df4b9.jpg
ef9880a6-7c46-44c6-860c-8b61f29a4fb3,https://inaturalist-open-data.s3.amazonaws.com/photos/17430549/medium.jpeg,12727,American Robin,data/new_raw/images/ef9880a6-7c46-44c6-860c-8b61f29a4fb3.jpg
b54e4a23-cc04-49fa-9062-ab2bf61f6897,https://inaturalist-open-data.s3.amazonaws.com/photos/17431304/medium.jpeg,9744,Red-winged Blackbird,data/new_raw/images/b54e4a23-cc04-49fa-9062-ab2bf61f6897.jpg
e65ff6cc-8097-48cc-bb83-bb9702d5b793,https://static.inaturalist.org/photos/17433357/medium.jpeg,9176,White-crowned Sparrow,data/new_raw/images/e65ff6cc-8097-48cc-bb83-bb9702d5b793.jpg
d1f002bd-1e83-4620-b73e-6b77bd6ba2a4,https://static.inaturalist.org/photos/17433509/medium.jpeg,11941,Bank Swallow,data/new_raw/images/d1f002bd-1e83-4620-b73e-6b77bd6ba2a4.jpg
fc8dcd74-5ee2-4f35-bc8e-c98b6838242e,https://static.inaturalist.org/photos/17433542/medium.jpeg,9083,Northern Cardinal,data/new_raw/images/fc8dcd74-5ee2-4f35-bc8e-c98b6838242e.jpg
e22eb75f-c6d1-43ed-9586-f0f1b8f5bad3,https://static.inaturalist.org/photos/17433573/medium.jpeg,43111,Eastern Cottontail,data/new_raw/images/e22eb75f-c6d1-43ed-9586-f0f1b8f5bad3.jpg
ac095acf-949c-46c2-b2de-f83f7afe07e4,https://static.inaturalist.org/photos/17433621/medium.jpeg,4793,Killdeer,data/new_raw/images/ac095acf-949c-46c2-b2de-f83f7afe07e4.jpg
fb863a6f-5cb9-429c-90ef-9109a3ef5a81,https://static.inaturalist.org/photos/17433725/medium.jpeg,9602,Common Grackle,data/new_raw/images/fb863a6f-5cb9-429c-90ef-9109a3ef5a81.jpg
4ce94c09-40ec-4f32-8acc-3dd82ba4e062,https://static.inaturalist.org/photos/17433784/medium.jpeg,12890,Hermit Thrush,data/new_raw/images/4ce94c09-40ec-4f32-8acc-3dd82ba4e062.jpg
d03a7401-4c96-4c7c-8dc5-3e7b095a2c6c,https://static.inaturalist.org/photos/17451706/medium.jpg,8021,American Crow,data/new_raw/images/d03a7401-4c96-4c7c-8dc5-3e7b095a2c6c.jpg
190b1c6c-67bf-4fee-b510-c53833f6f246,https://static.inaturalist.org/photos/17453472/medium.jpg,40522,Eastern Red Bat,data/new_raw/images/190b1c6c-67bf-4fee-b510-c53833f6f246.jpg
76d43cab-b5b4-4c7a-bf4b-75aeae82f9d9,https://static.inaturalist.org/photos/17453861/medium.jpg,7513,Carolina Wren,data/new_raw/images/76d43cab-b5b4-4c7a-bf4b-75aeae82f9d9.jpg
b4fcf298-c506-4bd3-9abc-12514750d158,https://static.inaturalist.org/photos/17456330/medium.jpg,12727,American Robin,data/new_raw/images/b4fcf298-c506-4bd3-9abc-12514750d158.jpg
1c882a2a-1b7e-4c6c-95f4-e4c103cb88d6,https://static.inaturalist.org/photos/17456599/medium.jpg,6930,Mallard,data/new_raw/images/1c882a2a-1b7e-4c6c-95f4-e4c103cb88d6.jpg
aa753aef-59e0-44ec-bddf-40921d0757fa,https://static.inaturalist.org/photos/17456887/medium.jpg,6930,Mallard,data/new_raw/images/aa753aef-59e0-44ec-bddf-40921d0757fa.jpg
448e11d0-98d3-4e7e-935c-a22ee9fdb848,https://inaturalist-open-data.s3.amazonaws.com/photos/17465355/medium.jpg,906,Wild Turkey,data/new_raw/images/448e11d0-98d3-4e7e-935c-a22ee9fdb848.jpg
6dc46f8c-87d9-4518-94a7-bae43b420f6f,https://static.inaturalist.org/photos/17466132/medium.jpg,122767,Feral Pigeon,data/new_raw/images/6dc46f8c-87d9-4518-94a7-bae43b420f6f.jpg
e960d3af-a970-47ff-97b4-16474748010a,https://inaturalist-open-data.s3.amazonaws.com/photos/17466361/medium.jpg,10286,Black-and-white Warbler,data/new_raw/images/e960d3af-a970-47ff-97b4-16474748010a.jpg
ab29007e-2e18-4649-b905-abf271ed4792,https://inaturalist-open-data.s3.amazonaws.com/photos/17466389/medium.jpg,145245,Yellow-rumped Warbler,data/new_raw/images/ab29007e-2e18-4649-b905-abf271ed4792.jpg
4e40ecc8-310c-4d52-8e2f-cf5a3ff5d716,https://inaturalist-open-data.s3.amazonaws.com/photos/17466428/medium.jpg,145242,Palm Warbler,data/new_raw/images/4e40ecc8-310c-4d52-8e2f-cf5a3ff5d716.jpg
1207eaca-1d1c-4e7d-9c02-4c08f476487c,https://inaturalist-open-data.s3.amazonaws.com/photos/17466560/medium.jpg,73149,Northern Waterthrush,data/new_raw/images/1207eaca-1d1c-4e7d-9c02-4c08f476487c.jpg
136ef318-2b90-494a-99fb-b1f2779d1124,https://inaturalist-open-data.s3.amazonaws.com/photos/17466601/medium.jpg,12878,Swainson's Thrush,data/new_raw/images/136ef318-2b90-494a-99fb-b1f2779d1124.jpg
fee489c2-d5a3-4bc9-a792-8d490845cd66,https://inaturalist-open-data.s3.amazonaws.com/photos/17466632/medium.jpg,42223,White-tailed Deer,data/new_raw/images/fee489c2-d5a3-4bc9-a792-8d490845cd66.jpg
a3bd7a75-da85-4c40-b157-601a8b9535ae,https://inaturalist-open-data.s3.amazonaws.com/photos/17466684/medium.jpg,3875,Solitary Sandpiper,data/new_raw/images/a3bd7a75-da85-4c40-b157-601a8b9535ae.jpg
8c48b046-3d60-4b4e-945a-18e094312ef8,https://inaturalist-open-data.s3.amazonaws.com/photos/17466702/medium.jpg,5020,Green Heron,data/new_raw/images/8c48b046-3d60-4b4e-945a-18e094312ef8.jpg
56ffb566-2a5f-42a0-930d-8349a7b8f016,https://inaturalist-open-data.s3.amazonaws.com/photos/17466722/medium.jpg,979753,Nashville Warbler,data/new_raw/images/56ffb566-2a5f-42a0-930d-8349a7b8f016.jpg
3b9e683b-6c9f-413c-b9e8-a524f739ae0c,https://inaturalist-open-data.s3.amazonaws.com/photos/17466741/medium.jpg,7562,Northern House Wren,data/new_raw/images/3b9e683b-6c9f-413c-b9e8-a524f739ae0c.jpg
00ccc3ac-9ae3-4adc-9309-e88ddb7523d0,https://inaturalist-open-data.s3.amazonaws.com/photos/17466786/medium.jpg,12890,Hermit Thrush,data/new_raw/images/00ccc3ac-9ae3-4adc-9309-e88ddb7523d0.jpg
9650a23a-4663-42f1-8337-0dffb15347b6,https://inaturalist-open-data.s3.amazonaws.com/photos/17466860/medium.jpg,12727,American Robin,data/new_raw/images/9650a23a-4663-42f1-8337-0dffb15347b6.jpg
cf259746-2122-40aa-a09c-150daddc4428,https://inaturalist-open-data.s3.amazonaws.com/photos/17466977/medium.jpg,238505,Western Palm Warbler,data/new_raw/images/cf259746-2122-40aa-a09c-150daddc4428.jpg
bc1c3b0d-f4da-4bc5-ae3b-11fb4c7c272e,https://inaturalist-open-data.s3.amazonaws.com/photos/17467007/medium.jpg,18236,Northern Flicker,data/new_raw/images/bc1c3b0d-f4da-4bc5-ae3b-11fb4c7c272e.jpg
0815267c-2bdf-4f4c-9039-896d78dbdb8e,https://inaturalist-open-data.s3.amazonaws.com/photos/17467046/medium.jpg,3875,Solitary Sandpiper,data/new_raw/images/0815267c-2bdf-4f4c-9039-896d78dbdb8e.jpg
4d2bb6c7-6222-4551-b4e0-d76a036d6dd8,https://inaturalist-open-data.s3.amazonaws.com/photos/17467074/medium.jpg,12878,Swainson's Thrush,data/new_raw/images/4d2bb6c7-6222-4551-b4e0-d76a036d6dd8.jpg
55dca7f4-ff8c-4089-9859-770c2e9b1107,https://inaturalist-open-data.s3.amazonaws.com/photos/17467098/medium.jpg,5212,Red-tailed Hawk,data/new_raw/images/55dca7f4-ff8c-4089-9859-770c2e9b1107.jpg
6b087343-0352-445c-af33-8ac7c6df2012,https://inaturalist-open-data.s3.amazonaws.com/photos/17467121/medium.jpg,14995,Gray Catbird,data/new_raw/images/6b087343-0352-445c-af33-8ac7c6df2012.jpg
866b1a85-f98d-4bd5-91e6-2fb758be9208,https://inaturalist-open-data.s3.amazonaws.com/photos/17467136/medium.jpg,145310,American Goldfinch,data/new_raw/images/866b1a85-f98d-4bd5-91e6-2fb758be9208.jpg
3c43714c-c914-48e5-83d8-8c530319e115,https://inaturalist-open-data.s3.amazonaws.com/photos/17467162/medium.jpg,12942,Eastern Bluebird,data/new_raw/images/3c43714c-c914-48e5-83d8-8c530319e115.jpg
eca107a0-16eb-437d-a2a1-f2ee6353bf18,https://inaturalist-open-data.s3.amazonaws.com/photos/17467188/medium.jpg,7493,Blue-gray Gnatcatcher,data/new_raw/images/eca107a0-16eb-437d-a2a1-f2ee6353bf18.jpg
98e81ab1-1d51-4dab-880f-176d16f80b29,https://inaturalist-open-data.s3.amazonaws.com/photos/17467216/medium.jpg,792988,Downy Woodpecker,data/new_raw/images/98e81ab1-1d51-4dab-880f-176d16f80b29.jpg
a7ea870c-71ef-4dc0-a8e0-c571eb22164f,https://static.inaturalist.org/photos/17468697/medium.jpg,13858,House Sparrow,data/new_raw/images/a7ea870c-71ef-4dc0-a8e0-c571eb22164f.jpg
38127ea2-ccd9-41fd-9811-e35cf46c2f0c,https://static.inaturalist.org/photos/17469032/medium.jpg,13858,House Sparrow,data/new_raw/images/38127ea2-ccd9-41fd-9811-e35cf46c2f0c.jpg
807f6c59-441e-4c07-9d70-e6b3f9ac6661,https://static.inaturalist.org/photos/17474930/medium.jpg,13858,House Sparrow,data/new_raw/images/807f6c59-441e-4c07-9d70-e6b3f9ac6661.jpg
a6b6c266-6bac-4bed-81a2-4ce5728d2a15,https://static.inaturalist.org/photos/17475282/medium.jpg,7251,Perching Birds,data/new_raw/images/a6b6c266-6bac-4bed-81a2-4ce5728d2a15.jpg
d454e6d1-ae53-49f5-8a9f-30585f07e531,https://static.inaturalist.org/photos/17475461/medium.jpg,13858,House Sparrow,data/new_raw/images/d454e6d1-ae53-49f5-8a9f-30585f07e531.jpg
d17fe185-6383-426b-83c9-997ffbe9b0b9,https://static.inaturalist.org/photos/17475801/medium.jpg,12727,American Robin,data/new_raw/images/d17fe185-6383-426b-83c9-997ffbe9b0b9.jpg
4b8b53f5-7211-40f0-bfb9-5c5606c18dee,https://static.inaturalist.org/photos/17481933/medium.jpg,5020,Green Heron,data/new_raw/images/4b8b53f5-7211-40f0-bfb9-5c5606c18dee.jpg
afd8fd0b-f75e-4914-a1af-ecdafd0a86d6,https://static.inaturalist.org/photos/17482901/medium.jpg,11867,Purple Martin,data/new_raw/images/afd8fd0b-f75e-4914-a1af-ecdafd0a86d6.jpg
4a601aeb-bfb0-409a-ba56-47f49458f6f3,https://inaturalist-open-data.s3.amazonaws.com/photos/17483529/medium.jpg,144537,Caspian Tern,data/new_raw/images/4a601aeb-bfb0-409a-ba56-47f49458f6f3.jpg
eac17803-03dc-4afb-a34a-6109eade26be,https://inaturalist-open-data.s3.amazonaws.com/photos/17483686/medium.jpg,9721,Common Yellowthroat,data/new_raw/images/eac17803-03dc-4afb-a34a-6109eade26be.jpg
499319d0-08a3-450d-b85e-95050825664b,https://inaturalist-open-data.s3.amazonaws.com/photos/17484045/medium.jpg,7107,Wood Duck,data/new_raw/images/499319d0-08a3-450d-b85e-95050825664b.jpg
35a483cd-1574-4ddc-9904-ec2b521214d6,https://inaturalist-open-data.s3.amazonaws.com/photos/17484180/medium.jpg,10286,Black-and-white Warbler,data/new_raw/images/35a483cd-1574-4ddc-9904-ec2b521214d6.jpg
1c70df83-1506-457a-8b3d-6d1baa211e34,https://inaturalist-open-data.s3.amazonaws.com/photos/17484356/medium.jpg,145242,Palm Warbler,data/new_raw/images/1c70df83-1506-457a-8b3d-6d1baa211e34.jpg
1e28c73d-ab93-4a82-8dff-79b9a16876cf,https://inaturalist-open-data.s3.amazonaws.com/photos/17484405/medium.jpg,5020,Green Heron,data/new_raw/images/1e28c73d-ab93-4a82-8dff-79b9a16876cf.jpg
e5e61e21-6a64-43c0-9e6c-68f9da64bc6b,https://inaturalist-open-data.s3.amazonaws.com/photos/17484553/medium.jpg,11901,Barn Swallow,data/new_raw/images/e5e61e21-6a64-43c0-9e6c-68f9da64bc6b.jpg
328f62ab-9ca5-4583-b235-79bc61e3bbe6,https://inaturalist-open-data.s3.amazonaws.com/photos/17484582/medium.jpg,4981,Black-crowned Night Heron,data/new_raw/images/328f62ab-9ca5-4583-b235-79bc61e3bbe6.jpg
2e507729-fcf2-426a-80e1-13ad759a2415,https://inaturalist-open-data.s3.amazonaws.com/photos/17484926/medium.jpg,10729,Prothonotary Warbler,data/new_raw/images/2e507729-fcf2-426a-80e1-13ad759a2415.jpg
4ad0059b-02a4-480a-8c57-3ea127661419,https://inaturalist-open-data.s3.amazonaws.com/photos/17484848/medium.jpg,72458,Spotted Sandpiper,data/new_raw/images/4ad0059b-02a4-480a-8c57-3ea127661419.jpg
5f6fcc54-c65e-4bbb-8153-5babbcfcdf0d,https://inaturalist-open-data.s3.amazonaws.com/photos/17484968/medium.jpg,4793,Killdeer,data/new_raw/images/5f6fcc54-c65e-4bbb-8153-5babbcfcdf0d.jpg
01e76a49-56ea-4629-b58a-65a6dfccf14d,https://inaturalist-open-data.s3.amazonaws.com/photos/17485018/medium.jpg,162,Sora,data/new_raw/images/01e76a49-56ea-4629-b58a-65a6dfccf14d.jpg
fc2192c5-8e26-461e-a00e-a30b81e3dc74,https://inaturalist-open-data.s3.amazonaws.com/photos/17485096/medium.jpg,10470,Yellow-headed Blackbird,data/new_raw/images/fc2192c5-8e26-461e-a00e-a30b81e3dc74.jpg
a03e8a20-ba27-47c6-b304-ab81d34cd5d0,https://inaturalist-open-data.s3.amazonaws.com/photos/17485169/medium.jpg,145237,Blackburnian Warbler,data/new_raw/images/a03e8a20-ba27-47c6-b304-ab81d34cd5d0.jpg
27855554-c16b-448b-bcdb-51fbd3f72366,https://inaturalist-open-data.s3.amazonaws.com/photos/17485218/medium.jpg,9721,Common Yellowthroat,data/new_raw/images/27855554-c16b-448b-bcdb-51fbd3f72366.jpg
f5c0266d-5efa-46eb-a9e3-820eb9bac205,https://inaturalist-open-data.s3.amazonaws.com/photos/17486870/medium.jpeg,9744,Red-winged Blackbird,data/new_raw/images/f5c0266d-5efa-46eb-a9e3-820eb9bac205.jpg
fba8d4d6-d5e2-46c3-a589-4e07e9ffd4f8,https://inaturalist-open-data.s3.amazonaws.com/photos/17487034/medium.jpeg,5020,Green Heron,data/new_raw/images/fba8d4d6-d5e2-46c3-a589-4e07e9ffd4f8.jpg
6fd71e6a-c237-4edd-b2cc-a35f45a30d5e,https://inaturalist-open-data.s3.amazonaws.com/photos/17487066/medium.jpeg,7107,Wood Duck,data/new_raw/images/6fd71e6a-c237-4edd-b2cc-a35f45a30d5e.jpg
ebe02f62-0395-433b-9188-e8e5e2b6f82d,https://inaturalist-open-data.s3.amazonaws.com/photos/17487088/medium.jpeg,9721,Common Yellowthroat,data/new_raw/images/ebe02f62-0395-433b-9188-e8e5e2b6f82d.jpg
b4aff65a-ae8f-4e2a-9537-f4e6fd308e83,https://inaturalist-open-data.s3.amazonaws.com/photos/17487173/medium.jpeg,3864,Least Sandpiper,data/new_raw/images/b4aff65a-ae8f-4e2a-9537-f4e6fd308e83.jpg
481253c8-a0dc-443d-8c7d-c51c472a16cb,https://inaturalist-open-data.s3.amazonaws.com/photos/17487212/medium.jpeg,4793,Killdeer,data/new_raw/images/481253c8-a0dc-443d-8c7d-c51c472a16cb.jpg
27c40bd8-3c0b-4581-a25c-54fec7b39494,https://inaturalist-open-data.s3.amazonaws.com/photos/17487292/medium.jpeg,3865,Pectoral Sandpiper,data/new_raw/images/27c40bd8-3c0b-4581-a25c-54fec7b39494.jpg
31864c25-4d50-4fd9-ba88-26d12dcec785,https://inaturalist-open-data.s3.amazonaws.com/photos/17487343/medium.jpeg,72458,Spotted Sandpiper,data/new_raw/images/31864c25-4d50-4fd9-ba88-26d12dcec785.jpg
bcd4dce1-70fe-4dcf-9c15-e19d3c67adea,https://inaturalist-open-data.s3.amazonaws.com/photos/17487392/medium.jpeg,11901,Barn Swallow,data/new_raw/images/bcd4dce1-70fe-4dcf-9c15-e19d3c67adea.jpg
04be999b-5c62-4444-a1c4-8d4c4b1ac009,https://inaturalist-open-data.s3.amazonaws.com/photos/17487422/medium.jpeg,10286,Black-and-white Warbler,data/new_raw/images/04be999b-5c62-4444-a1c4-8d4c4b1ac009.jpg
7d4e3751-b550-4187-951d-d65ec91980e7,https://static.inaturalist.org/photos/17490741/medium.jpg,122767,Feral Pigeon,data/new_raw/images/7d4e3751-b550-4187-951d-d65ec91980e7.jpg
3c7c63a8-d278-4ac1-9614-e657d4c13fba,https://inaturalist-open-data.s3.amazonaws.com/photos/17492188/medium.jpg,9184,White-throated Sparrow,data/new_raw/images/3c7c63a8-d278-4ac1-9614-e657d4c13fba.jpg
6727f7cc-b50e-47d9-aa13-0f81ba78c74d,https://inaturalist-open-data.s3.amazonaws.com/photos/17492318/medium.jpg,73149,Northern Waterthrush,data/new_raw/images/6727f7cc-b50e-47d9-aa13-0f81ba78c74d.jpg
b4c80c68-f4b8-4a5d-812d-7015e0bed3a3,https://inaturalist-open-data.s3.amazonaws.com/photos/17492428/medium.jpg,3864,Least Sandpiper,data/new_raw/images/b4c80c68-f4b8-4a5d-812d-7015e0bed3a3.jpg
1e83b4b7-9ba7-4192-80ad-418ce4b84d87,https://inaturalist-open-data.s3.amazonaws.com/photos/17491828/medium.jpeg,9176,White-crowned Sparrow,data/new_raw/images/1e83b4b7-9ba7-4192-80ad-418ce4b84d87.jpg
bd6bd8d1-1f95-4028-900e-fa8321dec77d,https://inaturalist-open-data.s3.amazonaws.com/photos/17491938/medium.jpeg,9184,White-throated Sparrow,data/new_raw/images/bd6bd8d1-1f95-4028-900e-fa8321dec77d.jpg
469c34d3-578d-4a60-ac55-70cedef8211e,https://inaturalist-open-data.s3.amazonaws.com/photos/17492023/medium.jpeg,7562,Northern House Wren,data/new_raw/images/469c34d3-578d-4a60-ac55-70cedef8211e.jpg
cbb861d6-174f-428a-b010-da73d319d112,https://inaturalist-open-data.s3.amazonaws.com/photos/17492743/medium.jpeg,9721,Common Yellowthroat,data/new_raw/images/cbb861d6-174f-428a-b010-da73d319d112.jpg
5a21ac1b-eca5-4ef2-88ba-be77be9fb799,https://inaturalist-open-data.s3.amazonaws.com/photos/17492810/medium.jpeg,9100,Song Sparrow,data/new_raw/images/5a21ac1b-eca5-4ef2-88ba-be77be9fb799.jpg
4915431d-c6dd-4280-87d0-6bb68543c850,https://inaturalist-open-data.s3.amazonaws.com/photos/17492839/medium.jpeg,145242,Palm Warbler,data/new_raw/images/4915431d-c6dd-4280-87d0-6bb68543c850.jpg
95c3472a-4c9f-478e-a09d-5c114ac104f8,https://inaturalist-open-data.s3.amazonaws.com/photos/17492932/medium.jpeg,62550,Ovenbird,data/new_raw/images/95c3472a-4c9f-478e-a09d-5c114ac104f8.jpg
ad61d1bc-101b-46c6-b423-999e4447eae7,https://inaturalist-open-data.s3.amazonaws.com/photos/17492984/medium.jpeg,11935,Tree Swallow,data/new_raw/images/ad61d1bc-101b-46c6-b423-999e4447eae7.jpg
fd8060cd-adbb-4875-a50d-e05aa6f3c672,https://inaturalist-open-data.s3.amazonaws.com/photos/17493066/medium.jpeg,3864,Least Sandpiper,data/new_raw/images/fd8060cd-adbb-4875-a50d-e05aa6f3c672.jpg
afe6b1f6-6fc5-4cc6-8848-7f862b581a58,https://inaturalist-open-data.s3.amazonaws.com/photos/17493136/medium.jpeg,3857,Dunlin,data/new_raw/images/afe6b1f6-6fc5-4cc6-8848-7f862b581a58.jpg
09104993-d8c7-4594-b50f-9f3009dd2266,https://inaturalist-open-data.s3.amazonaws.com/photos/17493188/medium.jpeg,72458,Spotted Sandpiper,data/new_raw/images/09104993-d8c7-4594-b50f-9f3009dd2266.jpg
cedb6665-f3ac-41e0-98d1-b3663b711a2d,https://inaturalist-open-data.s3.amazonaws.com/photos/17493223/medium.jpeg,7493,Blue-gray Gnatcatcher,data/new_raw/images/cedb6665-f3ac-41e0-98d1-b3663b711a2d.jpg
afcdaa4c-fc4f-4f6e-8fc8-ed3855eb60cd,https://inaturalist-open-data.s3.amazonaws.com/photos/17493295/medium.jpeg,73149,Northern Waterthrush,data/new_raw/images/afcdaa4c-fc4f-4f6e-8fc8-ed3855eb60cd.jpg
0854a6c7-8d6e-4823-a484-92e4d6ef79ba,https://static.inaturalist.org/photos/17496832/medium.jpg,42652,Virginia Opossum,data/new_raw/images/0854a6c7-8d6e-4823-a484-92e4d6ef79ba.jpg
669b3e6e-f394-4e10-93aa-46ead61e6bae,https://static.inaturalist.org/photos/17499333/medium.jpg,43095,Hares and Rabbits,data/new_raw/images/669b3e6e-f394-4e10-93aa-46ead61e6bae.jpg
54865eda-4033-4e28-b1ef-4cff31191796,https://static.inaturalist.org/photos/17514724/medium.jpg,46020,Eastern Fox Squirrel,data/new_raw/images/54865eda-4033-4e28-b1ef-4cff31191796.jpg
6c4e1395-1d10-4803-b5c3-c41fe9f06000,https://static.inaturalist.org/photos/17512943/medium.jpeg,10286,Black-and-white Warbler,data/new_raw/images/6c4e1395-1d10-4803-b5c3-c41fe9f06000.jpg
da25ec07-fe15-499f-b82a-95dbf2e30ea2,https://static.inaturalist.org/photos/17512950/medium.jpg,3857,Dunlin,data/new_raw/images/da25ec07-fe15-499f-b82a-95dbf2e30ea2.jpg
af25c30e-ec45-4184-a764-efa060d3f42d,https://static.inaturalist.org/photos/17512969/medium.jpeg,9346,Baltimore Oriole,data/new_raw/images/af25c30e-ec45-4184-a764-efa060d3f42d.jpg
7e3d3bfd-08d3-428f-aec4-48ecee7ecea6,https://static.inaturalist.org/photos/17512972/medium.jpeg,9346,Baltimore Oriole,data/new_raw/images/7e3d3bfd-08d3-428f-aec4-48ecee7ecea6.jpg
4398faac-33fa-40af-8ef2-78174efeb19c,https://static.inaturalist.org/photos/17512979/medium.jpeg,9807,Golden-winged Warbler,data/new_raw/images/4398faac-33fa-40af-8ef2-78174efeb19c.jpg
841070f1-3446-4bd5-9e6a-eb5a8de38553,https://static.inaturalist.org/photos/17512980/medium.jpeg,891704,Red-eyed Vireo,data/new_raw/images/841070f1-3446-4bd5-9e6a-eb5a8de38553.jpg
7dec3bbb-0e73-42f5-9121-097cc19f3922,https://static.inaturalist.org/photos/17512988/medium.jpeg,10729,Prothonotary Warbler,data/new_raw/images/7dec3bbb-0e73-42f5-9121-097cc19f3922.jpg
59fa133c-3d16-4f78-9a47-145780e7d25d,https://static.inaturalist.org/photos/17512984/medium.jpeg,10729,Prothonotary Warbler,data/new_raw/images/59fa133c-3d16-4f78-9a47-145780e7d25d.jpg
400f4dbd-5215-4dc1-b468-090ab5c78008,https://static.inaturalist.org/photos/17512992/medium.jpeg,10470,Yellow-headed Blackbird,data/new_raw/images/400f4dbd-5215-4dc1-b468-090ab5c78008.jpg
c1837969-3f29-464b-813a-9dd663444df7,https://static.inaturalist.org/photos/17512993/medium.jpeg,9325,Orchard Oriole,data/new_raw/images/c1837969-3f29-464b-813a-9dd663444df7.jpg
dcc3e397-7853-44d2-8b8c-f8260bf3e96d,https://static.inaturalist.org/photos/17512995/medium.jpeg,10243,Yellow-breasted Chat,data/new_raw/images/dcc3e397-7853-44d2-8b8c-f8260bf3e96d.jpg
0820ae82-0975-46f3-8432-865f42735aee,https://static.inaturalist.org/photos/17512998/medium.jpeg,145233,Northern Parula,data/new_raw/images/0820ae82-0975-46f3-8432-865f42735aee.jpg
78a2fbca-9bd5-4760-bbb9-f5236d2a0de2,https://static.inaturalist.org/photos/17513001/medium.jpg,7601,Marsh Wren,data/new_raw/images/78a2fbca-9bd5-4760-bbb9-f5236d2a0de2.jpg
613a9a9d-a482-4820-8823-f2c4ae5fd7aa,https://static.inaturalist.org/photos/17513002/medium.jpg,10271,Rose-breasted Grosbeak,data/new_raw/images/613a9a9d-a482-4820-8823-f2c4ae5fd7aa.jpg
18ba831e-4b5e-46cc-9f0d-5ec3f4629f03,https://static.inaturalist.org/photos/17513006/medium.jpg,10139,Grasshopper Sparrow,data/new_raw/images/18ba831e-4b5e-46cc-9f0d-5ec3f4629f03.jpg
1f8baa4f-b47f-464d-8284-ca8d1714549f,https://static.inaturalist.org/photos/17513012/medium.jpeg,17408,White-eyed Vireo,data/new_raw/images/1f8baa4f-b47f-464d-8284-ca8d1714549f.jpg
dea6e529-befb-4946-9a0f-f7eddf45a511,https://static.inaturalist.org/photos/17513038/medium.jpeg,144491,Willet,data/new_raw/images/dea6e529-befb-4946-9a0f-f7eddf45a511.jpg
3f20d88e-a91a-4572-9263-729da98e92c0,https://static.inaturalist.org/photos/17513044/medium.jpeg,13732,American Pipit,data/new_raw/images/3f20d88e-a91a-4572-9263-729da98e92c0.jpg
570d0758-197a-4155-9b9b-984ed625f5d1,https://static.inaturalist.org/photos/17513052/medium.jpeg,144491,Willet,data/new_raw/images/570d0758-197a-4155-9b9b-984ed625f5d1.jpg
aa91a174-5ea7-4462-aa40-f0c0f1f723a9,https://static.inaturalist.org/photos/17513055/medium.jpeg,145242,Palm Warbler,data/new_raw/images/aa91a174-5ea7-4462-aa40-f0c0f1f723a9.jpg
92f3e2af-e83f-4133-9970-27b4cdf9de46,https://static.inaturalist.org/photos/17513058/medium.jpeg,145238,Yellow Warbler,data/new_raw/images/92f3e2af-e83f-4133-9970-27b4cdf9de46.jpg
ad9a053b-ad09-41f8-b81e-600b3a7d1ca0,https://static.inaturalist.org/photos/17513063/medium.jpeg,144515,Franklin's Gull,data/new_raw/images/ad9a053b-ad09-41f8-b81e-600b3a7d1ca0.jpg
4ede0c44-653d-4ebc-be0f-60fa6f4741a2,https://static.inaturalist.org/photos/17513065/medium.jpeg,12878,Swainson's Thrush,data/new_raw/images/4ede0c44-653d-4ebc-be0f-60fa6f4741a2.jpg
d4d67d18-f7b0-452e-8ec0-426344173b34,https://static.inaturalist.org/photos/17513070/medium.jpeg,9176,White-crowned Sparrow,data/new_raw/images/d4d67d18-f7b0-452e-8ec0-426344173b34.jpg
25b733e4-da3e-45d0-b041-8c2ec222662f,https://static.inaturalist.org/photos/17513076/medium.jpeg,14995,Gray Catbird,data/new_raw/images/25b733e4-da3e-45d0-b041-8c2ec222662f.jpg
30688d3a-96ed-49ce-b174-22d83333319f,https://static.inaturalist.org/photos/17513078/medium.jpeg,10271,Rose-breasted Grosbeak,data/new_raw/images/30688d3a-96ed-49ce-b174-22d83333319f.jpg
e23c3a73-8a83-496a-bf80-712ff40f839a,https://static.inaturalist.org/photos/17513079/medium.jpeg,10271,Rose-breasted Grosbeak,data/new_raw/images/e23c3a73-8a83-496a-bf80-712ff40f839a.jpg
53b51b6f-33d2-4da6-97e8-ba6a07a7d906,https://static.inaturalist.org/photos/17513080/medium.jpeg,73149,Northern Waterthrush,data/new_raw/images/53b51b6f-33d2-4da6-97e8-ba6a07a7d906.jpg
0b50398b-215f-4f49-a1cc-95c2c4d9bea0,https://static.inaturalist.org/photos/17513083/medium.jpeg,10271,Rose-breasted Grosbeak,data/new_raw/images/0b50398b-215f-4f49-a1cc-95c2c4d9bea0.jpg
eb1f7576-2cd3-40bd-b7ae-d3d795a06336,https://static.inaturalist.org/photos/17517042/medium.jpg,16028,Great Crested Flycatcher,data/new_raw/images/eb1f7576-2cd3-40bd-b7ae-d3d795a06336.jpg
090022bc-d626-4ec2-aa07-833296bb6495,https://inaturalist-open-data.s3.amazonaws.com/photos/17523977/medium.jpg,62550,Ovenbird,data/new_raw/images/090022bc-d626-4ec2-aa07-833296bb6495.jpg
7d146c9f-becf-4f29-8bb6-77417e177213,https://inaturalist-open-data.s3.amazonaws.com/photos/17524673/medium.jpg,9176,White-crowned Sparrow,data/new_raw/images/7d146c9f-becf-4f29-8bb6-77417e177213.jpg
54a214ec-2446-4c1a-b9c8-e6b86ab5333a,https://static.inaturalist.org/photos/17527427/medium.jpg,12727,American Robin,data/new_raw/images/54a214ec-2446-4c1a-b9c8-e6b86ab5333a.jpg
ffc976fc-d81e-4e79-b3eb-34e7ec500963,https://static.inaturalist.org/photos/17527546/medium.jpg,46020,Eastern Fox Squirrel,data/new_raw/images/ffc976fc-d81e-4e79-b3eb-34e7ec500963.jpg
5be650d4-382c-4d0c-812e-713b7487210a,https://static.inaturalist.org/photos/17527684/medium.jpeg,10271,Rose-breasted Grosbeak,data/new_raw/images/5be650d4-382c-4d0c-812e-713b7487210a.jpg
87fa352d-c75e-40de-a9b8-10ee4aa660a0,https://static.inaturalist.org/photos/17527697/medium.jpeg,3454,Mourning Dove,data/new_raw/images/87fa352d-c75e-40de-a9b8-10ee4aa660a0.jpg
9e5a8727-1ca5-4fda-a055-b6f56afdb196,https://inaturalist-open-data.s3.amazonaws.com/photos/17553421/medium.jpg,13858,House Sparrow,data/new_raw/images/9e5a8727-1ca5-4fda-a055-b6f56afdb196.jpg
3e3d5bee-2d3f-4bf3-af6c-738df8e86514,https://static.inaturalist.org/photos/17528598/medium.jpeg,14850,European Starling,data/new_raw/images/3e3d5bee-2d3f-4bf3-af6c-738df8e86514.jpg
e4a74a3f-6ef1-49c7-bd8a-49760f04002b,https://static.inaturalist.org/photos/17539061/medium.jpg,13858,House Sparrow,data/new_raw/images/e4a74a3f-6ef1-49c7-bd8a-49760f04002b.jpg
3ea924da-8439-4cb1-b276-8fba1fbfce07,https://static.inaturalist.org/photos/17539296/medium.jpg,12727,American Robin,data/new_raw/images/3ea924da-8439-4cb1-b276-8fba1fbfce07.jpg
914c5c06-eae2-41b9-8725-3820cbfbab90,https://inaturalist-open-data.s3.amazonaws.com/photos/17543281/medium.jpg,145238,Yellow Warbler,data/new_raw/images/914c5c06-eae2-41b9-8725-3820cbfbab90.jpg
2740024b-1562-41c7-9c80-5dacc0fd79e1,https://inaturalist-open-data.s3.amazonaws.com/photos/17543324/medium.jpg,9721,Common Yellowthroat,data/new_raw/images/2740024b-1562-41c7-9c80-5dacc0fd79e1.jpg
86c5bbe2-388a-4a6b-acfc-094024ae5809,https://inaturalist-open-data.s3.amazonaws.com/photos/17543338/medium.jpg,9083,Northern Cardinal,data/new_raw/images/86c5bbe2-388a-4a6b-acfc-094024ae5809.jpg
013f3c16-f8e9-4b3e-8970-116e2460b66d,https://inaturalist-open-data.s3.amazonaws.com/photos/17543358/medium.jpg,10247,American Redstart,data/new_raw/images/013f3c16-f8e9-4b3e-8970-116e2460b66d.jpg
77ff9e23-9d10-4fab-ac89-9ed98f7ad47f,https://static.inaturalist.org/photos/17543683/medium.jpg,792988,Downy Woodpecker,data/new_raw/images/77ff9e23-9d10-4fab-ac89-9ed98f7ad47f.jpg
1b60a829-06c0-40fc-87e3-2f11f9c6a89f,https://inaturalist-open-data.s3.amazonaws.com/photos/17544124/medium.jpg,9424,Eastern Towhee,data/new_raw/images/1b60a829-06c0-40fc-87e3-2f11f9c6a89f.jpg
3eb4669f-3cba-41c1-8cdb-84d5d12142a6,https://inaturalist-open-data.s3.amazonaws.com/photos/17544186/medium.jpg,73553,Blue-winged Warbler,data/new_raw/images/3eb4669f-3cba-41c1-8cdb-84d5d12142a6.jpg
eafd11af-80d8-4a84-8b98-e54b404e7c46,https://inaturalist-open-data.s3.amazonaws.com/photos/17544221/medium.jpg,62550,Ovenbird,data/new_raw/images/eafd11af-80d8-4a84-8b98-e54b404e7c46.jpg
d7f9e1a6-9506-42ad-a424-bdcced1e4cb2,https://inaturalist-open-data.s3.amazonaws.com/photos/17544235/medium.jpg,14995,Gray Catbird,data/new_raw/images/d7f9e1a6-9506-42ad-a424-bdcced1e4cb2.jpg
6d53d29d-70ac-4f32-a5bb-4547846e69db,https://inaturalist-open-data.s3.amazonaws.com/photos/17544258/medium.jpg,9083,Northern Cardinal,data/new_raw/images/6d53d29d-70ac-4f32-a5bb-4547846e69db.jpg
8c874583-645c-4aba-b73e-25a41c47ac0e,https://inaturalist-open-data.s3.amazonaws.com/photos/17544326/medium.jpg,17394,Warbling Vireo,data/new_raw/images/8c874583-645c-4aba-b73e-25a41c47ac0e.jpg
5a99f643-396f-4d05-8b3a-7ae5f82f2750,https://inaturalist-open-data.s3.amazonaws.com/photos/17544365/medium.jpg,9721,Common Yellowthroat,data/new_raw/images/5a99f643-396f-4d05-8b3a-7ae5f82f2750.jpg
1bd53a64-e800-4eef-8c5d-0eacd10c02d1,https://inaturalist-open-data.s3.amazonaws.com/photos/17544432/medium.jpg,9176,White-crowned Sparrow,data/new_raw/images/1bd53a64-e800-4eef-8c5d-0eacd10c02d1.jpg
6bb96315-740a-48bc-8c98-a61b496fdac0,https://inaturalist-open-data.s3.amazonaws.com/photos/17544457/medium.jpg,145242,Palm Warbler,data/new_raw/images/6bb96315-740a-48bc-8c98-a61b496fdac0.jpg
b0bbe3c2-86fe-45d5-a0e6-a29741125d3e,https://inaturalist-open-data.s3.amazonaws.com/photos/17544487/medium.jpg,9135,Chipping Sparrow,data/new_raw/images/b0bbe3c2-86fe-45d5-a0e6-a29741125d3e.jpg
9d6c3d0c-0e47-47a5-abc6-274e85067365,https://inaturalist-open-data.s3.amazonaws.com/photos/17544522/medium.jpg,145236,Bay-breasted Warbler,data/new_raw/images/9d6c3d0c-0e47-47a5-abc6-274e85067365.jpg
46f6bed6-2bfb-426f-98fc-38f92a866063,https://inaturalist-open-data.s3.amazonaws.com/photos/17544552/medium.jpg,4793,Killdeer,data/new_raw/images/46f6bed6-2bfb-426f-98fc-38f92a866063.jpg
0eaed432-384d-41a5-af8b-cb0a1daa0c9b,https://inaturalist-open-data.s3.amazonaws.com/photos/17544575/medium.jpg,3864,Least Sandpiper,data/new_raw/images/0eaed432-384d-41a5-af8b-cb0a1daa0c9b.jpg
e203043d-7454-4730-bd3d-7382e716ef0b,https://inaturalist-open-data.s3.amazonaws.com/photos/17544605/medium.jpg,558433,Blue-winged Teal,data/new_raw/images/e203043d-7454-4730-bd3d-7382e716ef0b.jpg
68513be8-cbe6-4eb0-965e-a706cb9c6d77,https://inaturalist-open-data.s3.amazonaws.com/photos/17544642/medium.jpg,72458,Spotted Sandpiper,data/new_raw/images/68513be8-cbe6-4eb0-965e-a706cb9c6d77.jpg
d9f93d2d-0f4b-4205-b9ea-d6222db4a175,https://inaturalist-open-data.s3.amazonaws.com/photos/17544665/medium.jpg,144815,Black-capped Chickadee,data/new_raw/images/d9f93d2d-0f4b-4205-b9ea-d6222db4a175.jpg
b3977d19-e20d-42d3-b7bb-e5cdc3cd3963,https://inaturalist-open-data.s3.amazonaws.com/photos/17544691/medium.jpg,7493,Blue-gray Gnatcatcher,data/new_raw/images/b3977d19-e20d-42d3-b7bb-e5cdc3cd3963.jpg
d1f80ffe-4b2e-4907-99cf-c97f49828c0d,https://inaturalist-open-data.s3.amazonaws.com/photos/17544715/medium.jpg,145238,Yellow Warbler,data/new_raw/images/d1f80ffe-4b2e-4907-99cf-c97f49828c0d.jpg
de02a5b2-ac0d-42bd-963b-e9c649d12a80,https://inaturalist-open-data.s3.amazonaws.com/photos/17545273/medium.jpg,145245,Yellow-rumped Warbler,data/new_raw/images/de02a5b2-ac0d-42bd-963b-e9c649d12a80.jpg
0119dbf0-5b35-4516-aaf1-1f232208d27b,https://inaturalist-open-data.s3.amazonaws.com/photos/17545357/medium.jpg,8229,Blue Jay,data/new_raw/images/0119dbf0-5b35-4516-aaf1-1f232208d27b.jpg
b03d02df-387e-4d6d-abe8-6a775f36de14,https://static.inaturalist.org/photos/17545684/medium.jpg,6996,Red-breasted Merganser,data/new_raw/images/b03d02df-387e-4d6d-abe8-6a775f36de14.jpg
2c668475-c589-4ae0-8b01-f0006987940f,https://inaturalist-open-data.s3.amazonaws.com/photos/17548376/medium.jpeg,10729,Prothonotary Warbler,data/new_raw/images/2c668475-c589-4ae0-8b01-f0006987940f.jpg
95a97204-ae40-4bf8-8ae1-5c77faba0507,https://inaturalist-open-data.s3.amazonaws.com/photos/17555863/medium.jpg,3875,Solitary Sandpiper,data/new_raw/images/95a97204-ae40-4bf8-8ae1-5c77faba0507.jpg
39c865b7-d9f9-4bfc-89fa-4a0e082e2b3d,https://inaturalist-open-data.s3.amazonaws.com/photos/17556812/medium.jpg,12878,Swainson's Thrush,data/new_raw/images/39c865b7-d9f9-4bfc-89fa-4a0e082e2b3d.jpg
e7a60466-63fb-4f5b-b43c-817883385ad6,https://inaturalist-open-data.s3.amazonaws.com/photos/17556846/medium.jpg,12890,Hermit Thrush,data/new_raw/images/e7a60466-63fb-4f5b-b43c-817883385ad6.jpg
663bf240-fbd7-46ce-ba37-a96397a8d052,https://inaturalist-open-data.s3.amazonaws.com/photos/17556948/medium.jpg,12901,Veery,data/new_raw/images/663bf240-fbd7-46ce-ba37-a96397a8d052.jpg
019f5a30-dc58-4e9e-aabd-8a145cb3c5f6,https://inaturalist-open-data.s3.amazonaws.com/photos/17556269/medium.jpeg,4956,Great Blue Heron,data/new_raw/images/019f5a30-dc58-4e9e-aabd-8a145cb3c5f6.jpg
aad232d4-9166-4981-9cb8-be7851f791f5,https://inaturalist-open-data.s3.amazonaws.com/photos/17556279/medium.jpeg,10271,Rose-breasted Grosbeak,data/new_raw/images/aad232d4-9166-4981-9cb8-be7851f791f5.jpg
fbc2bf7e-c8f8-4e01-a305-51075c314caa,https://inaturalist-open-data.s3.amazonaws.com/photos/17556283/medium.jpeg,12942,Eastern Bluebird,data/new_raw/images/fbc2bf7e-c8f8-4e01-a305-51075c314caa.jpg
998f6f68-401c-4456-a179-5d1b589aefa8,https://inaturalist-open-data.s3.amazonaws.com/photos/17556287/medium.jpeg,18204,Red-headed Woodpecker,data/new_raw/images/998f6f68-401c-4456-a179-5d1b589aefa8.jpg
2d44d40d-721b-41ad-8564-cbcd3ee6db72,https://inaturalist-open-data.s3.amazonaws.com/photos/17556292/medium.jpeg,17402,Blue-headed Vireo,data/new_raw/images/2d44d40d-721b-41ad-8564-cbcd3ee6db72.jpg
9b19cf29-a3a7-4b10-b16b-548242145db4,https://inaturalist-open-data.s3.amazonaws.com/photos/17556303/medium.jpeg,199916,Black-throated Blue Warbler,data/new_raw/images/9b19cf29-a3a7-4b10-b16b-548242145db4.jpg
bb0154f5-ed87-4a13-b943-8d087333e234,https://inaturalist-open-data.s3.amazonaws.com/photos/17556307/medium.jpeg,9807,Golden-winged Warbler,data/new_raw/images/bb0154f5-ed87-4a13-b943-8d087333e234.jpg
d3224d65-48d6-4a60-b948-b1363d964bde,https://inaturalist-open-data.s3.amazonaws.com/photos/17556323/medium.jpeg,4956,Great Blue Heron,data/new_raw/images/d3224d65-48d6-4a60-b948-b1363d964bde.jpg
bb9c4c28-25c0-4507-b275-5e16d39af43d,https://inaturalist-open-data.s3.amazonaws.com/photos/17556326/medium.jpeg,144537,Caspian Tern,data/new_raw/images/bb9c4c28-25c0-4507-b275-5e16d39af43d.jpg
627b2ecd-fad7-4752-8b0d-a257f36ddee4,https://inaturalist-open-data.s3.amazonaws.com/photos/17556333/medium.jpeg,42652,Virginia Opossum,data/new_raw/images/627b2ecd-fad7-4752-8b0d-a257f36ddee4.jpg
31e5eed9-7484-467d-a25f-bc6e81d7d23f,https://inaturalist-open-data.s3.amazonaws.com/photos/17556338/medium.jpeg,20044,Great Horned Owl,data/new_raw/images/31e5eed9-7484-467d-a25f-bc6e81d7d23f.jpg
8d490b00-32db-40de-9068-01879f3436eb,https://inaturalist-open-data.s3.amazonaws.com/photos/17557583/medium.jpg,73149,Northern Waterthrush,data/new_raw/images/8d490b00-32db-40de-9068-01879f3436eb.jpg
3dddec3a-44fa-45e8-b9ce-af39a61cfc59,https://inaturalist-open-data.s3.amazonaws.com/photos/17565519/medium.jpeg,145238,Yellow Warbler,data/new_raw/images/3dddec3a-44fa-45e8-b9ce-af39a61cfc59.jpg
43ea8a43-8c40-4dcb-938d-7a1857a7e727,https://inaturalist-open-data.s3.amazonaws.com/photos/17565530/medium.jpeg,145258,Black-throated Green Warbler,data/new_raw/images/43ea8a43-8c40-4dcb-938d-7a1857a7e727.jpg
9fe8fd2e-1947-4f63-823a-f0f01f98db8b,https://inaturalist-open-data.s3.amazonaws.com/photos/17565536/medium.jpeg,145233,Northern Parula,data/new_raw/images/9fe8fd2e-1947-4f63-823a-f0f01f98db8b.jpg
55f44cc0-bf59-4c78-94ad-63b9f8902891,https://inaturalist-open-data.s3.amazonaws.com/photos/17565543/medium.jpeg,18204,Red-headed Woodpecker,data/new_raw/images/55f44cc0-bf59-4c78-94ad-63b9f8902891.jpg
597d61b7-61cf-4e9f-ae4b-9b0af979d4d7,https://inaturalist-open-data.s3.amazonaws.com/photos/17565546/medium.jpeg,4665,American Kestrel,data/new_raw/images/597d61b7-61cf-4e9f-ae4b-9b0af979d4d7.jpg
5c459f9f-db15-43fb-926c-13ff00ec7d55,https://inaturalist-open-data.s3.amazonaws.com/photos/17565551/medium.jpeg,9148,Clay-colored Sparrow,data/new_raw/images/5c459f9f-db15-43fb-926c-13ff00ec7d55.jpg
f64ab782-295a-4e2b-ad80-93e84ff1c2fd,https://inaturalist-open-data.s3.amazonaws.com/photos/17565557/medium.jpeg,145236,Bay-breasted Warbler,data/new_raw/images/f64ab782-295a-4e2b-ad80-93e84ff1c2fd.jpg
e721d7aa-0924-449c-8120-84548b1b8d76,https://inaturalist-open-data.s3.amazonaws.com/photos/17565566/medium.jpeg,5034,American Bittern,data/new_raw/images/e721d7aa-0924-449c-8120-84548b1b8d76.jpg
7f650a53-54a8-4554-be56-b7b26b772ecf,https://inaturalist-open-data.s3.amazonaws.com/photos/17565567/medium.jpeg,72912,Worm-eating Warbler,data/new_raw/images/7f650a53-54a8-4554-be56-b7b26b772ecf.jpg
5f7ee82e-e312-42af-a375-ae0a4e138a10,https://static.inaturalist.org/photos/17577209/medium.jpg,144815,Black-capped Chickadee,data/new_raw/images/5f7ee82e-e312-42af-a375-ae0a4e138a10.jpg
82431798-f36d-4a6e-a627-9909a2d24246,https://static.inaturalist.org/photos/17577232/medium.jpg,46017,Eastern Gray Squirrel,data/new_raw/images/82431798-f36d-4a6e-a627-9909a2d24246.jpg
65995ddf-0977-48da-b293-d6dbfcae194c,https://static.inaturalist.org/photos/17577259/medium.jpg,11935,Tree Swallow,data/new_raw/images/65995ddf-0977-48da-b293-d6dbfcae194c.jpg
2190d6ec-6627-40ac-af3f-65fc3f86f947,https://static.inaturalist.org/photos/17577363/medium.jpg,12727,American Robin,data/new_raw/images/2190d6ec-6627-40ac-af3f-65fc3f86f947.jpg
25dd1a8b-0d8c-4c85-8004-8581bb1ac224,https://static.inaturalist.org/photos/17577394/medium.jpg,71349,New World Warblers,data/new_raw/images/25dd1a8b-0d8c-4c85-8004-8581bb1ac224.jpg
3b9bed34-7c44-419f-a914-1c12bb51debd,https://inaturalist-open-data.s3.amazonaws.com/photos/17577826/medium.jpg,10243,Yellow-breasted Chat,data/new_raw/images/3b9bed34-7c44-419f-a914-1c12bb51debd.jpg
0bd41a3c-f266-4e80-ba00-f4ba44e34857,https://inaturalist-open-data.s3.amazonaws.com/photos/17577830/medium.jpg,9915,Summer Tanager,data/new_raw/images/0bd41a3c-f266-4e80-ba00-f4ba44e34857.jpg
6fee92e5-7fd6-486b-a458-e9f380c5cb6f,https://inaturalist-open-data.s3.amazonaws.com/photos/17580537/medium.jpeg,5227,Broad-winged Hawk,data/new_raw/images/6fee92e5-7fd6-486b-a458-e9f380c5cb6f.jpg
b99cffeb-4111-4f23-acc4-2a3399daf874,https://inaturalist-open-data.s3.amazonaws.com/photos/17582105/medium.jpeg,3875,Solitary Sandpiper,data/new_raw/images/b99cffeb-4111-4f23-acc4-2a3399daf874.jpg
91fdda9c-f3ce-422b-bad3-7c68618df8e4,https://inaturalist-open-data.s3.amazonaws.com/photos/17582175/medium.jpeg,12901,Veery,data/new_raw/images/91fdda9c-f3ce-422b-bad3-7c68618df8e4.jpg
d629f383-7bc6-4a39-a539-c134f19db42a,https://inaturalist-open-data.s3.amazonaws.com/photos/17582295/medium.jpeg,9981,Savannah Sparrow,data/new_raw/images/d629f383-7bc6-4a39-a539-c134f19db42a.jpg
efbb5e38-2522-4c7c-be97-3f2be7f885a0,https://static.inaturalist.org/photos/17582513/medium.jpeg,5020,Green Heron,data/new_raw/images/efbb5e38-2522-4c7c-be97-3f2be7f885a0.jpg
59622fb2-d292-4495-aa69-32c31fe889bc,https://inaturalist-open-data.s3.amazonaws.com/photos/17583474/medium.jpeg,16028,Great Crested Flycatcher,data/new_raw/images/59622fb2-d292-4495-aa69-32c31fe889bc.jpg
13eda2dd-6dd8-4d7e-8109-b86aca172444,https://inaturalist-open-data.s3.amazonaws.com/photos/17583478/medium.jpeg,10729,Prothonotary Warbler,data/new_raw/images/13eda2dd-6dd8-4d7e-8109-b86aca172444.jpg
42a4df3b-7009-4afe-9314-d413eaef1c4f,https://inaturalist-open-data.s3.amazonaws.com/photos/17583480/medium.jpeg,46095,Groundhog,data/new_raw/images/42a4df3b-7009-4afe-9314-d413eaef1c4f.jpg
905f7486-f1a2-4581-bcc2-bfa0e6d52883,https://inaturalist-open-data.s3.amazonaws.com/photos/17583485/medium.jpeg,72458,Spotted Sandpiper,data/new_raw/images/905f7486-f1a2-4581-bcc2-bfa0e6d52883.jpg
1c7767d0-52d3-4b53-a38a-744a5eee0328,https://inaturalist-open-data.s3.amazonaws.com/photos/17583491/medium.jpeg,73553,Blue-winged Warbler,data/new_raw/images/1c7767d0-52d3-4b53-a38a-744a5eee0328.jpg
bb33a8fa-9c5f-4b95-a68b-697b3f6db235,https://inaturalist-open-data.s3.amazonaws.com/photos/17583718/medium.jpeg,12901,Veery,data/new_raw/images/bb33a8fa-9c5f-4b95-a68b-697b3f6db235.jpg
0821dc05-fbf9-4529-9848-e7040339de8f,https://inaturalist-open-data.s3.amazonaws.com/photos/17585372/medium.jpeg,46017,Eastern Gray Squirrel,data/new_raw/images/0821dc05-fbf9-4529-9848-e7040339de8f.jpg
ef91a3e2-537c-4326-841b-0ddc1974a22b,https://inaturalist-open-data.s3.amazonaws.com/photos/17585374/medium.jpeg,9807,Golden-winged Warbler,data/new_raw/images/ef91a3e2-537c-4326-841b-0ddc1974a22b.jpg
c90d8355-17ba-450a-84a3-f027951ec14b,https://inaturalist-open-data.s3.amazonaws.com/photos/17585381/medium.jpeg,494355,Eastern Red-tailed Hawk,data/new_raw/images/c90d8355-17ba-450a-84a3-f027951ec14b.jpg
0ca03019-5c48-46b5-9919-8b6d39cd41f2,https://inaturalist-open-data.s3.amazonaws.com/photos/17585387/medium.jpeg,979757,Orange-crowned Warbler,data/new_raw/images/0ca03019-5c48-46b5-9919-8b6d39cd41f2.jpg
039080e9-b72a-468b-a80b-bf71bfcdea36,https://inaturalist-open-data.s3.amazonaws.com/photos/17592376/medium.jpg,4364,Ring-billed Gull,data/new_raw/images/039080e9-b72a-468b-a80b-bf71bfcdea36.jpg
dd9fbf32-6e9e-4f67-a4a5-2016c7479d26,https://static.inaturalist.org/photos/18029605/medium.jpg,6930,Mallard,data/new_raw/images/dd9fbf32-6e9e-4f67-a4a5-2016c7479d26.jpg
bd723478-bdb2-4fa7-a804-8b1def75d874,https://static.inaturalist.org/photos/17602339/medium.jpg,18463,Yellow-bellied Sapsucker,data/new_raw/images/bd723478-bdb2-4fa7-a804-8b1def75d874.jpg
d2f3914b-c065-4836-93b2-594bb7d51e75,https://static.inaturalist.org/photos/17602393/medium.jpg,7251,Perching Birds,data/new_raw/images/d2f3914b-c065-4836-93b2-594bb7d51e75.jpg
4531a21b-f68f-450a-a99e-fc2ee46b0541,https://static.inaturalist.org/photos/17602567/medium.jpg,3875,Solitary Sandpiper,data/new_raw/images/4531a21b-f68f-450a-a99e-fc2ee46b0541.jpg
142d53be-84fe-4e50-8c92-b1de27b4c439,https://static.inaturalist.org/photos/17602635/medium.jpg,9346,Baltimore Oriole,data/new_raw/images/142d53be-84fe-4e50-8c92-b1de27b4c439.jpg
0c6a8a57-1789-4493-ada4-1591b0b0bab3,https://static.inaturalist.org/photos/17602720/medium.jpg,145242,Palm Warbler,data/new_raw/images/0c6a8a57-1789-4493-ada4-1591b0b0bab3.jpg
4e5990c7-5cbf-4b23-b57b-02246e879d60,https://static.inaturalist.org/photos/17612992/medium.jpg,12727,American Robin,data/new_raw/images/4e5990c7-5cbf-4b23-b57b-02246e879d60.jpg
8207d54e-1afa-4698-8474-6f7838269526,https://inaturalist-open-data.s3.amazonaws.com/photos/17613474/medium.jpg,9721,Common Yellowthroat,data/new_raw/images/8207d54e-1afa-4698-8474-6f7838269526.jpg
ef2c9ff8-7f0b-4758-b98e-d56ac639dd0b,https://inaturalist-open-data.s3.amazonaws.com/photos/17613508/medium.jpg,7107,Wood Duck,data/new_raw/images/ef2c9ff8-7f0b-4758-b98e-d56ac639dd0b.jpg
5c96d889-fe59-47d4-88e5-16008ee8d6db,https://inaturalist-open-data.s3.amazonaws.com/photos/17613610/medium.jpg,18463,Yellow-bellied Sapsucker,data/new_raw/images/5c96d889-fe59-47d4-88e5-16008ee8d6db.jpg
86a7006d-076d-4122-96d2-192ae07ce15f,https://inaturalist-open-data.s3.amazonaws.com/photos/17613615/medium.jpg,4793,Killdeer,data/new_raw/images/86a7006d-076d-4122-96d2-192ae07ce15f.jpg
22759061-92b3-4c64-a5a4-7edeb7e134bc,https://inaturalist-open-data.s3.amazonaws.com/photos/17613704/medium.jpg,473,American Coot,data/new_raw/images/22759061-92b3-4c64-a5a4-7edeb7e134bc.jpg
2d45c380-84c7-41bb-8662-9947d042cbd2,https://inaturalist-open-data.s3.amazonaws.com/photos/17613764/medium.jpg,72458,Spotted Sandpiper,data/new_raw/images/2d45c380-84c7-41bb-8662-9947d042cbd2.jpg
6b8dd843-890a-4491-9648-2bf4eda912f2,https://inaturalist-open-data.s3.amazonaws.com/photos/17614158/medium.jpg,9346,Baltimore Oriole,data/new_raw/images/6b8dd843-890a-4491-9648-2bf4eda912f2.jpg
fd32513f-7012-48a2-b65a-f6213dec6f0c,https://inaturalist-open-data.s3.amazonaws.com/photos/17614535/medium.jpg,7428,Cedar Waxwing,data/new_raw/images/fd32513f-7012-48a2-b65a-f6213dec6f0c.jpg
2d12613b-d9ad-4438-8f9b-1c8cb4d5fc0d,https://inaturalist-open-data.s3.amazonaws.com/photos/17614602/medium.jpg,10227,Indigo Bunting,data/new_raw/images/2d12613b-d9ad-4438-8f9b-1c8cb4d5fc0d.jpg
a1d9822d-fe93-407d-b690-1009ec784ff4,https://inaturalist-open-data.s3.amazonaws.com/photos/17614646/medium.jpg,145245,Yellow-rumped Warbler,data/new_raw/images/a1d9822d-fe93-407d-b690-1009ec784ff4.jpg
974c859d-1ead-4152-aabf-9ab62df7edb6,https://inaturalist-open-data.s3.amazonaws.com/photos/17614723/medium.jpg,9092,Lincoln's Sparrow,data/new_raw/images/974c859d-1ead-4152-aabf-9ab62df7edb6.jpg
e608453c-d0e5-49d4-b1fe-56626322b86f,https://inaturalist-open-data.s3.amazonaws.com/photos/17614826/medium.jpg,73148,Louisiana Waterthrush,data/new_raw/images/e608453c-d0e5-49d4-b1fe-56626322b86f.jpg
56423cf7-0682-4d53-bc56-185363326440,https://inaturalist-open-data.s3.amazonaws.com/photos/17614897/medium.jpg,72458,Spotted Sandpiper,data/new_raw/images/56423cf7-0682-4d53-bc56-185363326440.jpg
b1fa9858-0d9a-42a3-a76e-2b201ece5b8d,https://inaturalist-open-data.s3.amazonaws.com/photos/17615102/medium.jpg,145245,Yellow-rumped Warbler,data/new_raw/images/b1fa9858-0d9a-42a3-a76e-2b201ece5b8d.jpg
45e92918-b366-4b99-a2e9-d9ec1c15895e,https://inaturalist-open-data.s3.amazonaws.com/photos/17616862/medium.jpg,9096,Swamp Sparrow,data/new_raw/images/45e92918-b366-4b99-a2e9-d9ec1c15895e.jpg
0a1a20c5-ed9f-4247-9ef4-26be2d6b6359,https://static.inaturalist.org/photos/17634006/medium.jpeg,4981,Black-crowned Night Heron,data/new_raw/images/0a1a20c5-ed9f-4247-9ef4-26be2d6b6359.jpg
8ac58865-3415-4826-aec4-57e004761ad4,https://static.inaturalist.org/photos/17634008/medium.jpeg,14850,European Starling,data/new_raw/images/8ac58865-3415-4826-aec4-57e004761ad4.jpg
bebc7e4d-cf87-4fbf-bd1c-8be228666e66,https://static.inaturalist.org/photos/17634014/medium.jpeg,13858,House Sparrow,data/new_raw/images/bebc7e4d-cf87-4fbf-bd1c-8be228666e66.jpg
63d85923-5144-4231-b6c7-da6404585572,https://static.inaturalist.org/photos/17634027/medium.jpeg,14995,Gray Catbird,data/new_raw/images/63d85923-5144-4231-b6c7-da6404585572.jpg
9cbf34c9-ea7e-4b9b-a521-14e6e2adfb14,https://inaturalist-open-data.s3.amazonaws.com/photos/17637136/medium.jpeg,145239,Chestnut-sided Warbler,data/new_raw/images/9cbf34c9-ea7e-4b9b-a521-14e6e2adfb14.jpg
25634732-0eed-4a04-a3f9-42734cabe3b2,https://inaturalist-open-data.s3.amazonaws.com/photos/17637151/medium.jpeg,145242,Palm Warbler,data/new_raw/images/25634732-0eed-4a04-a3f9-42734cabe3b2.jpg
d5d0bbe1-af5a-4f26-86ae-65f5dbc6028f,https://inaturalist-open-data.s3.amazonaws.com/photos/17637171/medium.jpeg,145242,Palm Warbler,data/new_raw/images/d5d0bbe1-af5a-4f26-86ae-65f5dbc6028f.jpg
066b2e46-1433-40fc-ba8d-e24cff15f6e6,https://inaturalist-open-data.s3.amazonaws.com/photos/17637181/medium.jpeg,12727,American Robin,data/new_raw/images/066b2e46-1433-40fc-ba8d-e24cff15f6e6.jpg
6e506891-c189-4dbe-810b-0d494d0fedf9,https://inaturalist-open-data.s3.amazonaws.com/photos/17637200/medium.jpeg,13270,Wood Thrush,data/new_raw/images/6e506891-c189-4dbe-810b-0d494d0fedf9.jpg
8b490ce7-2d84-4ac8-9349-5c91e2cf283d,https://inaturalist-open-data.s3.amazonaws.com/photos/17637206/medium.jpeg,7493,Blue-gray Gnatcatcher,data/new_raw/images/8b490ce7-2d84-4ac8-9349-5c91e2cf283d.jpg
2a511b67-0ecc-4ba8-85b4-ea4d3508f3c0,https://inaturalist-open-data.s3.amazonaws.com/photos/17637226/medium.jpeg,145242,Palm Warbler,data/new_raw/images/2a511b67-0ecc-4ba8-85b4-ea4d3508f3c0.jpg
5dd307cc-9b44-4efa-8ad4-368553bff508,https://inaturalist-open-data.s3.amazonaws.com/photos/17637230/medium.jpeg,145242,Palm Warbler,data/new_raw/images/5dd307cc-9b44-4efa-8ad4-368553bff508.jpg
6f0ea511-0476-4832-b3ef-e974ed392c52,https://inaturalist-open-data.s3.amazonaws.com/photos/17637239/medium.jpeg,558433,Blue-winged Teal,data/new_raw/images/6f0ea511-0476-4832-b3ef-e974ed392c52.jpg
62bf22da-5ffb-4ec3-b952-523c544d4bff,https://inaturalist-open-data.s3.amazonaws.com/photos/17637259/medium.jpeg,145242,Palm Warbler,data/new_raw/images/62bf22da-5ffb-4ec3-b952-523c544d4bff.jpg
8348ae5b-a4ac-465a-867d-70c5a2cd7efe,https://inaturalist-open-data.s3.amazonaws.com/photos/17637283/medium.jpeg,145238,Yellow Warbler,data/new_raw/images/8348ae5b-a4ac-465a-867d-70c5a2cd7efe.jpg
dc37855d-f375-4ce2-9b79-53624e694c38,https://inaturalist-open-data.s3.amazonaws.com/photos/17637288/medium.jpeg,7251,Perching Birds,data/new_raw/images/dc37855d-f375-4ce2-9b79-53624e694c38.jpg
7cca8548-8f7f-4ecc-baf0-607e66d9a8df,https://inaturalist-open-data.s3.amazonaws.com/photos/17637293/medium.jpeg,9092,Lincoln's Sparrow,data/new_raw/images/7cca8548-8f7f-4ecc-baf0-607e66d9a8df.jpg
cee936cb-07f4-4701-9b8d-809b0b4cc08c,https://inaturalist-open-data.s3.amazonaws.com/photos/17637304/medium.jpeg,238505,Western Palm Warbler,data/new_raw/images/cee936cb-07f4-4701-9b8d-809b0b4cc08c.jpg
03ed3f0d-8bc7-40cc-badc-fa1febff3a65,https://inaturalist-open-data.s3.amazonaws.com/photos/17637310/medium.jpeg,145242,Palm Warbler,data/new_raw/images/03ed3f0d-8bc7-40cc-badc-fa1febff3a65.jpg
a4bcf9a7-9656-4875-a887-94c832bae6d9,https://inaturalist-open-data.s3.amazonaws.com/photos/17637321/medium.jpeg,145242,Palm Warbler,data/new_raw/images/a4bcf9a7-9656-4875-a887-94c832bae6d9.jpg
0322adc6-9b1b-49fe-8d35-7ea3d26ade20,https://inaturalist-open-data.s3.amazonaws.com/photos/17637324/medium.jpeg,14995,Gray Catbird,data/new_raw/images/0322adc6-9b1b-49fe-8d35-7ea3d26ade20.jpg
5b9508a3-d4a4-4262-89e6-2dbd432900c1,https://inaturalist-open-data.s3.amazonaws.com/photos/17637327/medium.jpeg,145242,Palm Warbler,data/new_raw/images/5b9508a3-d4a4-4262-89e6-2dbd432900c1.jpg
fd19b6b8-14e0-4eb2-8bd3-752fba88efa8,https://inaturalist-open-data.s3.amazonaws.com/photos/17637337/medium.jpeg,9184,White-throated Sparrow,data/new_raw/images/fd19b6b8-14e0-4eb2-8bd3-752fba88efa8.jpg
8b30f382-237b-4e5f-b6a4-f932266818c9,https://inaturalist-open-data.s3.amazonaws.com/photos/17637348/medium.jpeg,9721,Common Yellowthroat,data/new_raw/images/8b30f382-237b-4e5f-b6a4-f932266818c9.jpg
286d2965-78d7-415e-a5b0-dddb9dd67167,https://inaturalist-open-data.s3.amazonaws.com/photos/17637358/medium.jpeg,7493,Blue-gray Gnatcatcher,data/new_raw/images/286d2965-78d7-415e-a5b0-dddb9dd67167.jpg
fc876b82-d13f-4caf-b37a-14f73112f304,https://inaturalist-open-data.s3.amazonaws.com/photos/17637372/medium.jpeg,9721,Common Yellowthroat,data/new_raw/images/fc876b82-d13f-4caf-b37a-14f73112f304.jpg
80b2c0ee-9418-4187-93de-b1ce338b2d31,https://inaturalist-open-data.s3.amazonaws.com/photos/17637379/medium.jpeg,145238,Yellow Warbler,data/new_raw/images/80b2c0ee-9418-4187-93de-b1ce338b2d31.jpg
bc12c5e6-2252-478a-bbba-75500c1dc535,https://inaturalist-open-data.s3.amazonaws.com/photos/17637389/medium.jpeg,14995,Gray Catbird,data/new_raw/images/bc12c5e6-2252-478a-bbba-75500c1dc535.jpg
954f7054-4edd-45db-bea5-26fc92a65cb9,https://inaturalist-open-data.s3.amazonaws.com/photos/17637393/medium.jpeg,9184,White-throated Sparrow,data/new_raw/images/954f7054-4edd-45db-bea5-26fc92a65cb9.jpg
b9c6400e-3369-4341-8bf7-e53f0b95baf8,https://inaturalist-open-data.s3.amazonaws.com/photos/17637403/medium.jpeg,145242,Palm Warbler,data/new_raw/images/b9c6400e-3369-4341-8bf7-e53f0b95baf8.jpg
df42189d-9ac4-4f20-b8fa-fb5fa21ac9b8,https://inaturalist-open-data.s3.amazonaws.com/photos/17637413/medium.jpeg,4956,Great Blue Heron,data/new_raw/images/df42189d-9ac4-4f20-b8fa-fb5fa21ac9b8.jpg
5ac8f49a-5879-4873-8634-e96ab5943630,https://inaturalist-open-data.s3.amazonaws.com/photos/17637427/medium.jpeg,144537,Caspian Tern,data/new_raw/images/5ac8f49a-5879-4873-8634-e96ab5943630.jpg
61088465-285c-439a-8be6-665de6bae588,https://inaturalist-open-data.s3.amazonaws.com/photos/17637457/medium.jpeg,9184,White-throated Sparrow,data/new_raw/images/61088465-285c-439a-8be6-665de6bae588.jpg
fd8488ed-77ca-4b02-b4d2-78203594972e,https://inaturalist-open-data.s3.amazonaws.com/photos/17637468/medium.jpeg,9184,White-throated Sparrow,data/new_raw/images/fd8488ed-77ca-4b02-b4d2-78203594972e.jpg
3f48912d-f386-4b2b-84e9-88784482684e,https://inaturalist-open-data.s3.amazonaws.com/photos/17637475/medium.jpeg,10373,Brown-headed Cowbird,data/new_raw/images/3f48912d-f386-4b2b-84e9-88784482684e.jpg
f889438c-910b-4a09-8895-f31421b32124,https://inaturalist-open-data.s3.amazonaws.com/photos/17637477/medium.jpeg,145242,Palm Warbler,data/new_raw/images/f889438c-910b-4a09-8895-f31421b32124.jpg
8918c795-2971-4aea-b267-6809321995f3,https://inaturalist-open-data.s3.amazonaws.com/photos/17637527/medium.jpeg,145238,Yellow Warbler,data/new_raw/images/8918c795-2971-4aea-b267-6809321995f3.jpg
f66c96c7-ba38-41ce-ac13-dd7373f1324e,https://inaturalist-open-data.s3.amazonaws.com/photos/17637530/medium.jpeg,9744,Red-winged Blackbird,data/new_raw/images/f66c96c7-ba38-41ce-ac13-dd7373f1324e.jpg
c9c34c37-6254-426a-9826-e60935a979e4,https://inaturalist-open-data.s3.amazonaws.com/photos/17637534/medium.jpeg,17008,Eastern Phoebe,data/new_raw/images/c9c34c37-6254-426a-9826-e60935a979e4.jpg
c41f8064-92eb-49cd-927d-74b45cd3584d,https://inaturalist-open-data.s3.amazonaws.com/photos/17637539/medium.jpeg,145242,Palm Warbler,data/new_raw/images/c41f8064-92eb-49cd-927d-74b45cd3584d.jpg
f9d706ab-7685-4ff0-b11b-4f2e64170491,https://inaturalist-open-data.s3.amazonaws.com/photos/17637553/medium.jpeg,17394,Warbling Vireo,data/new_raw/images/f9d706ab-7685-4ff0-b11b-4f2e64170491.jpg
3d1cfa19-1a01-4561-8e8b-91db44cc0dcf,https://inaturalist-open-data.s3.amazonaws.com/photos/17637565/medium.jpeg,12727,American Robin,data/new_raw/images/3d1cfa19-1a01-4561-8e8b-91db44cc0dcf.jpg
6c43d703-e1e0-47fc-a0c2-10605a2cca3c,https://inaturalist-open-data.s3.amazonaws.com/photos/17637574/medium.jpeg,45763,Muskrat,data/new_raw/images/6c43d703-e1e0-47fc-a0c2-10605a2cca3c.jpg
6fa5321c-32ce-4bbe-85fa-7a9da492a5b9,https://inaturalist-open-data.s3.amazonaws.com/photos/17637594/medium.jpeg,145242,Palm Warbler,data/new_raw/images/6fa5321c-32ce-4bbe-85fa-7a9da492a5b9.jpg
e8ab58c4-2b26-432a-9828-2df251cb427e,https://inaturalist-open-data.s3.amazonaws.com/photos/17637607/medium.jpeg,145245,Yellow-rumped Warbler,data/new_raw/images/e8ab58c4-2b26-432a-9828-2df251cb427e.jpg
7df15df9-86c1-425b-8891-8feeeb0eaa92,https://inaturalist-open-data.s3.amazonaws.com/photos/17637613/medium.jpeg,7107,Wood Duck,data/new_raw/images/7df15df9-86c1-425b-8891-8feeeb0eaa92.jpg
8e9f8b64-48df-47b7-a570-c93edcdc65f2,https://inaturalist-open-data.s3.amazonaws.com/photos/17637620/medium.jpeg,14850,European Starling,data/new_raw/images/8e9f8b64-48df-47b7-a570-c93edcdc65f2.jpg
7e0c22d1-ce32-43ac-b19a-b96ca7acc982,https://static.inaturalist.org/photos/17650759/medium.jpeg,9744,Red-winged Blackbird,data/new_raw/images/7e0c22d1-ce32-43ac-b19a-b96ca7acc982.jpg
9206e908-2707-4aae-a8e3-88033a39a56d,https://static.inaturalist.org/photos/17650925/medium.jpeg,9744,Red-winged Blackbird,data/new_raw/images/9206e908-2707-4aae-a8e3-88033a39a56d.jpg
5c457393-aadc-480c-97f4-81b94c86dca2,https://inaturalist-open-data.s3.amazonaws.com/photos/17650965/medium.jpeg,9346,Baltimore Oriole,data/new_raw/images/5c457393-aadc-480c-97f4-81b94c86dca2.jpg
9d98e8a8-23f1-40ec-945a-bafb855cdd1d,https://inaturalist-open-data.s3.amazonaws.com/photos/17650993/medium.jpeg,7089,Canada Goose,data/new_raw/images/9d98e8a8-23f1-40ec-945a-bafb855cdd1d.jpg
66b46bc3-eef7-4114-a4b4-c8ce5b720bc3,https://inaturalist-open-data.s3.amazonaws.com/photos/17651023/medium.jpeg,46017,Eastern Gray Squirrel,data/new_raw/images/66b46bc3-eef7-4114-a4b4-c8ce5b720bc3.jpg
76da3f01-475a-4d88-9956-293b15d09922,https://inaturalist-open-data.s3.amazonaws.com/photos/17651118/medium.jpeg,10286,Black-and-white Warbler,data/new_raw/images/76da3f01-475a-4d88-9956-293b15d09922.jpg
c9d92314-0e87-4faa-ad80-ceb2f9470eb6,https://inaturalist-open-data.s3.amazonaws.com/photos/17651223/medium.jpeg,145238,Yellow Warbler,data/new_raw/images/c9d92314-0e87-4faa-ad80-ceb2f9470eb6.jpg
cdc15971-58f1-4961-840b-ac63857baa17,https://inaturalist-open-data.s3.amazonaws.com/photos/17651248/medium.jpeg,145238,Yellow Warbler,data/new_raw/images/cdc15971-58f1-4961-840b-ac63857baa17.jpg
4a44dee7-c36f-4414-bc32-38f8e9adcba8,https://inaturalist-open-data.s3.amazonaws.com/photos/17651259/medium.jpeg,145245,Yellow-rumped Warbler,data/new_raw/images/4a44dee7-c36f-4414-bc32-38f8e9adcba8.jpg
75ae5140-e7ba-4daa-bcac-d34cc512985a,https://inaturalist-open-data.s3.amazonaws.com/photos/17651287/medium.jpeg,7562,Northern House Wren,data/new_raw/images/75ae5140-e7ba-4daa-bcac-d34cc512985a.jpg
c2fb9d54-3095-42ad-8163-67832a7610da,https://inaturalist-open-data.s3.amazonaws.com/photos/17651299/medium.jpeg,145242,Palm Warbler,data/new_raw/images/c2fb9d54-3095-42ad-8163-67832a7610da.jpg
895543bc-8af1-480c-afae-74cb952d376d,https://inaturalist-open-data.s3.amazonaws.com/photos/17651311/medium.jpeg,145242,Palm Warbler,data/new_raw/images/895543bc-8af1-480c-afae-74cb952d376d.jpg
857d614a-540c-48b2-ae54-8040bfe162a1,https://inaturalist-open-data.s3.amazonaws.com/photos/17651318/medium.jpeg,792988,Downy Woodpecker,data/new_raw/images/857d614a-540c-48b2-ae54-8040bfe162a1.jpg
39cef362-fc9d-46cd-bc95-adc16f94c2bc,https://inaturalist-open-data.s3.amazonaws.com/photos/17651346/medium.jpeg,17394,Warbling Vireo,data/new_raw/images/39cef362-fc9d-46cd-bc95-adc16f94c2bc.jpg
a15e26a9-47e0-4484-843e-de4bafbe5eb6,https://inaturalist-open-data.s3.amazonaws.com/photos/17651372/medium.jpeg,9721,Common Yellowthroat,data/new_raw/images/a15e26a9-47e0-4484-843e-de4bafbe5eb6.jpg
24724f91-c5ce-4bf4-a2c6-a76e34e7be3b,https://inaturalist-open-data.s3.amazonaws.com/photos/17651402/medium.jpeg,145242,Palm Warbler,data/new_raw/images/24724f91-c5ce-4bf4-a2c6-a76e34e7be3b.jpg
99df81b8-efcc-44ee-b4a2-84cf1cb77313,https://inaturalist-open-data.s3.amazonaws.com/photos/17651414/medium.jpeg,7107,Wood Duck,data/new_raw/images/99df81b8-efcc-44ee-b4a2-84cf1cb77313.jpg
4dd05eec-0604-4b54-9720-5923b4a34143,https://inaturalist-open-data.s3.amazonaws.com/photos/17651441/medium.jpeg,145238,Yellow Warbler,data/new_raw/images/4dd05eec-0604-4b54-9720-5923b4a34143.jpg
39489af8-6653-4495-a4c3-df11eb4c33fd,https://inaturalist-open-data.s3.amazonaws.com/photos/17651456/medium.jpeg,145310,American Goldfinch,data/new_raw/images/39489af8-6653-4495-a4c3-df11eb4c33fd.jpg
b416c376-9ca1-4e8b-b15c-24aca64a220e,https://inaturalist-open-data.s3.amazonaws.com/photos/17651516/medium.jpeg,145310,American Goldfinch,data/new_raw/images/b416c376-9ca1-4e8b-b15c-24aca64a220e.jpg
7dcb820a-0cb3-4557-9f2e-8a2997060333,https://inaturalist-open-data.s3.amazonaws.com/photos/17651539/medium.jpeg,7493,Blue-gray Gnatcatcher,data/new_raw/images/7dcb820a-0cb3-4557-9f2e-8a2997060333.jpg
95a72b68-9777-4599-a600-9f6eaa016569,https://inaturalist-open-data.s3.amazonaws.com/photos/17660419/medium.jpg,7089,Canada Goose,data/new_raw/images/95a72b68-9777-4599-a600-9f6eaa016569.jpg
7dd2c4c7-8867-4161-975f-e6d35b5d2616,https://inaturalist-open-data.s3.amazonaws.com/photos/17660633/medium.jpg,4209,Horned Grebe,data/new_raw/images/7dd2c4c7-8867-4161-975f-e6d35b5d2616.jpg
a01ebf62-2d72-4d32-9f8a-74e3db220a5a,https://inaturalist-open-data.s3.amazonaws.com/photos/17662438/medium.jpg,144815,Black-capped Chickadee,data/new_raw/images/a01ebf62-2d72-4d32-9f8a-74e3db220a5a.jpg
f182a2c1-7407-4d98-ada3-16b618977e6a,https://inaturalist-open-data.s3.amazonaws.com/photos/17662488/medium.jpg,1289388,Ruby-crowned Kinglet,data/new_raw/images/f182a2c1-7407-4d98-ada3-16b618977e6a.jpg
b6011153-bdcd-47c6-88d0-d6d9ef7f4dbd,https://inaturalist-open-data.s3.amazonaws.com/photos/17662533/medium.jpg,6571,Chimney Swift,data/new_raw/images/b6011153-bdcd-47c6-88d0-d6d9ef7f4dbd.jpg
e9c64e2a-3696-416b-9d94-c88b94f3ecf5,https://static.inaturalist.org/photos/17685672/medium.jpeg,18204,Red-headed Woodpecker,data/new_raw/images/e9c64e2a-3696-416b-9d94-c88b94f3ecf5.jpg
42e4fa13-6a55-4ab1-a8f4-b63e2ce05759,https://static.inaturalist.org/photos/17685679/medium.jpeg,10271,Rose-breasted Grosbeak,data/new_raw/images/42e4fa13-6a55-4ab1-a8f4-b63e2ce05759.jpg
526e5c76-f389-4c4e-a5e6-d8525ca7feb1,https://static.inaturalist.org/photos/17694956/medium.jpg,9744,Red-winged Blackbird,data/new_raw/images/526e5c76-f389-4c4e-a5e6-d8525ca7feb1.jpg
a95e4517-e5d9-4df8-a1b9-a895531f59c0,https://static.inaturalist.org/photos/17700333/medium.jpg,13858,House Sparrow,data/new_raw/images/a95e4517-e5d9-4df8-a1b9-a895531f59c0.jpg
78b4b79d-9f64-4569-b8e3-91e1950355c3,https://inaturalist-open-data.s3.amazonaws.com/photos/17755141/medium.jpg,10271,Rose-breasted Grosbeak,data/new_raw/images/78b4b79d-9f64-4569-b8e3-91e1950355c3.jpg
13c452fc-c9df-4273-a644-dfe5b5d4cd64,https://static.inaturalist.org/photos/17721644/medium.jpeg,5020,Green Heron,data/new_raw/images/13c452fc-c9df-4273-a644-dfe5b5d4cd64.jpg
f275c3c4-6019-4e5e-9cfa-aa170dd84fca,https://static.inaturalist.org/photos/17734710/medium.jpeg,14850,European Starling,data/new_raw/images/f275c3c4-6019-4e5e-9cfa-aa170dd84fca.jpg
a04346c4-3534-4325-975c-fb8c78f717c2,https://static.inaturalist.org/photos/17734756/medium.jpeg,7089,Canada Goose,data/new_raw/images/a04346c4-3534-4325-975c-fb8c78f717c2.jpg
95a19b21-2cc7-42b9-9bb4-3bb4f1b22191,https://static.inaturalist.org/photos/17736965/medium.jpeg,122767,Feral Pigeon,data/new_raw/images/95a19b21-2cc7-42b9-9bb4-3bb4f1b22191.jpg
fa3a5bc3-f047-40ed-86b5-fac2cb746e07,https://inaturalist-open-data.s3.amazonaws.com/photos/17742075/medium.jpeg,9184,White-throated Sparrow,data/new_raw/images/fa3a5bc3-f047-40ed-86b5-fac2cb746e07.jpg
0e9c5e2c-cebb-4d53-8e55-625b7df8abac,https://inaturalist-open-data.s3.amazonaws.com/photos/17742171/medium.jpeg,62550,Ovenbird,data/new_raw/images/0e9c5e2c-cebb-4d53-8e55-625b7df8abac.jpg
3606be6a-186b-4b04-a365-6d46841ce7a0,https://inaturalist-open-data.s3.amazonaws.com/photos/17742183/medium.jpeg,9184,White-throated Sparrow,data/new_raw/images/3606be6a-186b-4b04-a365-6d46841ce7a0.jpg
5992714e-964a-4cb1-b4b8-f4ca527295bd,https://static.inaturalist.org/photos/17751744/medium.jpeg,9744,Red-winged Blackbird,data/new_raw/images/5992714e-964a-4cb1-b4b8-f4ca527295bd.jpg
379eebce-e5aa-4c27-945b-9538b25f41e2,https://static.inaturalist.org/photos/17758100/medium.jpeg,44705,House Mouse,data/new_raw/images/379eebce-e5aa-4c27-945b-9538b25f41e2.jpg
d701726c-5a4a-4980-bd05-619d5a49f98c,https://static.inaturalist.org/photos/17761985/medium.jpg,10227,Indigo Bunting,data/new_raw/images/d701726c-5a4a-4980-bd05-619d5a49f98c.jpg
a4e89e9c-a52d-47d0-852c-da379fda7184,https://static.inaturalist.org/photos/17782479/medium.jpg,9744,Red-winged Blackbird,data/new_raw/images/a4e89e9c-a52d-47d0-852c-da379fda7184.jpg
d365affa-1906-4a35-9707-bbceab017dad,https://static.inaturalist.org/photos/17783673/medium.jpeg,4258,Chilean Flamingo,data/new_raw/images/d365affa-1906-4a35-9707-bbceab017dad.jpg
650a294d-f322-4412-88db-f048095f61d3,https://static.inaturalist.org/photos/17809540/medium.jpeg,7107,Wood Duck,data/new_raw/images/650a294d-f322-4412-88db-f048095f61d3.jpg
6bce864e-8f38-4603-a7be-13b60a2c67e4,https://static.inaturalist.org/photos/17809674/medium.jpeg,43111,Eastern Cottontail,data/new_raw/images/6bce864e-8f38-4603-a7be-13b60a2c67e4.jpg
9969fe34-1c6e-4eb4-8601-6c0d031a0f03,https://static.inaturalist.org/photos/17809687/medium.jpeg,5020,Green Heron,data/new_raw/images/9969fe34-1c6e-4eb4-8601-6c0d031a0f03.jpg
fb1e8eca-e1b2-4b62-b13b-c749fdc71d71,https://inaturalist-open-data.s3.amazonaws.com/photos/17810063/medium.jpg,4981,Black-crowned Night Heron,data/new_raw/images/fb1e8eca-e1b2-4b62-b13b-c749fdc71d71.jpg
fcc17e7d-8658-4c40-984e-e3f623cc0cbf,https://inaturalist-open-data.s3.amazonaws.com/photos/17810103/medium.jpg,4956,Great Blue Heron,data/new_raw/images/fcc17e7d-8658-4c40-984e-e3f623cc0cbf.jpg
06f80f0e-92f9-4933-84e8-f16805986bf1,https://inaturalist-open-data.s3.amazonaws.com/photos/17810447/medium.jpg,9083,Northern Cardinal,data/new_raw/images/06f80f0e-92f9-4933-84e8-f16805986bf1.jpg
4fa408a9-18f1-4f6f-be67-ed7c1d20bbd9,https://inaturalist-open-data.s3.amazonaws.com/photos/17811409/medium.jpg,1454382,Double-crested Cormorant,data/new_raw/images/4fa408a9-18f1-4f6f-be67-ed7c1d20bbd9.jpg
2bfd9e54-1a9d-4ee3-be79-1ab5893ddd4f,https://inaturalist-open-data.s3.amazonaws.com/photos/17811411/medium.jpg,145245,Yellow-rumped Warbler,data/new_raw/images/2bfd9e54-1a9d-4ee3-be79-1ab5893ddd4f.jpg
33f6253b-93b6-46a7-adc3-7f64e03d8b94,https://inaturalist-open-data.s3.amazonaws.com/photos/17811417/medium.jpg,145242,Palm Warbler,data/new_raw/images/33f6253b-93b6-46a7-adc3-7f64e03d8b94.jpg
b14843be-a945-467a-96c1-318493141da8,https://inaturalist-open-data.s3.amazonaws.com/photos/17811419/medium.jpg,145240,Blackpoll Warbler,data/new_raw/images/b14843be-a945-467a-96c1-318493141da8.jpg
80ad562a-ece0-449e-9915-c30627e8da05,https://inaturalist-open-data.s3.amazonaws.com/photos/17811425/medium.jpg,4956,Great Blue Heron,data/new_raw/images/80ad562a-ece0-449e-9915-c30627e8da05.jpg
fa53fab6-939d-4b51-9c5f-9c2b7cc595d1,https://inaturalist-open-data.s3.amazonaws.com/photos/17812746/medium.jpg,9921,Scarlet Tanager,data/new_raw/images/fa53fab6-939d-4b51-9c5f-9c2b7cc595d1.jpg
28a9644a-db86-4636-84a0-cfdce2be6b8e,https://inaturalist-open-data.s3.amazonaws.com/photos/17817132/medium.jpg,145235,Magnolia Warbler,data/new_raw/images/28a9644a-db86-4636-84a0-cfdce2be6b8e.jpg
6380ca59-627e-49e3-a6c5-bd67b1ff30df,https://inaturalist-open-data.s3.amazonaws.com/photos/17817174/medium.jpg,7089,Canada Goose,data/new_raw/images/6380ca59-627e-49e3-a6c5-bd67b1ff30df.jpg
a849d830-6f27-478f-8860-b395074bdcfb,https://inaturalist-open-data.s3.amazonaws.com/photos/17817218/medium.jpg,4956,Great Blue Heron,data/new_raw/images/a849d830-6f27-478f-8860-b395074bdcfb.jpg
cbc84e57-f908-47a3-b645-31596d17f849,https://static.inaturalist.org/photos/17822272/medium.jpg,6571,Chimney Swift,data/new_raw/images/cbc84e57-f908-47a3-b645-31596d17f849.jpg
8045e5b0-f148-4090-8de5-241aebe68dec,https://inaturalist-open-data.s3.amazonaws.com/photos/17841365/medium.jpeg,9083,Northern Cardinal,data/new_raw/images/8045e5b0-f148-4090-8de5-241aebe68dec.jpg
091c05d1-8375-4f75-85d6-172de3c7aedb,https://inaturalist-open-data.s3.amazonaws.com/photos/17856111/medium.jpg,12727,American Robin,data/new_raw/images/091c05d1-8375-4f75-85d6-172de3c7aedb.jpg
c99d8888-1716-471b-98a8-7d2d3f3a8eb1,https://static.inaturalist.org/photos/17860802/medium.jpg,4981,Black-crowned Night Heron,data/new_raw/images/c99d8888-1716-471b-98a8-7d2d3f3a8eb1.jpg
79a282bf-09b4-4998-9bda-3ae6fea6cba0,https://static.inaturalist.org/photos/17865884/medium.jpg,3454,Mourning Dove,data/new_raw/images/79a282bf-09b4-4998-9bda-3ae6fea6cba0.jpg
a1aa5227-1794-42c4-a7f1-c354ec493a02,https://inaturalist-open-data.s3.amazonaws.com/photos/17864576/medium.jpeg,145238,Yellow Warbler,data/new_raw/images/a1aa5227-1794-42c4-a7f1-c354ec493a02.jpg
62000d89-2cdb-42ee-93a3-90632cb06427,https://inaturalist-open-data.s3.amazonaws.com/photos/17864747/medium.jpeg,42051,Coyote,data/new_raw/images/62000d89-2cdb-42ee-93a3-90632cb06427.jpg
a1bd5dca-d40f-4b8c-bd1e-af7f4e09571a,https://inaturalist-open-data.s3.amazonaws.com/photos/17864890/medium.jpeg,6930,Mallard,data/new_raw/images/a1bd5dca-d40f-4b8c-bd1e-af7f4e09571a.jpg
d7e2e32a-d4fc-413d-ac2b-207154a10ad8,https://inaturalist-open-data.s3.amazonaws.com/photos/17864927/medium.jpeg,9092,Lincoln's Sparrow,data/new_raw/images/d7e2e32a-d4fc-413d-ac2b-207154a10ad8.jpg
aedb842e-c675-4b0c-9843-64927936be83,https://inaturalist-open-data.s3.amazonaws.com/photos/17865112/medium.jpeg,12901,Veery,data/new_raw/images/aedb842e-c675-4b0c-9843-64927936be83.jpg
56240f72-1552-4e4a-a662-212a46e7d159,https://inaturalist-open-data.s3.amazonaws.com/photos/17865518/medium.jpeg,145245,Yellow-rumped Warbler,data/new_raw/images/56240f72-1552-4e4a-a662-212a46e7d159.jpg
0ff4b026-b8fc-4270-b2f7-f84692438123,https://inaturalist-open-data.s3.amazonaws.com/photos/17865535/medium.jpeg,3875,Solitary Sandpiper,data/new_raw/images/0ff4b026-b8fc-4270-b2f7-f84692438123.jpg
979356e3-e269-4b3e-bd7f-6d80cc89aff1,https://inaturalist-open-data.s3.amazonaws.com/photos/17865571/medium.jpeg,9096,Swamp Sparrow,data/new_raw/images/979356e3-e269-4b3e-bd7f-6d80cc89aff1.jpg
5efbf09c-cf77-4136-900e-3b0f9ac16b5f,https://inaturalist-open-data.s3.amazonaws.com/photos/17865975/medium.jpeg,9921,Scarlet Tanager,data/new_raw/images/5efbf09c-cf77-4136-900e-3b0f9ac16b5f.jpg
6679578a-c280-41b9-816e-8782aea711f6,https://inaturalist-open-data.s3.amazonaws.com/photos/17866194/medium.jpeg,72458,Spotted Sandpiper,data/new_raw/images/6679578a-c280-41b9-816e-8782aea711f6.jpg
80e43168-1728-4a2a-b0ae-cb43f2bc1e0b,https://static.inaturalist.org/photos/17876569/medium.jpg,43111,Eastern Cottontail,data/new_raw/images/80e43168-1728-4a2a-b0ae-cb43f2bc1e0b.jpg
d1c3fddc-0e65-4d81-bd29-9d0dfe877d65,https://inaturalist-open-data.s3.amazonaws.com/photos/17882071/medium.jpg,43111,Eastern Cottontail,data/new_raw/images/d1c3fddc-0e65-4d81-bd29-9d0dfe877d65.jpg
9c0ba8a6-7361-4391-81b5-89b8105465d7,https://static.inaturalist.org/photos/17899216/medium.jpg,9744,Red-winged Blackbird,data/new_raw/images/9c0ba8a6-7361-4391-81b5-89b8105465d7.jpg
f835892c-de10-4150-8609-8e34b998ddd0,https://static.inaturalist.org/photos/17907647/medium.jpg,13858,House Sparrow,data/new_raw/images/f835892c-de10-4150-8609-8e34b998ddd0.jpg
99008f84-e86e-4c60-9d38-f601ba3636e7,https://static.inaturalist.org/photos/17907925/medium.jpg,13858,House Sparrow,data/new_raw/images/99008f84-e86e-4c60-9d38-f601ba3636e7.jpg
cfcf16f2-5839-41a0-a9f2-ff51fce00a04,https://static.inaturalist.org/photos/17908493/medium.jpg,62550,Ovenbird,data/new_raw/images/cfcf16f2-5839-41a0-a9f2-ff51fce00a04.jpg
72904432-19ae-45cf-8f81-19ba023981bc,https://static.inaturalist.org/photos/17959270/medium.jpg,5020,Green Heron,data/new_raw/images/72904432-19ae-45cf-8f81-19ba023981bc.jpg
76472f85-cc15-4515-b20d-f387a0631c27,https://static.inaturalist.org/photos/17961560/medium.jpeg,8021,American Crow,data/new_raw/images/76472f85-cc15-4515-b20d-f387a0631c27.jpg
df596afe-19a8-43d1-89dc-41f86185a250,https://inaturalist-open-data.s3.amazonaws.com/photos/17966023/medium.jpg,9721,Common Yellowthroat,data/new_raw/images/df596afe-19a8-43d1-89dc-41f86185a250.jpg
00558fb7-438e-4942-ad72-938c8a163f86,https://static.inaturalist.org/photos/17971184/medium.jpeg,46017,Eastern Gray Squirrel,data/new_raw/images/00558fb7-438e-4942-ad72-938c8a163f86.jpg
98570d74-0a18-4c59-ab8a-29597080cd6e,https://static.inaturalist.org/photos/17971651/medium.jpeg,122767,Feral Pigeon,data/new_raw/images/98570d74-0a18-4c59-ab8a-29597080cd6e.jpg
4e9e1d34-6b15-47ba-a1cf-e978a52878e0,https://inaturalist-open-data.s3.amazonaws.com/photos/17975712/medium.jpg,4793,Killdeer,data/new_raw/images/4e9e1d34-6b15-47ba-a1cf-e978a52878e0.jpg
b93b154a-e77a-4f31-b2dd-5a121447eb14,https://inaturalist-open-data.s3.amazonaws.com/photos/17976856/medium.jpg,10286,Black-and-white Warbler,data/new_raw/images/b93b154a-e77a-4f31-b2dd-5a121447eb14.jpg
74ca316f-58f7-45f2-b508-81e1a3e05926,https://inaturalist-open-data.s3.amazonaws.com/photos/17977030/medium.jpg,145237,Blackburnian Warbler,data/new_raw/images/74ca316f-58f7-45f2-b508-81e1a3e05926.jpg
f943bd53-b6ee-4b97-8019-afb12573505d,https://inaturalist-open-data.s3.amazonaws.com/photos/17977132/medium.jpg,10227,Indigo Bunting,data/new_raw/images/f943bd53-b6ee-4b97-8019-afb12573505d.jpg
1bfc24a4-bc70-447f-9887-caa763b8344d,https://inaturalist-open-data.s3.amazonaws.com/photos/17977885/medium.jpg,9981,Savannah Sparrow,data/new_raw/images/1bfc24a4-bc70-447f-9887-caa763b8344d.jpg
a05888cc-244e-4973-9140-ce070771bde5,https://inaturalist-open-data.s3.amazonaws.com/photos/17977938/medium.jpg,11935,Tree Swallow,data/new_raw/images/a05888cc-244e-4973-9140-ce070771bde5.jpg
e2855a95-d789-49d0-ad99-65c9f5e8ca4c,https://inaturalist-open-data.s3.amazonaws.com/photos/17978124/medium.jpg,9915,Summer Tanager,data/new_raw/images/e2855a95-d789-49d0-ad99-65c9f5e8ca4c.jpg
ba3e2e6c-03e1-48a5-9d36-1c148de6e873,https://inaturalist-open-data.s3.amazonaws.com/photos/17978256/medium.jpg,4956,Great Blue Heron,data/new_raw/images/ba3e2e6c-03e1-48a5-9d36-1c148de6e873.jpg
13073d9d-1e15-4629-9f58-e42dc5a13756,https://inaturalist-open-data.s3.amazonaws.com/photos/17978299/medium.jpg,9325,Orchard Oriole,data/new_raw/images/13073d9d-1e15-4629-9f58-e42dc5a13756.jpg
05c2b0f8-139f-4e52-83b8-426bf15b38f2,https://inaturalist-open-data.s3.amazonaws.com/photos/17978557/medium.jpg,9346,Baltimore Oriole,data/new_raw/images/05c2b0f8-139f-4e52-83b8-426bf15b38f2.jpg
ccb72230-1b91-47f3-ae06-85858cc4687c,https://inaturalist-open-data.s3.amazonaws.com/photos/17985129/medium.jpg,3892,Greater Yellowlegs,data/new_raw/images/ccb72230-1b91-47f3-ae06-85858cc4687c.jpg
88bc16d9-fbbc-4289-ac35-780c197d9db5,https://inaturalist-open-data.s3.amazonaws.com/photos/17989197/medium.jpg,145231,Cape May Warbler,data/new_raw/images/88bc16d9-fbbc-4289-ac35-780c197d9db5.jpg
fc6abf38-402a-4620-8a09-2609e99964a2,https://inaturalist-open-data.s3.amazonaws.com/photos/17989353/medium.jpg,10247,American Redstart,data/new_raw/images/fc6abf38-402a-4620-8a09-2609e99964a2.jpg
586b2ec5-4fea-4279-8b1e-7d00e74a66b9,https://inaturalist-open-data.s3.amazonaws.com/photos/17998696/medium.jpg,144537,Caspian Tern,data/new_raw/images/586b2ec5-4fea-4279-8b1e-7d00e74a66b9.jpg
02f8b6d7-8126-41c9-90b2-a2198c9b2c6e,https://static.inaturalist.org/photos/18009926/medium.jpeg,47144,Domestic Dog,data/new_raw/images/02f8b6d7-8126-41c9-90b2-a2198c9b2c6e.jpg
2b5f0aee-47a4-4e74-a6ac-93259b51ad97,https://static.inaturalist.org/photos/18011292/medium.jpg,9744,Red-winged Blackbird,data/new_raw/images/2b5f0aee-47a4-4e74-a6ac-93259b51ad97.jpg
1bfdb2e2-5afe-4b89-a269-3778a6e964f8,https://static.inaturalist.org/photos/18012045/medium.jpg,118552,Domestic Cat,data/new_raw/images/1bfdb2e2-5afe-4b89-a269-3778a6e964f8.jpg
ef0f5be5-8b1b-47fd-b493-462ab2c8d2b4,https://static.inaturalist.org/photos/18021323/medium.jpeg,5067,"Hawks, Eagles, and Kites",data/new_raw/images/ef0f5be5-8b1b-47fd-b493-462ab2c8d2b4.jpg
4b1bba32-105a-455d-93a5-8234f2388a3a,https://static.inaturalist.org/photos/18029340/medium.jpg,9148,Clay-colored Sparrow,data/new_raw/images/4b1bba32-105a-455d-93a5-8234f2388a3a.jpg
eac0b77e-ac92-4255-a68f-a469c45ad0d4,https://static.inaturalist.org/photos/18029496/medium.jpg,9721,Common Yellowthroat,data/new_raw/images/eac0b77e-ac92-4255-a68f-a469c45ad0d4.jpg
1d222f60-8946-43ed-9758-04c5b2f2b352,https://inaturalist-open-data.s3.amazonaws.com/photos/18055113/medium.jpeg,9915,Summer Tanager,data/new_raw/images/1d222f60-8946-43ed-9758-04c5b2f2b352.jpg
dda3972e-4314-499a-b708-f8e8006b6d03,https://inaturalist-open-data.s3.amazonaws.com/photos/18055429/medium.jpeg,16602,Least Flycatcher,data/new_raw/images/dda3972e-4314-499a-b708-f8e8006b6d03.jpg
ef586647-f08d-4fa4-8412-2b5b20aba4fc,https://static.inaturalist.org/photos/18063828/medium.jpeg,145310,American Goldfinch,data/new_raw/images/ef586647-f08d-4fa4-8412-2b5b20aba4fc.jpg
82b8489e-6fa4-4073-a684-d0e1c0f0b721,https://static.inaturalist.org/photos/18063868/medium.jpg,14995,Gray Catbird,data/new_raw/images/82b8489e-6fa4-4073-a684-d0e1c0f0b721.jpg
49b32bcf-cabf-46cc-8b70-cfddcb5cf20a,https://static.inaturalist.org/photos/18063938/medium.jpg,9744,Red-winged Blackbird,data/new_raw/images/49b32bcf-cabf-46cc-8b70-cfddcb5cf20a.jpg
8a813f47-8f2d-48ef-9e8e-795c00dde5c2,https://static.inaturalist.org/photos/18063950/medium.jpg,7089,Canada Goose,data/new_raw/images/8a813f47-8f2d-48ef-9e8e-795c00dde5c2.jpg
395dcf95-f828-48ce-97a0-87cf7d0998fc,https://static.inaturalist.org/photos/18063962/medium.jpg,7089,Canada Goose,data/new_raw/images/395dcf95-f828-48ce-97a0-87cf7d0998fc.jpg
2eefcad9-68f9-429e-8f7b-8f8f6a795a6c,https://static.inaturalist.org/photos/18063968/medium.jpg,7089,Canada Goose,data/new_raw/images/2eefcad9-68f9-429e-8f7b-8f8f6a795a6c.jpg
64dc2eca-1b6b-43fa-95a8-94f9d95d3e3f,https://static.inaturalist.org/photos/18064006/medium.jpg,7089,Canada Goose,data/new_raw/images/64dc2eca-1b6b-43fa-95a8-94f9d95d3e3f.jpg
4d8ca6cd-f5d3-4dbf-8be9-a367e9693927,https://static.inaturalist.org/photos/18064050/medium.jpg,9744,Red-winged Blackbird,data/new_raw/images/4d8ca6cd-f5d3-4dbf-8be9-a367e9693927.jpg
75525ff5-db6a-4b40-aab4-d1c4319a9499,https://static.inaturalist.org/photos/18064139/medium.jpg,7251,Perching Birds,data/new_raw/images/75525ff5-db6a-4b40-aab4-d1c4319a9499.jpg
dd93d0a9-9f0a-4877-9342-1c244e91e140,https://static.inaturalist.org/photos/18064160/medium.jpg,7089,Canada Goose,data/new_raw/images/dd93d0a9-9f0a-4877-9342-1c244e91e140.jpg
4baf18c5-6d77-421c-8f4c-75961cc8a6fd,https://static.inaturalist.org/photos/18064171/medium.jpg,7089,Canada Goose,data/new_raw/images/4baf18c5-6d77-421c-8f4c-75961cc8a6fd.jpg
032c5e40-1eac-4675-b24b-04828b4496ea,https://static.inaturalist.org/photos/18064219/medium.jpg,5020,Green Heron,data/new_raw/images/032c5e40-1eac-4675-b24b-04828b4496ea.jpg
270f63f7-9a45-4504-a1fa-b2a6212af9ae,https://static.inaturalist.org/photos/18064689/medium.jpg,7089,Canada Goose,data/new_raw/images/270f63f7-9a45-4504-a1fa-b2a6212af9ae.jpg
f58c5a63-cd3d-4c6b-8737-a71235495197,https://static.inaturalist.org/photos/18064315/medium.jpg,7089,Canada Goose,data/new_raw/images/f58c5a63-cd3d-4c6b-8737-a71235495197.jpg
ae155430-64dc-4e5a-9b44-da0ca360bc0d,https://static.inaturalist.org/photos/18064330/medium.jpg,6930,Mallard,data/new_raw/images/ae155430-64dc-4e5a-9b44-da0ca360bc0d.jpg
fed56df6-eb2c-47ae-811b-8c0f0200d373,https://static.inaturalist.org/photos/18064374/medium.jpg,46017,Eastern Gray Squirrel,data/new_raw/images/fed56df6-eb2c-47ae-811b-8c0f0200d373.jpg
5940fde7-76c8-4a6f-ba33-c70c9e1bd8a7,https://static.inaturalist.org/photos/18064393/medium.jpg,46017,Eastern Gray Squirrel,data/new_raw/images/5940fde7-76c8-4a6f-ba33-c70c9e1bd8a7.jpg
084d7a18-703e-415f-ab76-8a891e6ceffe,https://static.inaturalist.org/photos/18064437/medium.jpg,144815,Black-capped Chickadee,data/new_raw/images/084d7a18-703e-415f-ab76-8a891e6ceffe.jpg
5e0636fa-902a-4b5f-af32-91687a4c3036,https://static.inaturalist.org/photos/18064485/medium.jpg,6930,Mallard,data/new_raw/images/5e0636fa-902a-4b5f-af32-91687a4c3036.jpg
6c3d6dde-6ab5-46db-884a-6f76fb890024,https://static.inaturalist.org/photos/18064500/medium.jpg,6930,Mallard,data/new_raw/images/6c3d6dde-6ab5-46db-884a-6f76fb890024.jpg
668cc12b-039a-42e4-ab9b-8d0eb47407df,https://static.inaturalist.org/photos/18064497/medium.jpg,7089,Canada Goose,data/new_raw/images/668cc12b-039a-42e4-ab9b-8d0eb47407df.jpg
224251b1-9098-4285-aba0-74f22ef4e3bb,https://static.inaturalist.org/photos/18064518/medium.jpg,7089,Canada Goose,data/new_raw/images/224251b1-9098-4285-aba0-74f22ef4e3bb.jpg
f0ef2d9c-acf2-4f35-9f5d-b21d3ed9ac8c,https://static.inaturalist.org/photos/18064545/medium.jpg,7089,Canada Goose,data/new_raw/images/f0ef2d9c-acf2-4f35-9f5d-b21d3ed9ac8c.jpg
567894c4-5a47-4bd1-b33e-c458d7738fa5,https://inaturalist-open-data.s3.amazonaws.com/photos/18064640/medium.jpg,9744,Red-winged Blackbird,data/new_raw/images/567894c4-5a47-4bd1-b33e-c458d7738fa5.jpg
1bc17ac9-2a89-477a-ad30-de39382a061d,https://inaturalist-open-data.s3.amazonaws.com/photos/18067192/medium.jpg,7089,Canada Goose,data/new_raw/images/1bc17ac9-2a89-477a-ad30-de39382a061d.jpg
1d72b729-ede2-4c3c-9573-2da360c597e4,https://static.inaturalist.org/photos/18072049/medium.jpg,9602,Common Grackle,data/new_raw/images/1d72b729-ede2-4c3c-9573-2da360c597e4.jpg
20dff971-1171-45b6-abed-13a10bcb2c0c,https://static.inaturalist.org/photos/18080495/medium.jpeg,43794,American Beaver,data/new_raw/images/20dff971-1171-45b6-abed-13a10bcb2c0c.jpg
d7162c90-0eab-4457-bfe8-4e3fbce8f66b,https://static.inaturalist.org/photos/18080629/medium.jpeg,43794,American Beaver,data/new_raw/images/d7162c90-0eab-4457-bfe8-4e3fbce8f66b.jpg
5d81f213-21bf-400c-971e-4d1d24fced4a,https://static.inaturalist.org/photos/18083639/medium.jpg,9744,Red-winged Blackbird,data/new_raw/images/5d81f213-21bf-400c-971e-4d1d24fced4a.jpg
6f91a813-f1b1-4455-b7cb-710ce3559614,https://static.inaturalist.org/photos/18083652/medium.jpg,7089,Canada Goose,data/new_raw/images/6f91a813-f1b1-4455-b7cb-710ce3559614.jpg
dd7891a5-a6c9-411b-a74b-967500312705,https://static.inaturalist.org/photos/18083662/medium.jpg,7089,Canada Goose,data/new_raw/images/dd7891a5-a6c9-411b-a74b-967500312705.jpg
aca89ec2-364c-4aa3-81ba-0e258401084f,https://static.inaturalist.org/photos/18083715/medium.jpg,9744,Red-winged Blackbird,data/new_raw/images/aca89ec2-364c-4aa3-81ba-0e258401084f.jpg
c27602c4-55fe-4372-9726-de2a04cba0b6,https://static.inaturalist.org/photos/18083735/medium.jpg,6930,Mallard,data/new_raw/images/c27602c4-55fe-4372-9726-de2a04cba0b6.jpg
f0a94fab-33a0-4985-bfa8-17d806bf1d34,https://static.inaturalist.org/photos/18085899/medium.jpg,10271,Rose-breasted Grosbeak,data/new_raw/images/f0a94fab-33a0-4985-bfa8-17d806bf1d34.jpg
a0e8cb7e-1710-42e8-8eea-7222ed5210cc,https://inaturalist-open-data.s3.amazonaws.com/photos/18087476/medium.jpg,122767,Feral Pigeon,data/new_raw/images/a0e8cb7e-1710-42e8-8eea-7222ed5210cc.jpg
5af5b50f-6a99-4acd-a4a6-4640cac515dc,https://static.inaturalist.org/photos/18095545/medium.jpg,6930,Mallard,data/new_raw/images/5af5b50f-6a99-4acd-a4a6-4640cac515dc.jpg
2760feb1-cb47-48b3-89e3-6670fc2071fd,https://static.inaturalist.org/photos/18095714/medium.jpg,9744,Red-winged Blackbird,data/new_raw/images/2760feb1-cb47-48b3-89e3-6670fc2071fd.jpg
10dd234e-10b8-41ce-a849-9d97a10a6cb7,https://static.inaturalist.org/photos/18095966/medium.jpg,7089,Canada Goose,data/new_raw/images/10dd234e-10b8-41ce-a849-9d97a10a6cb7.jpg
5477933e-9697-4997-8250-9c76639d62e9,https://static.inaturalist.org/photos/18096000/medium.jpg,7089,Canada Goose,data/new_raw/images/5477933e-9697-4997-8250-9c76639d62e9.jpg
dca1f1cb-2a67-444f-b509-18719f4e1d57,https://inaturalist-open-data.s3.amazonaws.com/photos/18101924/medium.jpg,11935,Tree Swallow,data/new_raw/images/dca1f1cb-2a67-444f-b509-18719f4e1d57.jpg
39593be7-6544-48d7-9354-3a1b7d42ab45,https://inaturalist-open-data.s3.amazonaws.com/photos/18103200/medium.jpeg,41663,Common Raccoon,data/new_raw/images/39593be7-6544-48d7-9354-3a1b7d42ab45.jpg
2be6b5cb-9225-4edf-adc5-44c76250c4b1,https://inaturalist-open-data.s3.amazonaws.com/photos/18107013/medium.jpeg,9325,Orchard Oriole,data/new_raw/images/2be6b5cb-9225-4edf-adc5-44c76250c4b1.jpg
873b558b-07dd-4249-9c61-ea90b2bd935d,https://inaturalist-open-data.s3.amazonaws.com/photos/18106987/medium.jpeg,9325,Orchard Oriole,data/new_raw/images/873b558b-07dd-4249-9c61-ea90b2bd935d.jpg
66593bcb-952a-4666-99df-597e470d515a,https://static.inaturalist.org/photos/18107648/medium.jpg,9921,Scarlet Tanager,data/new_raw/images/66593bcb-952a-4666-99df-597e470d515a.jpg
9493e009-c8ba-4aa5-a504-cdc0bcad6ab3,https://static.inaturalist.org/photos/18118389/medium.jpg,45763,Muskrat,data/new_raw/images/9493e009-c8ba-4aa5-a504-cdc0bcad6ab3.jpg
2ec9263f-89e5-4ddd-a1fc-36b1adc7bd7a,https://static.inaturalist.org/photos/18167354/medium.jpg,5020,Green Heron,data/new_raw/images/2ec9263f-89e5-4ddd-a1fc-36b1adc7bd7a.jpg
466526b4-0297-483c-9f3e-d632f18481d0,https://inaturalist-open-data.s3.amazonaws.com/photos/18126197/medium.jpeg,6930,Mallard,data/new_raw/images/466526b4-0297-483c-9f3e-d632f18481d0.jpg
003d9ca7-dfe1-4623-9a17-e6ce58798a29,https://inaturalist-open-data.s3.amazonaws.com/photos/18147438/medium.jpeg,144455,Great Egret,data/new_raw/images/003d9ca7-dfe1-4623-9a17-e6ce58798a29.jpg
9cd4a5ac-d429-4932-b599-cdae2da182cc,https://inaturalist-open-data.s3.amazonaws.com/photos/18149716/medium.jpeg,4956,Great Blue Heron,data/new_raw/images/9cd4a5ac-d429-4932-b599-cdae2da182cc.jpg
c06ddc0d-45a0-43ab-9e52-c1565a6984c3,https://inaturalist-open-data.s3.amazonaws.com/photos/18157485/medium.jpeg,9921,Scarlet Tanager,data/new_raw/images/c06ddc0d-45a0-43ab-9e52-c1565a6984c3.jpg
634a6515-5f38-467d-9d50-21a29fe930c0,https://inaturalist-open-data.s3.amazonaws.com/photos/18157495/medium.jpeg,9921,Scarlet Tanager,data/new_raw/images/634a6515-5f38-467d-9d50-21a29fe930c0.jpg
83ae1333-8533-44f7-82cb-43157102c126,https://static.inaturalist.org/photos/18166519/medium.jpg,11853,Swallows and Martins,data/new_raw/images/83ae1333-8533-44f7-82cb-43157102c126.jpg
4d7b5239-1349-4919-acc7-6f6df8b0f663,https://static.inaturalist.org/photos/18168785/medium.jpg,9083,Northern Cardinal,data/new_raw/images/4d7b5239-1349-4919-acc7-6f6df8b0f663.jpg
63676515-42eb-486b-903f-2403f2338d9c,https://inaturalist-open-data.s3.amazonaws.com/photos/18170091/medium.jpg,122767,Feral Pigeon,data/new_raw/images/63676515-42eb-486b-903f-2403f2338d9c.jpg
ba6aa4c8-00c1-4464-a1ea-edef3818ca53,https://static.inaturalist.org/photos/18194248/medium.jpeg,6432,Ruby-throated Hummingbird,data/new_raw/images/ba6aa4c8-00c1-4464-a1ea-edef3818ca53.jpg
0211ec72-6f1f-44e3-804f-91db8a0d71ed,https://static.inaturalist.org/photos/18210583/medium.jpg,18236,Northern Flicker,data/new_raw/images/0211ec72-6f1f-44e3-804f-91db8a0d71ed.jpg
60f87c5d-2bcb-46ce-af08-58fedb72d906,https://static.inaturalist.org/photos/18232590/medium.jpeg,46017,Eastern Gray Squirrel,data/new_raw/images/60f87c5d-2bcb-46ce-af08-58fedb72d906.jpg
836bb780-afa4-489c-95b9-50076cde2270,https://static.inaturalist.org/photos/18232757/medium.jpeg,46017,Eastern Gray Squirrel,data/new_raw/images/836bb780-afa4-489c-95b9-50076cde2270.jpg
cd2b7c66-9b2e-4e65-91d4-61a888861410,https://static.inaturalist.org/photos/18232787/medium.jpeg,12727,American Robin,data/new_raw/images/cd2b7c66-9b2e-4e65-91d4-61a888861410.jpg
8592318d-6347-4eb5-9d69-dbf096ebd5b4,https://static.inaturalist.org/photos/18242924/medium.jpg,14995,Gray Catbird,data/new_raw/images/8592318d-6347-4eb5-9d69-dbf096ebd5b4.jpg
82074929-e5f8-4a82-b9b0-09cd4aa51ebf,https://inaturalist-open-data.s3.amazonaws.com/photos/18243892/medium.jpeg,10286,Black-and-white Warbler,data/new_raw/images/82074929-e5f8-4a82-b9b0-09cd4aa51ebf.jpg
60f6c6b7-41b9-4f23-bb2b-0f29f8b75f29,https://inaturalist-open-data.s3.amazonaws.com/photos/18244085/medium.jpeg,7562,Northern House Wren,data/new_raw/images/60f6c6b7-41b9-4f23-bb2b-0f29f8b75f29.jpg
2432496c-c5fa-49bb-9e47-07450c53a32b,https://inaturalist-open-data.s3.amazonaws.com/photos/18244467/medium.jpeg,145275,Canada Warbler,data/new_raw/images/2432496c-c5fa-49bb-9e47-07450c53a32b.jpg
5988d8f3-fca4-4899-8915-f43e87058c81,https://static.inaturalist.org/photos/18246878/medium.jpg,12727,American Robin,data/new_raw/images/5988d8f3-fca4-4899-8915-f43e87058c81.jpg
d6e2142b-2faf-422a-8067-f70f579e90c1,https://inaturalist-open-data.s3.amazonaws.com/photos/18238082/medium.jpeg,14995,Gray Catbird,data/new_raw/images/d6e2142b-2faf-422a-8067-f70f579e90c1.jpg
491ef3a9-6fb4-4b70-a0aa-dc3c19529b82,https://inaturalist-open-data.s3.amazonaws.com/photos/18238094/medium.jpeg,14995,Gray Catbird,data/new_raw/images/491ef3a9-6fb4-4b70-a0aa-dc3c19529b82.jpg
566380b1-7494-4a74-8e78-c95ec1a7a2b2,https://inaturalist-open-data.s3.amazonaws.com/photos/18238122/medium.jpeg,6930,Mallard,data/new_raw/images/566380b1-7494-4a74-8e78-c95ec1a7a2b2.jpg
f6d6609c-6e9f-4f87-8c68-99794b97b5d3,https://inaturalist-open-data.s3.amazonaws.com/photos/18238159/medium.jpeg,4246,Pied-billed Grebe,data/new_raw/images/f6d6609c-6e9f-4f87-8c68-99794b97b5d3.jpg
8a27d9ec-8088-44ca-8c61-ba4607b5ecc1,https://inaturalist-open-data.s3.amazonaws.com/photos/18238207/medium.jpeg,9744,Red-winged Blackbird,data/new_raw/images/8a27d9ec-8088-44ca-8c61-ba4607b5ecc1.jpg
6bb19b72-6b06-40f2-98e1-f41a40296b27,https://inaturalist-open-data.s3.amazonaws.com/photos/18238254/medium.jpeg,9346,Baltimore Oriole,data/new_raw/images/6bb19b72-6b06-40f2-98e1-f41a40296b27.jpg
6c8b5339-2314-4152-b086-0c0d147be5f3,https://inaturalist-open-data.s3.amazonaws.com/photos/18238287/medium.jpeg,14995,Gray Catbird,data/new_raw/images/6c8b5339-2314-4152-b086-0c0d147be5f3.jpg
b9cc841d-e664-4575-b0f7-d9f1c77989fe,https://inaturalist-open-data.s3.amazonaws.com/photos/18238316/medium.jpeg,145238,Yellow Warbler,data/new_raw/images/b9cc841d-e664-4575-b0f7-d9f1c77989fe.jpg
926c5aeb-f075-43b9-a945-90b5324dfcb9,https://inaturalist-open-data.s3.amazonaws.com/photos/18238358/medium.jpeg,145238,Yellow Warbler,data/new_raw/images/926c5aeb-f075-43b9-a945-90b5324dfcb9.jpg
cf1444a3-7ddb-4516-9a3e-d01492bcce70,https://inaturalist-open-data.s3.amazonaws.com/photos/18238407/medium.jpeg,9721,Common Yellowthroat,data/new_raw/images/cf1444a3-7ddb-4516-9a3e-d01492bcce70.jpg
426d2a1d-ebd2-413f-835b-79bcc30bd1b8,https://inaturalist-open-data.s3.amazonaws.com/photos/18238426/medium.jpeg,14995,Gray Catbird,data/new_raw/images/426d2a1d-ebd2-413f-835b-79bcc30bd1b8.jpg
23dc45a3-bfe9-48b0-9aca-88c6b1d4e548,https://inaturalist-open-data.s3.amazonaws.com/photos/18238440/medium.jpeg,14995,Gray Catbird,data/new_raw/images/23dc45a3-bfe9-48b0-9aca-88c6b1d4e548.jpg
0de2af1f-a57f-4fe2-a4b3-5733c81eecc7,https://inaturalist-open-data.s3.amazonaws.com/photos/18238456/medium.jpeg,46217,Eastern Chipmunk,data/new_raw/images/0de2af1f-a57f-4fe2-a4b3-5733c81eecc7.jpg
ed0f2f4b-767e-4037-9afa-91dd54a584ee,https://inaturalist-open-data.s3.amazonaws.com/photos/18238479/medium.jpeg,12878,Swainson's Thrush,data/new_raw/images/ed0f2f4b-767e-4037-9afa-91dd54a584ee.jpg
4acd5b73-d29b-445d-9001-25f986d278de,https://inaturalist-open-data.s3.amazonaws.com/photos/18238512/medium.jpeg,9092,Lincoln's Sparrow,data/new_raw/images/4acd5b73-d29b-445d-9001-25f986d278de.jpg
687a6e96-0380-4cf6-ae49-ffc568f57304,https://inaturalist-open-data.s3.amazonaws.com/photos/18238537/medium.jpeg,12727,American Robin,data/new_raw/images/687a6e96-0380-4cf6-ae49-ffc568f57304.jpg
4333d093-205b-4a94-848c-db77a1c7316a,https://inaturalist-open-data.s3.amazonaws.com/photos/18238554/medium.jpeg,9184,White-throated Sparrow,data/new_raw/images/4333d093-205b-4a94-848c-db77a1c7316a.jpg
77805e1c-8dbb-43c6-8cc2-790cac912180,https://inaturalist-open-data.s3.amazonaws.com/photos/18238575/medium.jpeg,9744,Red-winged Blackbird,data/new_raw/images/77805e1c-8dbb-43c6-8cc2-790cac912180.jpg
6f8a4b49-9482-41d1-83d8-8bed33b6b7dd,https://inaturalist-open-data.s3.amazonaws.com/photos/18238583/medium.jpeg,9083,Northern Cardinal,data/new_raw/images/6f8a4b49-9482-41d1-83d8-8bed33b6b7dd.jpg
0d56ea56-0b11-4015-a66e-3a97caf6b5b0,https://inaturalist-open-data.s3.amazonaws.com/photos/18238588/medium.jpeg,7493,Blue-gray Gnatcatcher,data/new_raw/images/0d56ea56-0b11-4015-a66e-3a97caf6b5b0.jpg
8a126f54-40ea-485b-98ba-d5ff50a3e47e,https://inaturalist-open-data.s3.amazonaws.com/photos/18238592/medium.jpeg,145238,Yellow Warbler,data/new_raw/images/8a126f54-40ea-485b-98ba-d5ff50a3e47e.jpg
df2c1d65-2f1b-4d62-95d7-f7252693b237,https://inaturalist-open-data.s3.amazonaws.com/photos/18238609/medium.jpeg,14995,Gray Catbird,data/new_raw/images/df2c1d65-2f1b-4d62-95d7-f7252693b237.jpg
60faa9b3-2da9-40c2-b652-d38174b4e9df,https://inaturalist-open-data.s3.amazonaws.com/photos/18238620/medium.jpeg,12878,Swainson's Thrush,data/new_raw/images/60faa9b3-2da9-40c2-b652-d38174b4e9df.jpg
14f8a197-cdc3-4e8a-bca9-de60a88afa76,https://inaturalist-open-data.s3.amazonaws.com/photos/18238628/medium.jpeg,12878,Swainson's Thrush,data/new_raw/images/14f8a197-cdc3-4e8a-bca9-de60a88afa76.jpg
0f0bfafc-f93d-4e1b-9597-637e4026e7ad,https://inaturalist-open-data.s3.amazonaws.com/photos/18238639/medium.jpeg,14995,Gray Catbird,data/new_raw/images/0f0bfafc-f93d-4e1b-9597-637e4026e7ad.jpg
f17474b6-cbb2-4177-afcc-ed1513cfafac,https://inaturalist-open-data.s3.amazonaws.com/photos/18238653/medium.jpeg,9176,White-crowned Sparrow,data/new_raw/images/f17474b6-cbb2-4177-afcc-ed1513cfafac.jpg
3a8c6217-1d62-4925-a8ec-025567a2bbf3,https://inaturalist-open-data.s3.amazonaws.com/photos/18238668/medium.jpeg,9184,White-throated Sparrow,data/new_raw/images/3a8c6217-1d62-4925-a8ec-025567a2bbf3.jpg
46bad4dc-894f-4ded-9518-0b47e7a0f07b,https://inaturalist-open-data.s3.amazonaws.com/photos/18238682/medium.jpeg,62550,Ovenbird,data/new_raw/images/46bad4dc-894f-4ded-9518-0b47e7a0f07b.jpg
5b6d1d32-53f1-4fe2-9647-c2bf1fff3570,https://inaturalist-open-data.s3.amazonaws.com/photos/18238695/medium.jpeg,9184,White-throated Sparrow,data/new_raw/images/5b6d1d32-53f1-4fe2-9647-c2bf1fff3570.jpg
51adacbd-6d1d-42ca-90ae-baceeeddef37,https://inaturalist-open-data.s3.amazonaws.com/photos/18238726/medium.jpeg,9100,Song Sparrow,data/new_raw/images/51adacbd-6d1d-42ca-90ae-baceeeddef37.jpg
189a876c-082e-404a-860c-e4cd0f4024d2,https://inaturalist-open-data.s3.amazonaws.com/photos/18238733/medium.jpeg,132704,Myrtle Warbler,data/new_raw/images/189a876c-082e-404a-860c-e4cd0f4024d2.jpg
7644f00f-fe8d-4bb1-bee1-a773408f1b07,https://inaturalist-open-data.s3.amazonaws.com/photos/18238745/medium.jpeg,7107,Wood Duck,data/new_raw/images/7644f00f-fe8d-4bb1-bee1-a773408f1b07.jpg
a05319a1-c8e9-44ee-a336-fe5f8547d76f,https://inaturalist-open-data.s3.amazonaws.com/photos/18238759/medium.jpeg,9346,Baltimore Oriole,data/new_raw/images/a05319a1-c8e9-44ee-a336-fe5f8547d76f.jpg
1875a7a1-0372-4f75-ae7b-1258baf5964a,https://inaturalist-open-data.s3.amazonaws.com/photos/18238777/medium.jpeg,12883,Gray-cheeked Thrush,data/new_raw/images/1875a7a1-0372-4f75-ae7b-1258baf5964a.jpg
8d19c7c6-95fe-427c-ab18-e213787a9c15,https://inaturalist-open-data.s3.amazonaws.com/photos/18238799/medium.jpeg,10286,Black-and-white Warbler,data/new_raw/images/8d19c7c6-95fe-427c-ab18-e213787a9c15.jpg
7d6c2263-09ab-448a-b067-844c3a983a81,https://inaturalist-open-data.s3.amazonaws.com/photos/18238835/medium.jpeg,9346,Baltimore Oriole,data/new_raw/images/7d6c2263-09ab-448a-b067-844c3a983a81.jpg
1c00ffab-88e0-4f4d-b3a5-7119b9847634,https://inaturalist-open-data.s3.amazonaws.com/photos/18238840/medium.jpeg,145310,American Goldfinch,data/new_raw/images/1c00ffab-88e0-4f4d-b3a5-7119b9847634.jpg
37139259-5a1a-4242-b399-56a3567765bf,https://inaturalist-open-data.s3.amazonaws.com/photos/18238851/medium.jpeg,16597,Empidonax Flycatchers,data/new_raw/images/37139259-5a1a-4242-b399-56a3567765bf.jpg
008031b5-6a3d-4d32-92ae-8c7bb8158708,https://inaturalist-open-data.s3.amazonaws.com/photos/18238872/medium.jpeg,9100,Song Sparrow,data/new_raw/images/008031b5-6a3d-4d32-92ae-8c7bb8158708.jpg
cc1af2c8-b16f-44d2-aa19-235e39c064d2,https://inaturalist-open-data.s3.amazonaws.com/photos/18238899/medium.jpeg,2548,Belted Kingfisher,data/new_raw/images/cc1af2c8-b16f-44d2-aa19-235e39c064d2.jpg
4be64a21-5f10-4fd6-bc9e-027f06b7b622,https://inaturalist-open-data.s3.amazonaws.com/photos/18238910/medium.jpeg,9092,Lincoln's Sparrow,data/new_raw/images/4be64a21-5f10-4fd6-bc9e-027f06b7b622.jpg
156e328e-fb00-49ae-8084-655bc2b070bc,https://inaturalist-open-data.s3.amazonaws.com/photos/18238927/medium.jpeg,145238,Yellow Warbler,data/new_raw/images/156e328e-fb00-49ae-8084-655bc2b070bc.jpg
bfb0b78b-fc8a-4ea9-9621-eb21efd00aaa,https://inaturalist-open-data.s3.amazonaws.com/photos/18238963/medium.jpeg,11867,Purple Martin,data/new_raw/images/bfb0b78b-fc8a-4ea9-9621-eb21efd00aaa.jpg
8e0d3585-99ee-4aa6-b1e8-abeb3c967b26,https://inaturalist-open-data.s3.amazonaws.com/photos/18238980/medium.jpeg,132704,Myrtle Warbler,data/new_raw/images/8e0d3585-99ee-4aa6-b1e8-abeb3c967b26.jpg
a009d3d9-33fd-4100-b10a-b5f03b62f120,https://inaturalist-open-data.s3.amazonaws.com/photos/18238988/medium.jpeg,792988,Downy Woodpecker,data/new_raw/images/a009d3d9-33fd-4100-b10a-b5f03b62f120.jpg
2fb70a10-696d-48c1-873a-e5d8986c0555,https://inaturalist-open-data.s3.amazonaws.com/photos/18239051/medium.jpeg,145242,Palm Warbler,data/new_raw/images/2fb70a10-696d-48c1-873a-e5d8986c0555.jpg
c5f9b086-ea6d-4565-9dfb-25832a1557db,https://inaturalist-open-data.s3.amazonaws.com/photos/18239160/medium.jpeg,145231,Cape May Warbler,data/new_raw/images/c5f9b086-ea6d-4565-9dfb-25832a1557db.jpg
c679e95b-deb3-46ad-b7e8-12bb52055a13,https://inaturalist-open-data.s3.amazonaws.com/photos/18239227/medium.jpeg,10373,Brown-headed Cowbird,data/new_raw/images/c679e95b-deb3-46ad-b7e8-12bb52055a13.jpg
89427061-5c9c-4f4d-ac5a-2b09c2446a8f,https://inaturalist-open-data.s3.amazonaws.com/photos/18239240/medium.jpeg,11867,Purple Martin,data/new_raw/images/89427061-5c9c-4f4d-ac5a-2b09c2446a8f.jpg
ea25143d-14ed-46bd-8d7d-08858b492164,https://inaturalist-open-data.s3.amazonaws.com/photos/18239246/medium.jpeg,11867,Purple Martin,data/new_raw/images/ea25143d-14ed-46bd-8d7d-08858b492164.jpg
d37e1ec1-364b-483b-8bb1-2302cacce301,https://inaturalist-open-data.s3.amazonaws.com/photos/18239267/medium.jpeg,145231,Cape May Warbler,data/new_raw/images/d37e1ec1-364b-483b-8bb1-2302cacce301.jpg
87047523-21f7-4ab7-b40d-b03ab54b7f58,https://inaturalist-open-data.s3.amazonaws.com/photos/18239346/medium.jpeg,14850,European Starling,data/new_raw/images/87047523-21f7-4ab7-b40d-b03ab54b7f58.jpg
658019fa-cbfe-4f22-a67e-75de21efb18f,https://inaturalist-open-data.s3.amazonaws.com/photos/18251449/medium.jpg,1264432,American Mink,data/new_raw/images/658019fa-cbfe-4f22-a67e-75de21efb18f.jpg
4c642d66-0d8c-4adc-adcf-adf1db0221e3,https://static.inaturalist.org/photos/18260761/medium.jpeg,41663,Common Raccoon,data/new_raw/images/4c642d66-0d8c-4adc-adcf-adf1db0221e3.jpg
9a06f659-a9eb-4d39-bc01-a31392a750e7,https://inaturalist-open-data.s3.amazonaws.com/photos/18265603/medium.jpeg,10227,Indigo Bunting,data/new_raw/images/9a06f659-a9eb-4d39-bc01-a31392a750e7.jpg
394021b5-d9c1-43d6-88c1-078c082ce924,https://inaturalist-open-data.s3.amazonaws.com/photos/18265650/medium.jpeg,14898,Brown Thrasher,data/new_raw/images/394021b5-d9c1-43d6-88c1-078c082ce924.jpg
11f38c4e-0615-438f-9795-7127b072a8c9,https://inaturalist-open-data.s3.amazonaws.com/photos/18265748/medium.jpeg,145239,Chestnut-sided Warbler,data/new_raw/images/11f38c4e-0615-438f-9795-7127b072a8c9.jpg
8f1310be-8c20-4d6e-bdbd-837df6f6c1f1,https://inaturalist-open-data.s3.amazonaws.com/photos/18268104/medium.jpg,42652,Virginia Opossum,data/new_raw/images/8f1310be-8c20-4d6e-bdbd-837df6f6c1f1.jpg
cdfb0662-3f52-4077-a986-5bad174b2081,https://inaturalist-open-data.s3.amazonaws.com/photos/18268391/medium.jpeg,4999,Yellow-crowned Night Heron,data/new_raw/images/cdfb0662-3f52-4077-a986-5bad174b2081.jpg
a23661dd-92a5-4758-9832-00923edc307a,https://inaturalist-open-data.s3.amazonaws.com/photos/18278567/medium.jpeg,72458,Spotted Sandpiper,data/new_raw/images/a23661dd-92a5-4758-9832-00923edc307a.jpg
c73cce5b-a192-4e3a-b94f-c76685cc9ab0,https://static.inaturalist.org/photos/18279737/medium.jpg,42223,White-tailed Deer,data/new_raw/images/c73cce5b-a192-4e3a-b94f-c76685cc9ab0.jpg
53d24a42-2d2c-4fc5-85b3-bb9060ad22a3,https://inaturalist-open-data.s3.amazonaws.com/photos/18290190/medium.jpeg,4999,Yellow-crowned Night Heron,data/new_raw/images/53d24a42-2d2c-4fc5-85b3-bb9060ad22a3.jpg
9f9ce8e5-1c1c-4c4e-81de-9bfc9a2792dc,https://inaturalist-open-data.s3.amazonaws.com/photos/18295973/medium.jpg,9602,Common Grackle,data/new_raw/images/9f9ce8e5-1c1c-4c4e-81de-9bfc9a2792dc.jpg
9c45f985-f5df-42b2-ba60-9d6f0d4c52c5,https://inaturalist-open-data.s3.amazonaws.com/photos/18300064/medium.jpg,3,Birds,data/new_raw/images/9c45f985-f5df-42b2-ba60-9d6f0d4c52c5.jpg
3fc71e2e-62fb-4214-9954-c5f765cc6981,https://inaturalist-open-data.s3.amazonaws.com/photos/18318033/medium.jpg,199840,House Finch,data/new_raw/images/3fc71e2e-62fb-4214-9954-c5f765cc6981.jpg
6dd33290-9479-4a1c-a942-909fe34b7cf4,https://inaturalist-open-data.s3.amazonaws.com/photos/18318197/medium.jpg,7089,Canada Goose,data/new_raw/images/6dd33290-9479-4a1c-a942-909fe34b7cf4.jpg
852b557a-81f8-44d8-bffe-a3565d3122a2,https://inaturalist-open-data.s3.amazonaws.com/photos/18326886/medium.jpg,10373,Brown-headed Cowbird,data/new_raw/images/852b557a-81f8-44d8-bffe-a3565d3122a2.jpg
46a4de8f-7a32-46ca-9333-68343f1dba00,https://inaturalist-open-data.s3.amazonaws.com/photos/18326984/medium.jpg,4793,Killdeer,data/new_raw/images/46a4de8f-7a32-46ca-9333-68343f1dba00.jpg
40fff1a3-4665-405e-9719-e628a79c58a7,https://inaturalist-open-data.s3.amazonaws.com/photos/18327022/medium.jpg,72458,Spotted Sandpiper,data/new_raw/images/40fff1a3-4665-405e-9719-e628a79c58a7.jpg
f103c6a3-3211-4bb4-94ce-5b729e338737,https://inaturalist-open-data.s3.amazonaws.com/photos/18327068/medium.jpg,144537,Caspian Tern,data/new_raw/images/f103c6a3-3211-4bb4-94ce-5b729e338737.jpg
4d5be04b-b8a7-44c6-9472-d8e9c1556f1a,https://inaturalist-open-data.s3.amazonaws.com/photos/18327138/medium.jpg,792988,Downy Woodpecker,data/new_raw/images/4d5be04b-b8a7-44c6-9472-d8e9c1556f1a.jpg
1490fc12-b132-402c-b40a-b80cadf03ebd,https://inaturalist-open-data.s3.amazonaws.com/photos/18327249/medium.jpg,145235,Magnolia Warbler,data/new_raw/images/1490fc12-b132-402c-b40a-b80cadf03ebd.jpg
c4e7643b-295c-4fb8-8759-f3b5e5781fa2,https://inaturalist-open-data.s3.amazonaws.com/photos/18327283/medium.jpg,12901,Veery,data/new_raw/images/c4e7643b-295c-4fb8-8759-f3b5e5781fa2.jpg
60991df9-720c-4936-b8b0-a6244332d6c5,https://inaturalist-open-data.s3.amazonaws.com/photos/18327305/medium.jpg,9744,Red-winged Blackbird,data/new_raw/images/60991df9-720c-4936-b8b0-a6244332d6c5.jpg
cf29b236-732e-49f3-82c6-9c9e671319ff,https://inaturalist-open-data.s3.amazonaws.com/photos/18327320/medium.jpg,9083,Northern Cardinal,data/new_raw/images/cf29b236-732e-49f3-82c6-9c9e671319ff.jpg
b6c36894-9d10-43c6-892b-686af6428115,https://inaturalist-open-data.s3.amazonaws.com/photos/18327344/medium.jpg,10247,American Redstart,data/new_raw/images/b6c36894-9d10-43c6-892b-686af6428115.jpg
d891eb1f-18a0-4476-8a27-622fa650be0d,https://inaturalist-open-data.s3.amazonaws.com/photos/18327441/medium.jpg,62550,Ovenbird,data/new_raw/images/d891eb1f-18a0-4476-8a27-622fa650be0d.jpg
f7c03188-0231-43a1-b31d-b490ec003527,https://inaturalist-open-data.s3.amazonaws.com/photos/18333976/medium.jpeg,145275,Canada Warbler,data/new_raw/images/f7c03188-0231-43a1-b31d-b490ec003527.jpg
15a44629-8480-433a-a221-7757229d3b03,https://inaturalist-open-data.s3.amazonaws.com/photos/18333980/medium.jpeg,199916,Black-throated Blue Warbler,data/new_raw/images/15a44629-8480-433a-a221-7757229d3b03.jpg
8c903623-4745-49e6-8902-f02c8f955517,https://inaturalist-open-data.s3.amazonaws.com/photos/18333984/medium.jpeg,979753,Nashville Warbler,data/new_raw/images/8c903623-4745-49e6-8902-f02c8f955517.jpg
4d59ee98-afb2-47ec-a6b5-97c5ee87f1ee,https://inaturalist-open-data.s3.amazonaws.com/photos/18333988/medium.jpeg,4981,Black-crowned Night Heron,data/new_raw/images/4d59ee98-afb2-47ec-a6b5-97c5ee87f1ee.jpg
ed0ba702-ad23-4ae0-b1db-b5df683b6ec1,https://inaturalist-open-data.s3.amazonaws.com/photos/18338379/medium.jpg,144455,Great Egret,data/new_raw/images/ed0ba702-ad23-4ae0-b1db-b5df683b6ec1.jpg
d19a6adb-9437-4bbc-90a3-9bcabf5e326a,https://inaturalist-open-data.s3.amazonaws.com/photos/18339050/medium.jpeg,792988,Downy Woodpecker,data/new_raw/images/d19a6adb-9437-4bbc-90a3-9bcabf5e326a.jpg
91310210-756c-4454-a404-640d203d264f,https://inaturalist-open-data.s3.amazonaws.com/photos/18345644/medium.jpeg,42223,White-tailed Deer,data/new_raw/images/91310210-756c-4454-a404-640d203d264f.jpg
6aaf31bd-c2be-43fa-8c38-2977d4c82d80,https://static.inaturalist.org/photos/18349062/medium.jpg,473,American Coot,data/new_raw/images/6aaf31bd-c2be-43fa-8c38-2977d4c82d80.jpg
70373aef-f73b-4a56-8d35-ab66f8033b82,https://static.inaturalist.org/photos/18349137/medium.jpg,7089,Canada Goose,data/new_raw/images/70373aef-f73b-4a56-8d35-ab66f8033b82.jpg
25943dbc-0856-4103-9266-350731bcf9b1,https://inaturalist-open-data.s3.amazonaws.com/photos/18355448/medium.jpg,46217,Eastern Chipmunk,data/new_raw/images/25943dbc-0856-4103-9266-350731bcf9b1.jpg
d0dae59f-9202-4b21-b0c2-928c7c2254f0,https://inaturalist-open-data.s3.amazonaws.com/photos/18356666/medium.jpg,42223,White-tailed Deer,data/new_raw/images/d0dae59f-9202-4b21-b0c2-928c7c2254f0.jpg
3f8bebc5-a3dd-4e98-b920-fe15de16952d,https://static.inaturalist.org/photos/18370593/medium.jpg,4956,Great Blue Heron,data/new_raw/images/3f8bebc5-a3dd-4e98-b920-fe15de16952d.jpg
1b801c26-ec7e-48dd-a180-2f818b71af15,https://inaturalist-open-data.s3.amazonaws.com/photos/18386356/medium.jpeg,342169,American Barn Swallow,data/new_raw/images/1b801c26-ec7e-48dd-a180-2f818b71af15.jpg
047ea136-ca32-48f1-82fc-906aa1171b0a,https://static.inaturalist.org/photos/18397469/medium.jpeg,44576,Brown Rat,data/new_raw/images/047ea136-ca32-48f1-82fc-906aa1171b0a.jpg
0b473a2d-cefe-4cb9-88d1-f6b053260325,https://inaturalist-open-data.s3.amazonaws.com/photos/18425565/medium.jpg,4956,Great Blue Heron,data/new_raw/images/0b473a2d-cefe-4cb9-88d1-f6b053260325.jpg
9bac1ea3-ad77-4031-9deb-61ff43146c40,https://inaturalist-open-data.s3.amazonaws.com/photos/18430222/medium.jpg,7089,Canada Goose,data/new_raw/images/9bac1ea3-ad77-4031-9deb-61ff43146c40.jpg
45a4abdc-6b87-4e30-9e93-32a27598322b,https://static.inaturalist.org/photos/18449677/medium.jpg,3454,Mourning Dove,data/new_raw/images/45a4abdc-6b87-4e30-9e93-32a27598322b.jpg
e6ed1205-9f25-4419-b148-bbd97fef0288,https://inaturalist-open-data.s3.amazonaws.com/photos/18467302/medium.jpeg,14995,Gray Catbird,data/new_raw/images/e6ed1205-9f25-4419-b148-bbd97fef0288.jpg
055fc4ac-7c24-4ad2-b4ac-2ec9b7790237,https://static.inaturalist.org/photos/18469606/medium.jpg,4364,Ring-billed Gull,data/new_raw/images/055fc4ac-7c24-4ad2-b4ac-2ec9b7790237.jpg
67c05682-4703-4121-92b5-a582ebe87816,https://static.inaturalist.org/photos/18469686/medium.jpg,122767,Feral Pigeon,data/new_raw/images/67c05682-4703-4121-92b5-a582ebe87816.jpg
7580884f-64ee-44ab-80fe-cfdd7bb9375d,https://static.inaturalist.org/photos/18473379/medium.jpg,4981,Black-crowned Night Heron,data/new_raw/images/7580884f-64ee-44ab-80fe-cfdd7bb9375d.jpg
b813bc94-6363-417f-b85b-66a415eb78f5,https://static.inaturalist.org/photos/18473783/medium.jpg,9083,Northern Cardinal,data/new_raw/images/b813bc94-6363-417f-b85b-66a415eb78f5.jpg
89c7e2df-e3e7-4228-8744-6dbca6a9bbb2,https://inaturalist-open-data.s3.amazonaws.com/photos/18486576/medium.jpg,5020,Green Heron,data/new_raw/images/89c7e2df-e3e7-4228-8744-6dbca6a9bbb2.jpg
ae43e83f-beb3-4e9f-93d0-0aa9787afb55,https://static.inaturalist.org/photos/18518036/medium.jpg,16782,Eastern Kingbird,data/new_raw/images/ae43e83f-beb3-4e9f-93d0-0aa9787afb55.jpg
afa623b4-6aaa-4b31-bde4-019e3ac82915,https://inaturalist-open-data.s3.amazonaws.com/photos/18519361/medium.jpg,14850,European Starling,data/new_raw/images/afa623b4-6aaa-4b31-bde4-019e3ac82915.jpg
1c66c9c4-8bc9-46c4-a953-2a87e24a0ea9,https://static.inaturalist.org/photos/18530550/medium.jpeg,5020,Green Heron,data/new_raw/images/1c66c9c4-8bc9-46c4-a953-2a87e24a0ea9.jpg
c5e4cf9c-9a5f-4049-aab2-ae0f9c37e3d5,https://inaturalist-open-data.s3.amazonaws.com/photos/18532207/medium.jpg,9744,Red-winged Blackbird,data/new_raw/images/c5e4cf9c-9a5f-4049-aab2-ae0f9c37e3d5.jpg
71ace6a2-fff8-4176-abca-fe7fa234cc0e,https://inaturalist-open-data.s3.amazonaws.com/photos/18532531/medium.jpg,9744,Red-winged Blackbird,data/new_raw/images/71ace6a2-fff8-4176-abca-fe7fa234cc0e.jpg
0a30e393-9796-4089-aedb-7c16a272fc7c,https://inaturalist-open-data.s3.amazonaws.com/photos/18533085/medium.jpg,9083,Northern Cardinal,data/new_raw/images/0a30e393-9796-4089-aedb-7c16a272fc7c.jpg
0b049202-0f60-4d8e-ae5e-455a2d3aec44,https://static.inaturalist.org/photos/18537040/medium.jpg,9744,Red-winged Blackbird,data/new_raw/images/0b049202-0f60-4d8e-ae5e-455a2d3aec44.jpg
eea39e9c-2110-4344-874d-b429932ee1f6,https://static.inaturalist.org/photos/18544776/medium.jpeg,3454,Mourning Dove,data/new_raw/images/eea39e9c-2110-4344-874d-b429932ee1f6.jpg
1eb31aeb-1962-41c7-8f69-23cbb808b0dd,https://static.inaturalist.org/photos/18552855/medium.jpg,792988,Downy Woodpecker,data/new_raw/images/1eb31aeb-1962-41c7-8f69-23cbb808b0dd.jpg
55be12cf-683d-4713-9a75-1991e93c02af,https://static.inaturalist.org/photos/18553343/medium.jpeg,13858,House Sparrow,data/new_raw/images/55be12cf-683d-4713-9a75-1991e93c02af.jpg
e7f7530c-b0d6-4db6-bdeb-5bc5a52d6f4c,https://inaturalist-open-data.s3.amazonaws.com/photos/18580460/medium.jpg,12727,American Robin,data/new_raw/images/e7f7530c-b0d6-4db6-bdeb-5bc5a52d6f4c.jpg
98560942-560a-4f56-bcdd-3a6e8cd42a9b,https://static.inaturalist.org/photos/18581368/medium.jpg,9083,Northern Cardinal,data/new_raw/images/98560942-560a-4f56-bcdd-3a6e8cd42a9b.jpg
1b965c8e-62ae-4554-9c29-b123f28aac73,https://static.inaturalist.org/photos/18581440/medium.jpg,13858,House Sparrow,data/new_raw/images/1b965c8e-62ae-4554-9c29-b123f28aac73.jpg
22da7bfb-bf1b-4af7-a939-09badfc09783,https://inaturalist-open-data.s3.amazonaws.com/photos/18586850/medium.jpg,9083,Northern Cardinal,data/new_raw/images/22da7bfb-bf1b-4af7-a939-09badfc09783.jpg
b45119d1-5fcf-41d3-9564-116a4e5822ca,https://static.inaturalist.org/photos/18586958/medium.jpg,16028,Great Crested Flycatcher,data/new_raw/images/b45119d1-5fcf-41d3-9564-116a4e5822ca.jpg
c3ae554a-c895-45f5-95ff-6f53cb1cebcc,https://inaturalist-open-data.s3.amazonaws.com/photos/18587777/medium.jpg,145310,American Goldfinch,data/new_raw/images/c3ae554a-c895-45f5-95ff-6f53cb1cebcc.jpg
6546227d-9264-4bf6-b7fc-20b99b37f559,https://inaturalist-open-data.s3.amazonaws.com/photos/18588892/medium.jpeg,367715,King Rail,data/new_raw/images/6546227d-9264-4bf6-b7fc-20b99b37f559.jpg
a4cae4fd-ae7e-43f5-9f25-00ae42b0144a,https://inaturalist-open-data.s3.amazonaws.com/photos/18589265/medium.jpg,145240,Blackpoll Warbler,data/new_raw/images/a4cae4fd-ae7e-43f5-9f25-00ae42b0144a.jpg
6d065317-9090-46df-b8ac-d3f4dfe9b37b,https://inaturalist-open-data.s3.amazonaws.com/photos/18589854/medium.jpg,145310,American Goldfinch,data/new_raw/images/6d065317-9090-46df-b8ac-d3f4dfe9b37b.jpg
e89a58b4-fc6d-4fec-a046-0b9376624ed6,https://inaturalist-open-data.s3.amazonaws.com/photos/18589873/medium.jpg,4793,Killdeer,data/new_raw/images/e89a58b4-fc6d-4fec-a046-0b9376624ed6.jpg
26690214-bede-479d-8ebc-604e0723047d,https://inaturalist-open-data.s3.amazonaws.com/photos/18589981/medium.jpg,6996,Red-breasted Merganser,data/new_raw/images/26690214-bede-479d-8ebc-604e0723047d.jpg
d1c25516-3385-4e5f-ae8f-5462420efbda,https://inaturalist-open-data.s3.amazonaws.com/photos/18599741/medium.jpg,7089,Canada Goose,data/new_raw/images/d1c25516-3385-4e5f-ae8f-5462420efbda.jpg
8bcb4b22-5c45-42c9-bec7-d04ffbaad7f6,https://inaturalist-open-data.s3.amazonaws.com/photos/18605644/medium.jpg,9721,Common Yellowthroat,data/new_raw/images/8bcb4b22-5c45-42c9-bec7-d04ffbaad7f6.jpg
dc0f9e51-8c7c-455c-9c35-07ba17d30a73,https://inaturalist-open-data.s3.amazonaws.com/photos/18620732/medium.jpg,8021,American Crow,data/new_raw/images/dc0f9e51-8c7c-455c-9c35-07ba17d30a73.jpg
ca43e18c-0175-4d88-bb85-c5c00135636e,https://inaturalist-open-data.s3.amazonaws.com/photos/18636477/medium.jpg,4364,Ring-billed Gull,data/new_raw/images/ca43e18c-0175-4d88-bb85-c5c00135636e.jpg
b57404c0-7334-403f-af6f-a51ca1f6557f,https://static.inaturalist.org/photos/18643357/medium.jpg,14850,European Starling,data/new_raw/images/b57404c0-7334-403f-af6f-a51ca1f6557f.jpg
460eb653-6964-4b72-8dbe-d33948a62aea,https://static.inaturalist.org/photos/18643383/medium.jpg,14850,European Starling,data/new_raw/images/460eb653-6964-4b72-8dbe-d33948a62aea.jpg
5f559968-9c79-4db3-aa3b-f272772ee4ab,https://inaturalist-open-data.s3.amazonaws.com/photos/18664207/medium.jpg,46017,Eastern Gray Squirrel,data/new_raw/images/5f559968-9c79-4db3-aa3b-f272772ee4ab.jpg
9981ed8a-b81b-4c27-a70c-6c33b5388dbb,https://inaturalist-open-data.s3.amazonaws.com/photos/18664453/medium.jpg,14995,Gray Catbird,data/new_raw/images/9981ed8a-b81b-4c27-a70c-6c33b5388dbb.jpg
58bbd31e-1726-49e2-a832-89185fc85099,https://inaturalist-open-data.s3.amazonaws.com/photos/18665329/medium.jpg,9721,Common Yellowthroat,data/new_raw/images/58bbd31e-1726-49e2-a832-89185fc85099.jpg
e2835710-ff1e-496d-a4d5-b6818299268e,https://inaturalist-open-data.s3.amazonaws.com/photos/18665386/medium.jpg,4364,Ring-billed Gull,data/new_raw/images/e2835710-ff1e-496d-a4d5-b6818299268e.jpg
d15bffc4-2e47-4539-b1e3-510bff3c06c0,https://inaturalist-open-data.s3.amazonaws.com/photos/18666366/medium.jpg,42223,White-tailed Deer,data/new_raw/images/d15bffc4-2e47-4539-b1e3-510bff3c06c0.jpg
a1c410ee-6799-44e1-a844-60c6aeb1eaad,https://inaturalist-open-data.s3.amazonaws.com/photos/18666436/medium.jpg,12878,Swainson's Thrush,data/new_raw/images/a1c410ee-6799-44e1-a844-60c6aeb1eaad.jpg
a8ad1596-ecbb-404b-b529-61de08fe4e82,https://inaturalist-open-data.s3.amazonaws.com/photos/18666547/medium.jpg,46217,Eastern Chipmunk,data/new_raw/images/a8ad1596-ecbb-404b-b529-61de08fe4e82.jpg
0c3f59db-f475-4a79-8f4a-f2934542c766,https://inaturalist-open-data.s3.amazonaws.com/photos/18666638/medium.jpg,14995,Gray Catbird,data/new_raw/images/0c3f59db-f475-4a79-8f4a-f2934542c766.jpg
e03fa552-9010-4f16-915c-ef0a2f633caa,https://inaturalist-open-data.s3.amazonaws.com/photos/18666672/medium.jpg,9744,Red-winged Blackbird,data/new_raw/images/e03fa552-9010-4f16-915c-ef0a2f633caa.jpg
fc1ab1d7-255c-4b7f-84b0-501ab3f4d2ce,https://inaturalist-open-data.s3.amazonaws.com/photos/18669221/medium.jpg,3,Birds,data/new_raw/images/fc1ab1d7-255c-4b7f-84b0-501ab3f4d2ce.jpg
acfdbfff-d169-4b62-96a3-9a7c18c736f6,https://static.inaturalist.org/photos/18674131/medium.jpg,9083,Northern Cardinal,data/new_raw/images/acfdbfff-d169-4b62-96a3-9a7c18c736f6.jpg
9243a280-dfd9-43fd-88cb-51ab2a4dc70c,https://inaturalist-open-data.s3.amazonaws.com/photos/18675832/medium.jpg,43111,Eastern Cottontail,data/new_raw/images/9243a280-dfd9-43fd-88cb-51ab2a4dc70c.jpg
85bc3d70-7291-4018-94ce-056ea96f1d47,https://inaturalist-open-data.s3.amazonaws.com/photos/18677613/medium.jpeg,11901,Barn Swallow,data/new_raw/images/85bc3d70-7291-4018-94ce-056ea96f1d47.jpg
d614d602-cbf4-430d-9001-2ea28e1f4f50,https://inaturalist-open-data.s3.amazonaws.com/photos/18678759/medium.jpg,7493,Blue-gray Gnatcatcher,data/new_raw/images/d614d602-cbf4-430d-9001-2ea28e1f4f50.jpg
26d3aebf-15bb-44e9-b5ca-a0c189e852a1,https://static.inaturalist.org/photos/18680260/medium.jpg,4981,Black-crowned Night Heron,data/new_raw/images/26d3aebf-15bb-44e9-b5ca-a0c189e852a1.jpg
8eb2baf0-b3c1-4eeb-89c6-9022b8e0e707,https://inaturalist-open-data.s3.amazonaws.com/photos/18691258/medium.jpg,4981,Black-crowned Night Heron,data/new_raw/images/8eb2baf0-b3c1-4eeb-89c6-9022b8e0e707.jpg
de5e5a95-a03d-4739-a425-b7da83bc0ed2,https://static.inaturalist.org/photos/18697994/medium.jpg,43111,Eastern Cottontail,data/new_raw/images/de5e5a95-a03d-4739-a425-b7da83bc0ed2.jpg
ba504083-664b-4e0b-86a4-3940f1d99e89,https://inaturalist-open-data.s3.amazonaws.com/photos/18704586/medium.jpeg,4981,Black-crowned Night Heron,data/new_raw/images/ba504083-664b-4e0b-86a4-3940f1d99e89.jpg
d797f07e-9448-462f-bc1f-7bd902ccecd8,https://inaturalist-open-data.s3.amazonaws.com/photos/18730529/medium.jpg,11858,Cliff Swallow,data/new_raw/images/d797f07e-9448-462f-bc1f-7bd902ccecd8.jpg
3dbdb217-6cbf-4e3d-9653-4391cc6ec895,https://inaturalist-open-data.s3.amazonaws.com/photos/554248675/medium.jpg,9981,Savannah Sparrow,data/new_raw/images/3dbdb217-6cbf-4e3d-9653-4391cc6ec895.jpg
93e6fbbf-e63f-4e55-a3c3-c4cbcb4375f1,https://inaturalist-open-data.s3.amazonaws.com/photos/18745669/medium.jpeg,9100,Song Sparrow,data/new_raw/images/93e6fbbf-e63f-4e55-a3c3-c4cbcb4375f1.jpg
bf074d93-4541-4375-ab1c-6fb629d2d754,https://inaturalist-open-data.s3.amazonaws.com/photos/18744523/medium.jpeg,16782,Eastern Kingbird,data/new_raw/images/bf074d93-4541-4375-ab1c-6fb629d2d754.jpg
ba6a2976-202f-4e75-bcda-1e9cb99c1a2e,https://inaturalist-open-data.s3.amazonaws.com/photos/18745134/medium.jpeg,1578489,American Herring Gull,data/new_raw/images/ba6a2976-202f-4e75-bcda-1e9cb99c1a2e.jpg
fd528438-470d-4c41-b031-ce0b140fd6f6,https://inaturalist-open-data.s3.amazonaws.com/photos/18745243/medium.jpeg,72458,Spotted Sandpiper,data/new_raw/images/fd528438-470d-4c41-b031-ce0b140fd6f6.jpg
cf4525e7-467e-47d0-b410-7b0befb60fe4,https://inaturalist-open-data.s3.amazonaws.com/photos/18745467/medium.jpeg,16100,Eastern Wood-Pewee,data/new_raw/images/cf4525e7-467e-47d0-b410-7b0befb60fe4.jpg
8642fbe5-d95e-435d-8809-46f92634650f,https://static.inaturalist.org/photos/18754596/medium.jpg,4981,Black-crowned Night Heron,data/new_raw/images/8642fbe5-d95e-435d-8809-46f92634650f.jpg
fbfc36d7-c9ed-4257-86af-12fe24d9d857,https://static.inaturalist.org/photos/18761384/medium.jpg,10431,Connecticut Warbler,data/new_raw/images/fbfc36d7-c9ed-4257-86af-12fe24d9d857.jpg
fcf4ac6a-d9de-493c-92d9-a90dad484331,https://static.inaturalist.org/photos/18761410/medium.jpg,7428,Cedar Waxwing,data/new_raw/images/fcf4ac6a-d9de-493c-92d9-a90dad484331.jpg
a22db2e0-456f-49f5-a07b-65ce05d38f97,https://static.inaturalist.org/photos/18761427/medium.jpg,73553,Blue-winged Warbler,data/new_raw/images/a22db2e0-456f-49f5-a07b-65ce05d38f97.jpg
b6e560f3-6e66-41a3-9824-d68ce12e6506,https://static.inaturalist.org/photos/18761522/medium.jpg,1960,Black-billed Cuckoo,data/new_raw/images/b6e560f3-6e66-41a3-9824-d68ce12e6506.jpg
5e3fc588-7d60-4233-a6b8-2a71c59ecef1,https://inaturalist-open-data.s3.amazonaws.com/photos/18761420/medium.jpeg,11970,Northern Rough-winged Swallow,data/new_raw/images/5e3fc588-7d60-4233-a6b8-2a71c59ecef1.jpg
29f3bc59-ec3b-4d41-83f0-c047d5baf5e3,https://inaturalist-open-data.s3.amazonaws.com/photos/18761426/medium.jpeg,2548,Belted Kingfisher,data/new_raw/images/29f3bc59-ec3b-4d41-83f0-c047d5baf5e3.jpg
50a63372-1e9b-4d56-9c6e-7a997b2a3941,https://static.inaturalist.org/photos/18761593/medium.jpg,367715,King Rail,data/new_raw/images/50a63372-1e9b-4d56-9c6e-7a997b2a3941.jpg
83c4f52a-59d8-487f-a593-7b30a6969b76,https://static.inaturalist.org/photos/18761954/medium.jpg,9981,Savannah Sparrow,data/new_raw/images/83c4f52a-59d8-487f-a593-7b30a6969b76.jpg
8fd18982-a96f-4687-abac-1aba6ebc4f8a,https://static.inaturalist.org/photos/18762213/medium.jpg,9535,Western Meadowlark,data/new_raw/images/8fd18982-a96f-4687-abac-1aba6ebc4f8a.jpg
144b95a7-9ca4-49bb-88f6-9eb658df0120,https://static.inaturalist.org/photos/18762325/medium.jpg,9744,Red-winged Blackbird,data/new_raw/images/144b95a7-9ca4-49bb-88f6-9eb658df0120.jpg
f6229de5-5ac9-4441-9918-6eb052f31d55,https://static.inaturalist.org/photos/18762338/medium.jpg,19577,Common Nighthawk,data/new_raw/images/f6229de5-5ac9-4441-9918-6eb052f31d55.jpg
83647c8d-55f0-457b-afe7-606b3edcd4ae,https://static.inaturalist.org/photos/18762356/medium.jpg,9921,Scarlet Tanager,data/new_raw/images/83647c8d-55f0-457b-afe7-606b3edcd4ae.jpg
300af6ad-1333-45f6-8764-28ed6bf349bd,https://static.inaturalist.org/photos/18762412/medium.jpg,3901,Whimbrel,data/new_raw/images/300af6ad-1333-45f6-8764-28ed6bf349bd.jpg
5dd40e1e-a444-4293-b438-bc00ddf05e8b,https://static.inaturalist.org/photos/18762437/medium.jpg,145224,Mourning Warbler,data/new_raw/images/5dd40e1e-a444-4293-b438-bc00ddf05e8b.jpg
f096c14f-7b8c-4a0d-ac8a-8d52c56fd89f,https://static.inaturalist.org/photos/18762457/medium.jpg,144514,Laughing Gull,data/new_raw/images/f096c14f-7b8c-4a0d-ac8a-8d52c56fd89f.jpg
2cc3e0e4-e29f-4b4b-adf9-21f8cf610367,https://static.inaturalist.org/photos/18762529/medium.jpg,145237,Blackburnian Warbler,data/new_raw/images/2cc3e0e4-e29f-4b4b-adf9-21f8cf610367.jpg
30e02d76-51d9-454d-b9af-81b51057bfd0,https://static.inaturalist.org/photos/18762662/medium.jpg,4892,Black-bellied Plover,data/new_raw/images/30e02d76-51d9-454d-b9af-81b51057bfd0.jpg
b3dc3525-e2cf-4098-99d4-6346d6e74f3b,https://static.inaturalist.org/photos/18762857/medium.jpg,4364,Ring-billed Gull,data/new_raw/images/b3dc3525-e2cf-4098-99d4-6346d6e74f3b.jpg
cc40efca-c936-44a6-95b1-20bd4c352bd5,https://static.inaturalist.org/photos/18763361/medium.jpg,18204,Red-headed Woodpecker,data/new_raw/images/cc40efca-c936-44a6-95b1-20bd4c352bd5.jpg
73801243-8716-4d87-9e12-6014c03c55c0,https://static.inaturalist.org/photos/18763398/medium.jpg,4798,Piping Plover,data/new_raw/images/73801243-8716-4d87-9e12-6014c03c55c0.jpg
08676179-0426-452f-917a-ad634fcf284e,https://static.inaturalist.org/photos/18763470/medium.jpg,4817,Semipalmated Plover,data/new_raw/images/08676179-0426-452f-917a-ad634fcf284e.jpg
3a99f38f-6582-4558-8b68-c1609b8e7c14,https://static.inaturalist.org/photos/18763493/medium.jpg,16100,Eastern Wood-Pewee,data/new_raw/images/3a99f38f-6582-4558-8b68-c1609b8e7c14.jpg
09c144e8-f5c5-4cfb-84ce-8cf5435f808f,https://static.inaturalist.org/photos/18763545/medium.jpg,10487,Bobolink,data/new_raw/images/09c144e8-f5c5-4cfb-84ce-8cf5435f808f.jpg
a23154bb-d27a-4aa7-ba6c-8ea10acf2a90,https://static.inaturalist.org/photos/18764417/medium.jpg,7601,Marsh Wren,data/new_raw/images/a23154bb-d27a-4aa7-ba6c-8ea10acf2a90.jpg
9c46209c-b2db-4b8a-af33-080ff1f1d5d1,https://static.inaturalist.org/photos/18764567/medium.jpg,3849,Sanderling,data/new_raw/images/9c46209c-b2db-4b8a-af33-080ff1f1d5d1.jpg
bd955c70-9ecf-4325-87af-4e6c15dfa038,https://static.inaturalist.org/photos/18764614/medium.jpg,12901,Veery,data/new_raw/images/bd955c70-9ecf-4325-87af-4e6c15dfa038.jpg
05ed2b94-391a-4bb9-842a-eff8a5027225,https://static.inaturalist.org/photos/18764703/medium.jpg,199916,Black-throated Blue Warbler,data/new_raw/images/05ed2b94-391a-4bb9-842a-eff8a5027225.jpg
6181b3b9-d423-4e4b-b57f-ddf7dbcf5cb1,https://static.inaturalist.org/photos/18764950/medium.jpg,437602,LeConte's Sparrow,data/new_raw/images/6181b3b9-d423-4e4b-b57f-ddf7dbcf5cb1.jpg
96de6d26-facb-4500-92b3-b4f6bdaa45c2,https://static.inaturalist.org/photos/18764969/medium.jpg,5020,Green Heron,data/new_raw/images/96de6d26-facb-4500-92b3-b4f6bdaa45c2.jpg
9bcb519b-f88b-4d12-8f26-8a95da8dcfa7,https://inaturalist-open-data.s3.amazonaws.com/photos/18766235/medium.jpeg,1965,Yellow-billed Cuckoo,data/new_raw/images/9bcb519b-f88b-4d12-8f26-8a95da8dcfa7.jpg
c209af09-5a57-4139-a068-c7c2bfc8100d,https://static.inaturalist.org/photos/18782226/medium.jpg,10243,Yellow-breasted Chat,data/new_raw/images/c209af09-5a57-4139-a068-c7c2bfc8100d.jpg
061ab1ad-557a-4b0e-8cb0-3f62839d0a30,https://static.inaturalist.org/photos/18782252/medium.jpg,145240,Blackpoll Warbler,data/new_raw/images/061ab1ad-557a-4b0e-8cb0-3f62839d0a30.jpg
7125df2e-e82b-4370-b8f5-926757e44de6,https://static.inaturalist.org/photos/18782336/medium.jpg,10470,Yellow-headed Blackbird,data/new_raw/images/7125df2e-e82b-4370-b8f5-926757e44de6.jpg
04dcd09e-c262-427a-bd6a-c7f25bdbc7a3,https://static.inaturalist.org/photos/18782382/medium.jpg,9807,Golden-winged Warbler,data/new_raw/images/04dcd09e-c262-427a-bd6a-c7f25bdbc7a3.jpg
7df45080-1dba-4428-a1cd-0265b8be9c69,https://static.inaturalist.org/photos/18782772/medium.jpg,17408,White-eyed Vireo,data/new_raw/images/7df45080-1dba-4428-a1cd-0265b8be9c69.jpg
3560d0af-c13b-47c4-b04d-69b55555b3c3,https://static.inaturalist.org/photos/18782818/medium.jpg,73553,Blue-winged Warbler,data/new_raw/images/3560d0af-c13b-47c4-b04d-69b55555b3c3.jpg
743f1c59-3b6d-401b-8430-7c7979a32477,https://static.inaturalist.org/photos/18782894/medium.jpg,40522,Eastern Red Bat,data/new_raw/images/743f1c59-3b6d-401b-8430-7c7979a32477.jpg
c4f69e99-6b30-462a-9b38-f2b122f012d9,https://static.inaturalist.org/photos/18782951/medium.jpg,3864,Least Sandpiper,data/new_raw/images/c4f69e99-6b30-462a-9b38-f2b122f012d9.jpg
095079a3-b60d-47b0-9048-6240fe33e3be,https://static.inaturalist.org/photos/18783084/medium.jpg,6893,Black-bellied Whistling-Duck,data/new_raw/images/095079a3-b60d-47b0-9048-6240fe33e3be.jpg
59a08c82-b924-47b3-a18a-4453197e7466,https://static.inaturalist.org/photos/18783156/medium.jpg,7601,Marsh Wren,data/new_raw/images/59a08c82-b924-47b3-a18a-4453197e7466.jpg
bf074b68-c245-4cc1-8cda-2d52333f820e,https://static.inaturalist.org/photos/18783230/medium.jpg,16602,Least Flycatcher,data/new_raw/images/bf074b68-c245-4cc1-8cda-2d52333f820e.jpg
fe86754c-5a2c-48cf-9f9d-74dd828140ab,https://static.inaturalist.org/photos/18783264/medium.jpg,4793,Killdeer,data/new_raw/images/fe86754c-5a2c-48cf-9f9d-74dd828140ab.jpg
90ee5943-9011-4f4a-b194-f026c0bb0159,https://static.inaturalist.org/photos/18783284/medium.jpg,10271,Rose-breasted Grosbeak,data/new_raw/images/90ee5943-9011-4f4a-b194-f026c0bb0159.jpg
8d0cd58d-5a9a-4dec-a221-de82f07db2ce,https://static.inaturalist.org/photos/18783328/medium.jpg,3865,Pectoral Sandpiper,data/new_raw/images/8d0cd58d-5a9a-4dec-a221-de82f07db2ce.jpg
65f7b4ce-178d-4efc-9d22-564c8fddec58,https://static.inaturalist.org/photos/18783370/medium.jpg,10139,Grasshopper Sparrow,data/new_raw/images/65f7b4ce-178d-4efc-9d22-564c8fddec58.jpg
38fd550d-4fda-4c7c-add3-86c2c306433e,https://static.inaturalist.org/photos/18783401/medium.jpg,14886,Northern Mockingbird,data/new_raw/images/38fd550d-4fda-4c7c-add3-86c2c306433e.jpg
9f35786a-1879-47fe-aba5-632e4e218126,https://static.inaturalist.org/photos/18783635/medium.jpg,4793,Killdeer,data/new_raw/images/9f35786a-1879-47fe-aba5-632e4e218126.jpg
93f34e13-e1c6-40a5-8340-56a66f2dd628,https://static.inaturalist.org/photos/18783765/medium.jpg,11941,Bank Swallow,data/new_raw/images/93f34e13-e1c6-40a5-8340-56a66f2dd628.jpg
868b7037-1b19-4e67-8595-442870f7941b,https://static.inaturalist.org/photos/18783842/medium.jpg,10479,Lark Sparrow,data/new_raw/images/868b7037-1b19-4e67-8595-442870f7941b.jpg
34e22828-65f4-4529-a417-21af0a081588,https://static.inaturalist.org/photos/18783869/medium.jpg,13270,Wood Thrush,data/new_raw/images/34e22828-65f4-4529-a417-21af0a081588.jpg
ddeb40a7-bf09-4262-8522-097d8a49e6d1,https://static.inaturalist.org/photos/18784006/medium.jpg,9148,Clay-colored Sparrow,data/new_raw/images/ddeb40a7-bf09-4262-8522-097d8a49e6d1.jpg
368a5b5a-c2ac-474c-bfd5-2d126a9a7add,https://static.inaturalist.org/photos/18784021/medium.jpg,14995,Gray Catbird,data/new_raw/images/368a5b5a-c2ac-474c-bfd5-2d126a9a7add.jpg
8bfccfee-fa92-4f0b-86b3-db96b733d992,https://static.inaturalist.org/photos/18784057/medium.jpg,199837,Eastern Whip-poor-will,data/new_raw/images/8bfccfee-fa92-4f0b-86b3-db96b733d992.jpg
fe7c873d-0d6d-4288-9f7c-9088776cb702,https://static.inaturalist.org/photos/18784131/medium.jpg,4893,American Golden-Plover,data/new_raw/images/fe7c873d-0d6d-4288-9f7c-9088776cb702.jpg
30935363-f3bc-4349-ac24-953a983cc318,https://static.inaturalist.org/photos/18784200/medium.jpg,145232,Cerulean Warbler,data/new_raw/images/30935363-f3bc-4349-ac24-953a983cc318.jpg
a065854b-9f93-4b52-9da9-818cd77df486,https://static.inaturalist.org/photos/18784236/medium.jpg,9325,Orchard Oriole,data/new_raw/images/a065854b-9f93-4b52-9da9-818cd77df486.jpg
8cfebe13-edf1-47e3-996a-9b92a158422d,https://static.inaturalist.org/photos/18784258/medium.jpg,145237,Blackburnian Warbler,data/new_raw/images/8cfebe13-edf1-47e3-996a-9b92a158422d.jpg
be8c20d6-45c2-4e74-9994-a0a216ae0c15,https://static.inaturalist.org/photos/18784298/medium.jpg,979753,Nashville Warbler,data/new_raw/images/be8c20d6-45c2-4e74-9994-a0a216ae0c15.jpg
c80e0d68-a193-4f4d-b43b-cfa2ec84491b,https://static.inaturalist.org/photos/18784334/medium.jpg,145233,Northern Parula,data/new_raw/images/c80e0d68-a193-4f4d-b43b-cfa2ec84491b.jpg
96371f00-07a7-4ff6-b207-bb6a41cbbc6b,https://static.inaturalist.org/photos/18784385/medium.jpg,16782,Eastern Kingbird,data/new_raw/images/96371f00-07a7-4ff6-b207-bb6a41cbbc6b.jpg
9ad56699-68c1-40c3-ba0e-d9a0584a14b9,https://static.inaturalist.org/photos/18784410/medium.jpg,145258,Black-throated Green Warbler,data/new_raw/images/9ad56699-68c1-40c3-ba0e-d9a0584a14b9.jpg
fdd499c6-8744-44db-8ded-23e86f108e39,https://static.inaturalist.org/photos/18784429/medium.jpg,979756,Tennessee Warbler,data/new_raw/images/fdd499c6-8744-44db-8ded-23e86f108e39.jpg
3a164420-460f-4197-a8ca-4ae81c439eea,https://static.inaturalist.org/photos/18784467/medium.jpg,73149,Northern Waterthrush,data/new_raw/images/3a164420-460f-4197-a8ca-4ae81c439eea.jpg
ab022a08-590e-4aa4-87a3-90a10dae4f13,https://static.inaturalist.org/photos/18784483/medium.jpg,891704,Red-eyed Vireo,data/new_raw/images/ab022a08-590e-4aa4-87a3-90a10dae4f13.jpg
c2b8ec7b-751c-455a-929a-daf0e5cbd223,https://static.inaturalist.org/photos/18784510/medium.jpg,10729,Prothonotary Warbler,data/new_raw/images/c2b8ec7b-751c-455a-929a-daf0e5cbd223.jpg
32844012-339e-4044-99ba-500bf2b93b29,https://static.inaturalist.org/photos/18784613/medium.jpg,9092,Lincoln's Sparrow,data/new_raw/images/32844012-339e-4044-99ba-500bf2b93b29.jpg
fa91bd61-57b2-4892-ab30-009feeb673a6,https://static.inaturalist.org/photos/18784643/medium.jpg,10286,Black-and-white Warbler,data/new_raw/images/fa91bd61-57b2-4892-ab30-009feeb673a6.jpg
1a6265fd-45d1-4b9c-a231-5b6d873e23d4,https://static.inaturalist.org/photos/18784677/medium.jpg,145242,Palm Warbler,data/new_raw/images/1a6265fd-45d1-4b9c-a231-5b6d873e23d4.jpg
4d9bf49f-80f9-4841-89e0-f0f4f0e10ad0,https://static.inaturalist.org/photos/18784707/medium.jpg,12727,American Robin,data/new_raw/images/4d9bf49f-80f9-4841-89e0-f0f4f0e10ad0.jpg
e55c7993-d2a1-4cf4-a622-b99d586fd163,https://static.inaturalist.org/photos/18784745/medium.jpg,46017,Eastern Gray Squirrel,data/new_raw/images/e55c7993-d2a1-4cf4-a622-b99d586fd163.jpg
aff024e6-ab3c-441a-8be5-4b6f9bab4b09,https://static.inaturalist.org/photos/18784775/medium.jpg,13732,American Pipit,data/new_raw/images/aff024e6-ab3c-441a-8be5-4b6f9bab4b09.jpg
ba06af52-e817-4204-98c2-6e1da87e43a6,https://static.inaturalist.org/photos/18784794/medium.jpg,3851,Baird's Sandpiper,data/new_raw/images/ba06af52-e817-4204-98c2-6e1da87e43a6.jpg
97a2aaff-7a4b-4bb2-8999-c9e644e20aa7,https://static.inaturalist.org/photos/18784813/medium.jpg,3857,Dunlin,data/new_raw/images/97a2aaff-7a4b-4bb2-8999-c9e644e20aa7.jpg
d8ded65e-6e67-4b96-a59a-8aa7c6cdf9d6,https://static.inaturalist.org/photos/18784918/medium.jpg,1578489,American Herring Gull,data/new_raw/images/d8ded65e-6e67-4b96-a59a-8aa7c6cdf9d6.jpg
9385e6dd-0520-42a9-8a8f-d9cf15f63ecd,https://static.inaturalist.org/photos/18784982/medium.jpg,9981,Savannah Sparrow,data/new_raw/images/9385e6dd-0520-42a9-8a8f-d9cf15f63ecd.jpg
55a9e4a1-e0f3-4d3e-b6fa-7b61aae3e975,https://static.inaturalist.org/photos/18785098/medium.jpg,144491,Willet,data/new_raw/images/55a9e4a1-e0f3-4d3e-b6fa-7b61aae3e975.jpg
cfc1a64e-8e47-43af-b339-bc8c0ebcb6a7,https://static.inaturalist.org/photos/18785122/medium.jpg,144491,Willet,data/new_raw/images/cfc1a64e-8e47-43af-b339-bc8c0ebcb6a7.jpg
b47f37a6-9f32-4ec1-b8e5-7e02f080dbc4,https://static.inaturalist.org/photos/18785144/medium.jpg,9602,Common Grackle,data/new_raw/images/b47f37a6-9f32-4ec1-b8e5-7e02f080dbc4.jpg
6cac0a0d-2eb5-431d-b1e1-623566aa4ac0,https://static.inaturalist.org/photos/18785193/medium.jpg,11970,Northern Rough-winged Swallow,data/new_raw/images/6cac0a0d-2eb5-431d-b1e1-623566aa4ac0.jpg
7a91fd9c-c7fc-42b0-bca0-bb9d0b60bafe,https://static.inaturalist.org/photos/18785642/medium.jpg,6930,Mallard,data/new_raw/images/7a91fd9c-c7fc-42b0-bca0-bb9d0b60bafe.jpg
045ab68e-d047-4fca-952e-272cbb9aaece,https://static.inaturalist.org/photos/18785693/medium.jpg,906,Wild Turkey,data/new_raw/images/045ab68e-d047-4fca-952e-272cbb9aaece.jpg
f09981be-acfa-4c8d-853a-1c4dc1e288b9,https://static.inaturalist.org/photos/18785740/medium.jpg,792988,Downy Woodpecker,data/new_raw/images/f09981be-acfa-4c8d-853a-1c4dc1e288b9.jpg
87ca5485-a558-4806-a80c-856a935f57fa,https://static.inaturalist.org/photos/18785779/medium.jpg,144883,Winter Wren,data/new_raw/images/87ca5485-a558-4806-a80c-856a935f57fa.jpg
9897c6a7-68d0-4cb2-9a83-5e8bb2cd7cb2,https://static.inaturalist.org/photos/18785791/medium.jpg,2548,Belted Kingfisher,data/new_raw/images/9897c6a7-68d0-4cb2-9a83-5e8bb2cd7cb2.jpg
1b3b4a57-7a96-4262-9c95-e7d07b2ce097,https://static.inaturalist.org/photos/18786913/medium.jpg,12890,Hermit Thrush,data/new_raw/images/1b3b4a57-7a96-4262-9c95-e7d07b2ce097.jpg
8d27c332-0317-4507-ab33-88598017bf99,https://static.inaturalist.org/photos/18788513/medium.jpg,72458,Spotted Sandpiper,data/new_raw/images/8d27c332-0317-4507-ab33-88598017bf99.jpg
9205ceaa-483d-498f-8406-0aecfe650366,https://static.inaturalist.org/photos/18790973/medium.jpg,9152,Field Sparrow,data/new_raw/images/9205ceaa-483d-498f-8406-0aecfe650366.jpg
a2ed623e-e335-4923-83e8-ee6a4ddfce99,https://static.inaturalist.org/photos/18791009/medium.jpg,144883,Winter Wren,data/new_raw/images/a2ed623e-e335-4923-83e8-ee6a4ddfce99.jpg
dbd098f1-2ba9-4f4a-8264-a29cd984cb35,https://static.inaturalist.org/photos/18791042/medium.jpg,9424,Eastern Towhee,data/new_raw/images/dbd098f1-2ba9-4f4a-8264-a29cd984cb35.jpg
1521e946-4859-4156-8a73-01d62cb70f25,https://static.inaturalist.org/photos/18791081/medium.jpg,14898,Brown Thrasher,data/new_raw/images/1521e946-4859-4156-8a73-01d62cb70f25.jpg
6165763e-4c59-47cf-ba23-60ece4702428,https://static.inaturalist.org/photos/18791159/medium.jpg,6996,Red-breasted Merganser,data/new_raw/images/6165763e-4c59-47cf-ba23-60ece4702428.jpg
905676e3-0dd3-48f0-b96d-e847f880ab64,https://static.inaturalist.org/photos/18791181/medium.jpg,5034,American Bittern,data/new_raw/images/905676e3-0dd3-48f0-b96d-e847f880ab64.jpg
4ecdb812-2c85-43ca-984f-dcbc6ec92c06,https://static.inaturalist.org/photos/18791199/medium.jpg,10322,Rusty Blackbird,data/new_raw/images/4ecdb812-2c85-43ca-984f-dcbc6ec92c06.jpg
d2662bd2-6041-45a5-81cb-447bcd25ccb4,https://static.inaturalist.org/photos/18791227/medium.jpg,46017,Eastern Gray Squirrel,data/new_raw/images/d2662bd2-6041-45a5-81cb-447bcd25ccb4.jpg
ca6a9cb7-16c6-44ce-8959-9bfd9be35048,https://static.inaturalist.org/photos/18791301/medium.jpg,4981,Black-crowned Night Heron,data/new_raw/images/ca6a9cb7-16c6-44ce-8959-9bfd9be35048.jpg
2858fd1d-8432-4871-a972-c61df3814cd5,https://static.inaturalist.org/photos/18791355/medium.jpg,4364,Ring-billed Gull,data/new_raw/images/2858fd1d-8432-4871-a972-c61df3814cd5.jpg
9f06336c-cba2-475c-aafe-73cd4586ed63,https://inaturalist-open-data.s3.amazonaws.com/photos/18792891/medium.jpg,367715,King Rail,data/new_raw/images/9f06336c-cba2-475c-aafe-73cd4586ed63.jpg
72dd098b-6565-4c89-870a-1d1499499e42,https://inaturalist-open-data.s3.amazonaws.com/photos/18792900/medium.jpg,3849,Sanderling,data/new_raw/images/72dd098b-6565-4c89-870a-1d1499499e42.jpg
8fddf383-fa3e-461a-817d-176acfa53e71,https://inaturalist-open-data.s3.amazonaws.com/photos/18792908/medium.jpg,4999,Yellow-crowned Night Heron,data/new_raw/images/8fddf383-fa3e-461a-817d-176acfa53e71.jpg
b55ac94c-966c-47a4-8a2f-5ec5e3f78c1a,https://static.inaturalist.org/photos/18793153/medium.jpg,9096,Swamp Sparrow,data/new_raw/images/b55ac94c-966c-47a4-8a2f-5ec5e3f78c1a.jpg
9a3882d7-8e90-4f56-98f2-06425ab42008,https://static.inaturalist.org/photos/18793358/medium.jpg,14801,White-breasted Nuthatch,data/new_raw/images/9a3882d7-8e90-4f56-98f2-06425ab42008.jpg
8c9b763d-c559-492a-aa2c-8ab4848d625a,https://static.inaturalist.org/photos/18793402/medium.jpg,7458,Brown Creeper,data/new_raw/images/8c9b763d-c559-492a-aa2c-8ab4848d625a.jpg
230d0b66-bc54-486e-aeb3-a045bb0fe9cb,https://static.inaturalist.org/photos/18798251/medium.jpg,5212,Red-tailed Hawk,data/new_raw/images/230d0b66-bc54-486e-aeb3-a045bb0fe9cb.jpg
4f376aad-8ecc-4e4e-a240-08f5a569a396,https://static.inaturalist.org/photos/18798305/medium.jpg,12890,Hermit Thrush,data/new_raw/images/4f376aad-8ecc-4e4e-a240-08f5a569a396.jpg
208415c0-fd92-4b04-9cca-5e2b545c3153,https://static.inaturalist.org/photos/18798347/medium.jpg,18463,Yellow-bellied Sapsucker,data/new_raw/images/208415c0-fd92-4b04-9cca-5e2b545c3153.jpg
9c45ab05-1337-4cdd-9270-d997e308e5e3,https://static.inaturalist.org/photos/18799237/medium.jpg,17008,Eastern Phoebe,data/new_raw/images/9c45ab05-1337-4cdd-9270-d997e308e5e3.jpg
887d1aa7-8370-460b-a766-a912a710f776,https://static.inaturalist.org/photos/18799410/medium.jpg,117100,Golden-crowned Kinglet,data/new_raw/images/887d1aa7-8370-460b-a766-a912a710f776.jpg
b911eaf4-9e69-45aa-b1d1-6b114ae72ee9,https://static.inaturalist.org/photos/18799444/medium.jpg,9424,Eastern Towhee,data/new_raw/images/b911eaf4-9e69-45aa-b1d1-6b114ae72ee9.jpg
8d9c2d42-e93e-4d67-864f-eee1f342e682,https://static.inaturalist.org/photos/18799476/medium.jpg,42051,Coyote,data/new_raw/images/8d9c2d42-e93e-4d67-864f-eee1f342e682.jpg
20815f0f-6d08-4111-8480-e77488ea41f5,https://static.inaturalist.org/photos/18799624/medium.jpg,9602,Common Grackle,data/new_raw/images/20815f0f-6d08-4111-8480-e77488ea41f5.jpg
e6323bb3-4f21-444c-8479-4b19455309ce,https://static.inaturalist.org/photos/18799659/medium.jpg,9744,Red-winged Blackbird,data/new_raw/images/e6323bb3-4f21-444c-8479-4b19455309ce.jpg
2c051c62-6024-4c1f-8903-f99915477ec2,https://static.inaturalist.org/photos/18799743/medium.jpg,9156,Fox Sparrow,data/new_raw/images/2c051c62-6024-4c1f-8903-f99915477ec2.jpg
356b4b83-efee-46af-9b19-3398b3bbe46c,https://static.inaturalist.org/photos/18799776/medium.jpg,144594,Snowy Owl,data/new_raw/images/356b4b83-efee-46af-9b19-3398b3bbe46c.jpg
e3392c3b-3674-44fb-81ba-d7cefe4d2073,https://static.inaturalist.org/photos/18799811/medium.jpg,11935,Tree Swallow,data/new_raw/images/e3392c3b-3674-44fb-81ba-d7cefe4d2073.jpg
2c0bcac4-00e8-479c-b310-3fba99e180bb,https://static.inaturalist.org/photos/18799856/medium.jpg,9981,Savannah Sparrow,data/new_raw/images/2c0bcac4-00e8-479c-b310-3fba99e180bb.jpg
e2f7ead8-e69a-4ff6-a231-16670b03181b,https://static.inaturalist.org/photos/18802134/medium.jpg,145245,Yellow-rumped Warbler,data/new_raw/images/e2f7ead8-e69a-4ff6-a231-16670b03181b.jpg
7cd6319d-a534-4dc6-87a0-509ca57aee43,https://static.inaturalist.org/photos/18804194/medium.jpg,7089,Canada Goose,data/new_raw/images/7cd6319d-a534-4dc6-87a0-509ca57aee43.jpg
a373e6be-cdbe-437d-b85d-4707ba41bd2b,https://static.inaturalist.org/photos/18804369/medium.jpg,20044,Great Horned Owl,data/new_raw/images/a373e6be-cdbe-437d-b85d-4707ba41bd2b.jpg
c3b47394-2570-43d8-bfd6-c959c210b61d,https://static.inaturalist.org/photos/18804886/medium.jpg,4793,Killdeer,data/new_raw/images/c3b47394-2570-43d8-bfd6-c959c210b61d.jpg
627a85ab-3a97-4452-bf3f-d1c069347853,https://static.inaturalist.org/photos/18805393/medium.jpg,6996,Red-breasted Merganser,data/new_raw/images/627a85ab-3a97-4452-bf3f-d1c069347853.jpg
d389caa5-2fee-4d03-b566-9bbe00c86a73,https://static.inaturalist.org/photos/18805426/medium.jpg,7109,Hooded Merganser,data/new_raw/images/d389caa5-2fee-4d03-b566-9bbe00c86a73.jpg
7576cec1-5308-4733-a88f-88b759ebe758,https://static.inaturalist.org/photos/18805474/medium.jpg,59220,Cackling Goose,data/new_raw/images/7576cec1-5308-4733-a88f-88b759ebe758.jpg
d918175b-a0e1-4b05-9a0a-378d13700980,https://static.inaturalist.org/photos/18805548/medium.jpg,14850,European Starling,data/new_raw/images/d918175b-a0e1-4b05-9a0a-378d13700980.jpg
8640455d-c7dd-4c91-b02b-8774184c2c23,https://static.inaturalist.org/photos/18806963/medium.jpg,4246,Pied-billed Grebe,data/new_raw/images/8640455d-c7dd-4c91-b02b-8774184c2c23.jpg
a05206ed-04d5-4aa5-8d35-7acceac1a132,https://static.inaturalist.org/photos/18806987/medium.jpg,5212,Red-tailed Hawk,data/new_raw/images/a05206ed-04d5-4aa5-8d35-7acceac1a132.jpg
669f21b6-ff97-47e8-8ae8-403ea1b5c882,https://static.inaturalist.org/photos/18807906/medium.jpg,9083,Northern Cardinal,data/new_raw/images/669f21b6-ff97-47e8-8ae8-403ea1b5c882.jpg
2faf5d7d-c830-4e39-aa0a-9d12688b0af1,https://static.inaturalist.org/photos/18807942/medium.jpg,9744,Red-winged Blackbird,data/new_raw/images/2faf5d7d-c830-4e39-aa0a-9d12688b0af1.jpg
44a11a55-419d-4eb4-8e04-809c99614170,https://static.inaturalist.org/photos/18807975/medium.jpg,12727,American Robin,data/new_raw/images/44a11a55-419d-4eb4-8e04-809c99614170.jpg
a3185b7a-dab3-4a5f-a676-2e5ecc3549f3,https://static.inaturalist.org/photos/18808288/medium.jpg,1578489,American Herring Gull,data/new_raw/images/a3185b7a-dab3-4a5f-a676-2e5ecc3549f3.jpg
fd61b66f-bac6-4842-81e8-3f2512e4dc3f,https://static.inaturalist.org/photos/18808388/medium.jpg,7054,Lesser Scaup,data/new_raw/images/fd61b66f-bac6-4842-81e8-3f2512e4dc3f.jpg
aa2de5ac-d842-4f0b-ab5c-bed7775d6730,https://static.inaturalist.org/photos/18808450/medium.jpg,558439,Gadwall,data/new_raw/images/aa2de5ac-d842-4f0b-ab5c-bed7775d6730.jpg
5f106ae3-6bf7-4bb5-bd0d-68b900b725de,https://static.inaturalist.org/photos/18808462/medium.jpg,6921,Mute Swan,data/new_raw/images/5f106ae3-6bf7-4bb5-bd0d-68b900b725de.jpg
c63a52dd-bdbf-4a2d-bd0b-944fd624e80f,https://static.inaturalist.org/photos/18808498/medium.jpg,5305,Bald Eagle,data/new_raw/images/c63a52dd-bdbf-4a2d-bd0b-944fd624e80f.jpg
12bc14ec-e9a4-4e71-922e-6cd85f1dee49,https://static.inaturalist.org/photos/18808839/medium.jpg,19349,Monk Parakeet,data/new_raw/images/12bc14ec-e9a4-4e71-922e-6cd85f1dee49.jpg
718514c5-02aa-4bdf-a72d-a12732947ac4,https://static.inaturalist.org/photos/18808900/medium.jpg,5200,Rough-legged Hawk,data/new_raw/images/718514c5-02aa-4bdf-a72d-a12732947ac4.jpg
9a0444ed-02e0-49dc-9bfa-b287b6b7b6bf,https://static.inaturalist.org/photos/18808937/medium.jpg,4361,Iceland Gull,data/new_raw/images/9a0444ed-02e0-49dc-9bfa-b287b6b7b6bf.jpg
1d6839ca-37ee-4fcf-8349-c45421d252f0,https://static.inaturalist.org/photos/18809225/medium.jpg,144222,White-winged Scoter,data/new_raw/images/1d6839ca-37ee-4fcf-8349-c45421d252f0.jpg
d43eca88-b0a1-4a2a-a7a6-89274ad4820a,https://static.inaturalist.org/photos/18809523/medium.jpg,2969,Eurasian Collared-Dove,data/new_raw/images/d43eca88-b0a1-4a2a-a7a6-89274ad4820a.jpg
7ea8b4e0-9606-43f8-b435-aca70a8a5c4d,https://static.inaturalist.org/photos/18809729/medium.jpg,18236,Northern Flicker,data/new_raw/images/7ea8b4e0-9606-43f8-b435-aca70a8a5c4d.jpg
1eb0a00a-1874-4fcc-920d-880ff03adb1f,https://static.inaturalist.org/photos/18809904/medium.jpg,59220,Cackling Goose,data/new_raw/images/1eb0a00a-1874-4fcc-920d-880ff03adb1f.jpg
57daaa86-8df3-43c3-9481-d38d8b587b52,https://static.inaturalist.org/photos/18809971/medium.jpg,558426,Snow Goose,data/new_raw/images/57daaa86-8df3-43c3-9481-d38d8b587b52.jpg
e33d1c13-5a42-43be-a2b5-cddcaae37386,https://static.inaturalist.org/photos/18810231/medium.jpg,4343,Large White-headed Gulls,data/new_raw/images/e33d1c13-5a42-43be-a2b5-cddcaae37386.jpg
64f0d731-dabf-471d-a7e9-f9b444bf5fef,https://static.inaturalist.org/photos/18810328/medium.jpg,558427,Ross's Goose,data/new_raw/images/64f0d731-dabf-471d-a7e9-f9b444bf5fef.jpg
1536ebac-38d2-4fd5-a94e-9a3d57798ada,https://static.inaturalist.org/photos/18810384/medium.jpg,474210,American Tree Sparrow,data/new_raw/images/1536ebac-38d2-4fd5-a94e-9a3d57798ada.jpg
2b3b6cee-4ae1-449c-9107-1a6b7c2c331d,https://static.inaturalist.org/photos/18810479/medium.jpg,6924,American Black Duck,data/new_raw/images/2b3b6cee-4ae1-449c-9107-1a6b7c2c331d.jpg
162fd8a3-cea0-483a-b770-97c0ea21e6a5,https://static.inaturalist.org/photos/18810535/medium.jpg,558438,Northern Shoveler,data/new_raw/images/162fd8a3-cea0-483a-b770-97c0ea21e6a5.jpg
04371e31-d24d-4144-a661-d2cb4a3d74fd,https://static.inaturalist.org/photos/18810566/medium.jpg,7057,Canvasback,data/new_raw/images/04371e31-d24d-4144-a661-d2cb4a3d74fd.jpg
9c71ece9-e78b-4afb-b214-1128a23ceeae,https://static.inaturalist.org/photos/18810601/medium.jpg,473,American Coot,data/new_raw/images/9c71ece9-e78b-4afb-b214-1128a23ceeae.jpg
6c48fa4c-4c7d-4a23-a8f6-1f75e70a9c5a,https://static.inaturalist.org/photos/18810937/medium.jpg,485176,American Wigeon,data/new_raw/images/6c48fa4c-4c7d-4a23-a8f6-1f75e70a9c5a.jpg
8c6bbb9f-dc62-44d5-8287-2aeb6f632acb,https://static.inaturalist.org/photos/18810981/medium.jpg,792988,Downy Woodpecker,data/new_raw/images/8c6bbb9f-dc62-44d5-8287-2aeb6f632acb.jpg
af1abc17-17b2-4c3c-bab0-647d022b0906,https://static.inaturalist.org/photos/18811009/medium.jpg,4368,Great Black-backed Gull,data/new_raw/images/af1abc17-17b2-4c3c-bab0-647d022b0906.jpg
50b6efd5-7095-40a6-a1ab-b84b1d960903,https://static.inaturalist.org/photos/18811031/medium.jpg,9100,Song Sparrow,data/new_raw/images/50b6efd5-7095-40a6-a1ab-b84b1d960903.jpg
44e8c8f0-94aa-446d-b87e-af3420d9c6c1,https://static.inaturalist.org/photos/18811048/medium.jpg,4349,Glaucous Gull,data/new_raw/images/44e8c8f0-94aa-446d-b87e-af3420d9c6c1.jpg
685851c1-2f81-499e-89c5-be9d8dca9593,https://static.inaturalist.org/photos/18811076/medium.jpg,5206,Red-shouldered Hawk,data/new_raw/images/685851c1-2f81-499e-89c5-be9d8dca9593.jpg
f0fce9e4-7ef5-4b44-8fe0-f1185503fdff,https://static.inaturalist.org/photos/18811098/medium.jpg,4665,American Kestrel,data/new_raw/images/f0fce9e4-7ef5-4b44-8fe0-f1185503fdff.jpg
24d595de-bed1-4500-aca0-86af28e55233,https://static.inaturalist.org/photos/18811112/medium.jpg,5212,Red-tailed Hawk,data/new_raw/images/24d595de-bed1-4500-aca0-86af28e55233.jpg
82ec8e99-60d8-4dfe-88d0-acc6f3939c7d,https://inaturalist-open-data.s3.amazonaws.com/photos/18837763/medium.jpeg,46017,Eastern Gray Squirrel,data/new_raw/images/82ec8e99-60d8-4dfe-88d0-acc6f3939c7d.jpg
881566d2-cb10-465d-8d55-6390b7b4a200,https://static.inaturalist.org/photos/18839592/medium.jpg,144594,Snowy Owl,data/new_raw/images/881566d2-cb10-465d-8d55-6390b7b4a200.jpg
74f36817-4721-4fac-8132-73b9848167c8,https://static.inaturalist.org/photos/18840436/medium.jpg,7458,Brown Creeper,data/new_raw/images/74f36817-4721-4fac-8132-73b9848167c8.jpg
6feeab74-052b-4a22-a42f-490254f87594,https://static.inaturalist.org/photos/18840533/medium.jpg,1579017,Cooper's Hawk,data/new_raw/images/6feeab74-052b-4a22-a42f-490254f87594.jpg
ea3b74a3-0b06-4845-bac5-93ade6c71d2e,https://static.inaturalist.org/photos/18840561/medium.jpg,485176,American Wigeon,data/new_raw/images/ea3b74a3-0b06-4845-bac5-93ade6c71d2e.jpg
3c6b63a2-cbb3-4903-a2e5-08d5fc3714bd,https://static.inaturalist.org/photos/18840628/medium.jpg,13732,American Pipit,data/new_raw/images/3c6b63a2-cbb3-4903-a2e5-08d5fc3714bd.jpg
8eba3028-11c8-4d92-ac3c-5561250fe47f,https://static.inaturalist.org/photos/18840700/medium.jpg,116840,Lapland Longspur,data/new_raw/images/8eba3028-11c8-4d92-ac3c-5561250fe47f.jpg
2605349c-fa0d-42fb-918f-eebea11011d9,https://inaturalist-open-data.s3.amazonaws.com/photos/18840687/medium.jpg,42652,Virginia Opossum,data/new_raw/images/2605349c-fa0d-42fb-918f-eebea11011d9.jpg
345d0b3c-7322-4024-827a-6dc7a16d15ca,https://static.inaturalist.org/photos/18840754/medium.jpg,20307,Long-eared Owl,data/new_raw/images/345d0b3c-7322-4024-827a-6dc7a16d15ca.jpg
6bdce111-74cd-4c42-a730-8eba36b69a95,https://static.inaturalist.org/photos/18840890/medium.jpg,20315,Short-eared Owl,data/new_raw/images/6bdce111-74cd-4c42-a730-8eba36b69a95.jpg
7c412b2d-c896-495e-aafc-3244e6206a03,https://static.inaturalist.org/photos/18841126/medium.jpg,117059,Snow Bunting,data/new_raw/images/7c412b2d-c896-495e-aafc-3244e6206a03.jpg
c500d5e2-564d-4e44-8bf6-3d9036505027,https://static.inaturalist.org/photos/18841173/medium.jpg,558512,Northern Shrike,data/new_raw/images/c500d5e2-564d-4e44-8bf6-3d9036505027.jpg
aa120338-7022-41e9-866c-90b6e2bb0910,https://static.inaturalist.org/photos/18841287/medium.jpg,4364,Ring-billed Gull,data/new_raw/images/aa120338-7022-41e9-866c-90b6e2bb0910.jpg
3cf45310-2eef-4774-857d-fece29c87f89,https://static.inaturalist.org/photos/18841494/medium.jpg,4457,Forster's Tern,data/new_raw/images/3cf45310-2eef-4774-857d-fece29c87f89.jpg
feeb2281-dae2-4022-a655-cfaa79f37667,https://static.inaturalist.org/photos/18841546/medium.jpg,144502,Bonaparte's Gull,data/new_raw/images/feeb2281-dae2-4022-a655-cfaa79f37667.jpg
4c9bffe5-a3fa-40a4-bdcd-aecb8c46da84,https://static.inaturalist.org/photos/18841576/medium.jpg,3862,Semipalmated Sandpiper,data/new_raw/images/4c9bffe5-a3fa-40a4-bdcd-aecb8c46da84.jpg
534fe3d9-cec9-462c-bf98-5225970e1213,https://static.inaturalist.org/photos/18841610/medium.jpg,3857,Dunlin,data/new_raw/images/534fe3d9-cec9-462c-bf98-5225970e1213.jpg
24a15cc4-bcc3-4649-aa03-d482dda7dbba,https://static.inaturalist.org/photos/18841645/medium.jpg,3849,Sanderling,data/new_raw/images/24a15cc4-bcc3-4649-aa03-d482dda7dbba.jpg
b2c3376d-a688-4f52-b048-a06f3d5dedd4,https://static.inaturalist.org/photos/18841727/medium.jpg,4817,Semipalmated Plover,data/new_raw/images/b2c3376d-a688-4f52-b048-a06f3d5dedd4.jpg
50fb24af-ed90-44dc-9d22-ab70a665afa3,https://static.inaturalist.org/photos/18842069/medium.jpg,4956,Great Blue Heron,data/new_raw/images/50fb24af-ed90-44dc-9d22-ab70a665afa3.jpg
5b59f026-6a4b-4038-aa2d-53ae1394865a,https://static.inaturalist.org/photos/18851551/medium.jpg,46017,Eastern Gray Squirrel,data/new_raw/images/5b59f026-6a4b-4038-aa2d-53ae1394865a.jpg
a7846b85-224f-4fe8-af31-6e589f818650,https://static.inaturalist.org/photos/18851645/medium.jpg,43111,Eastern Cottontail,data/new_raw/images/a7846b85-224f-4fe8-af31-6e589f818650.jpg
c99ebbdc-6b40-4f1e-a03f-7e8e36839d71,https://inaturalist-open-data.s3.amazonaws.com/photos/18852702/medium.jpg,43111,Eastern Cottontail,data/new_raw/images/c99ebbdc-6b40-4f1e-a03f-7e8e36839d71.jpg
52124b5a-702c-45a9-86ba-4bcd8e043abd,https://static.inaturalist.org/photos/18853138/medium.jpg,3454,Mourning Dove,data/new_raw/images/52124b5a-702c-45a9-86ba-4bcd8e043abd.jpg
93e82c38-7871-4124-b01d-f02a803a3f73,https://static.inaturalist.org/photos/19497891/medium.jpeg,43111,Eastern Cottontail,data/new_raw/images/93e82c38-7871-4124-b01d-f02a803a3f73.jpg
bef8653f-7ff2-402a-aa31-949a618591a2,https://static.inaturalist.org/photos/18862660/medium.jpg,3938,Ruddy Turnstone,data/new_raw/images/bef8653f-7ff2-402a-aa31-949a618591a2.jpg
5b6d9905-74e0-44b8-ba06-57f92ab7fb98,https://static.inaturalist.org/photos/18862788/medium.jpg,145239,Chestnut-sided Warbler,data/new_raw/images/5b6d9905-74e0-44b8-ba06-57f92ab7fb98.jpg
cda92cbc-21b0-4337-83ef-3993e979b617,https://static.inaturalist.org/photos/18862805/medium.jpg,145240,Blackpoll Warbler,data/new_raw/images/cda92cbc-21b0-4337-83ef-3993e979b617.jpg
3490ef07-b247-4474-9b50-e4d6c9bc662a,https://static.inaturalist.org/photos/18862838/medium.jpg,145237,Blackburnian Warbler,data/new_raw/images/3490ef07-b247-4474-9b50-e4d6c9bc662a.jpg
ab230a18-c394-4ec9-b57a-bc82f6503f24,https://static.inaturalist.org/photos/18862872/medium.jpg,9807,Golden-winged Warbler,data/new_raw/images/ab230a18-c394-4ec9-b57a-bc82f6503f24.jpg
07e122fc-46b0-42ae-b5fa-8aa9faf59388,https://static.inaturalist.org/photos/18862904/medium.jpg,145258,Black-throated Green Warbler,data/new_raw/images/07e122fc-46b0-42ae-b5fa-8aa9faf59388.jpg
8db96296-e0f4-4db4-945a-c8d46e0292f1,https://static.inaturalist.org/photos/18862998/medium.jpg,4817,Semipalmated Plover,data/new_raw/images/8db96296-e0f4-4db4-945a-c8d46e0292f1.jpg
30b1fb31-c4aa-45c1-9092-2b8aa9b878b9,https://static.inaturalist.org/photos/18863029/medium.jpg,10247,American Redstart,data/new_raw/images/30b1fb31-c4aa-45c1-9092-2b8aa9b878b9.jpg
6e201f19-1bc2-49c4-aa72-db1da91a0526,https://static.inaturalist.org/photos/18863044/medium.jpg,145275,Canada Warbler,data/new_raw/images/6e201f19-1bc2-49c4-aa72-db1da91a0526.jpg
6a78f8d4-1c2c-4fd0-b9a9-70c53060b6ac,https://static.inaturalist.org/photos/18863113/medium.jpg,145238,Yellow Warbler,data/new_raw/images/6a78f8d4-1c2c-4fd0-b9a9-70c53060b6ac.jpg
97df9203-8d5b-4fda-b0a6-637e469bc97d,https://static.inaturalist.org/photos/18863134/medium.jpg,145235,Magnolia Warbler,data/new_raw/images/97df9203-8d5b-4fda-b0a6-637e469bc97d.jpg
a8839993-be92-493b-aa98-a7b9abfa8975,https://static.inaturalist.org/photos/18863147/medium.jpg,162,Sora,data/new_raw/images/a8839993-be92-493b-aa98-a7b9abfa8975.jpg
635bcbd8-0b3c-4185-88a2-9de86a7e3ac5,https://static.inaturalist.org/photos/18863194/medium.jpg,9721,Common Yellowthroat,data/new_raw/images/635bcbd8-0b3c-4185-88a2-9de86a7e3ac5.jpg
3e6acd8d-2d51-43b5-84b9-5ef14010df38,https://static.inaturalist.org/photos/18863221/medium.jpg,145235,Magnolia Warbler,data/new_raw/images/3e6acd8d-2d51-43b5-84b9-5ef14010df38.jpg
1528115f-b006-42c7-86f9-3f3755619618,https://static.inaturalist.org/photos/18863242/medium.jpg,199916,Black-throated Blue Warbler,data/new_raw/images/1528115f-b006-42c7-86f9-3f3755619618.jpg
922c7240-2cbe-4291-8f32-1f3556c802d5,https://static.inaturalist.org/photos/18863266/medium.jpg,1965,Yellow-billed Cuckoo,data/new_raw/images/922c7240-2cbe-4291-8f32-1f3556c802d5.jpg
f0c46ecb-3f98-4131-a91b-71c61033901d,https://static.inaturalist.org/photos/18863330/medium.jpg,3857,Dunlin,data/new_raw/images/f0c46ecb-3f98-4131-a91b-71c61033901d.jpg
1dee36ef-b206-4d78-b344-62e09d32c0ec,https://static.inaturalist.org/photos/18863370/medium.jpg,9721,Common Yellowthroat,data/new_raw/images/1dee36ef-b206-4d78-b344-62e09d32c0ec.jpg
4b0a79fc-0a5d-48bb-8a11-f7fa8d10c269,https://static.inaturalist.org/photos/18863400/medium.jpg,12727,American Robin,data/new_raw/images/4b0a79fc-0a5d-48bb-8a11-f7fa8d10c269.jpg
e3434193-c560-40ec-be81-04073d5a973d,https://static.inaturalist.org/photos/18863441/medium.jpg,145236,Bay-breasted Warbler,data/new_raw/images/e3434193-c560-40ec-be81-04073d5a973d.jpg
ad79ef31-8825-4ed2-bb0a-2fe2763f0c5d,https://static.inaturalist.org/photos/18863456/medium.jpg,7428,Cedar Waxwing,data/new_raw/images/ad79ef31-8825-4ed2-bb0a-2fe2763f0c5d.jpg
bfa5a103-d47b-4743-9424-61c1da152601,https://static.inaturalist.org/photos/18863489/medium.jpg,145231,Cape May Warbler,data/new_raw/images/bfa5a103-d47b-4743-9424-61c1da152601.jpg
868ebd19-0335-4132-80c2-b62107626510,https://static.inaturalist.org/photos/18863599/medium.jpg,145229,Hooded Warbler,data/new_raw/images/868ebd19-0335-4132-80c2-b62107626510.jpg
047d46db-29b5-4cbb-b61a-5bee0bd0d378,https://static.inaturalist.org/photos/18863706/medium.jpg,10243,Yellow-breasted Chat,data/new_raw/images/047d46db-29b5-4cbb-b61a-5bee0bd0d378.jpg
91a5080d-a238-4b4e-97d7-42d0db4d1580,https://static.inaturalist.org/photos/18864527/medium.jpg,5034,American Bittern,data/new_raw/images/91a5080d-a238-4b4e-97d7-42d0db4d1580.jpg
1c9ccafd-ea27-4144-b49f-c46f7ee4cf13,https://static.inaturalist.org/photos/18864569/medium.jpg,9602,Common Grackle,data/new_raw/images/1c9ccafd-ea27-4144-b49f-c46f7ee4cf13.jpg
1c41e429-e3a1-4ccc-8b0c-aaf03d784043,https://static.inaturalist.org/photos/18864615/medium.jpg,18236,Northern Flicker,data/new_raw/images/1c41e429-e3a1-4ccc-8b0c-aaf03d784043.jpg
1b4cf472-fa80-4e5c-9295-eb859b88b18c,https://static.inaturalist.org/photos/18864732/medium.jpg,1579017,Cooper's Hawk,data/new_raw/images/1b4cf472-fa80-4e5c-9295-eb859b88b18c.jpg
c2c006a8-bc63-42b9-9634-4c9be393d417,https://static.inaturalist.org/photos/18864761/medium.jpg,4981,Black-crowned Night Heron,data/new_raw/images/c2c006a8-bc63-42b9-9634-4c9be393d417.jpg
2ef8df95-9f8f-4570-8588-7816c29247a8,https://static.inaturalist.org/photos/18864781/medium.jpg,6921,Mute Swan,data/new_raw/images/2ef8df95-9f8f-4570-8588-7816c29247a8.jpg
09f39c7f-16a9-4e64-b9e1-ee9e18fde9bb,https://static.inaturalist.org/photos/18864800/medium.jpg,4246,Pied-billed Grebe,data/new_raw/images/09f39c7f-16a9-4e64-b9e1-ee9e18fde9bb.jpg
8142b5de-c8db-49d5-a98a-2b48118521ed,https://static.inaturalist.org/photos/18864845/medium.jpg,4209,Horned Grebe,data/new_raw/images/8142b5de-c8db-49d5-a98a-2b48118521ed.jpg
e7ffdd4f-dcf0-4ce4-bfec-266c908d0fc5,https://static.inaturalist.org/photos/18864865/medium.jpg,117100,Golden-crowned Kinglet,data/new_raw/images/e7ffdd4f-dcf0-4ce4-bfec-266c908d0fc5.jpg
5974c3d7-83fc-45e3-92fd-7daedf120776,https://static.inaturalist.org/photos/18865604/medium.jpg,6921,Mute Swan,data/new_raw/images/5974c3d7-83fc-45e3-92fd-7daedf120776.jpg
100cd5c6-cb67-4873-8f74-8d588fa3e964,https://static.inaturalist.org/photos/18865789/medium.jpg,558426,Snow Goose,data/new_raw/images/100cd5c6-cb67-4873-8f74-8d588fa3e964.jpg
5cb82955-b156-418e-982f-544dfd069cbd,https://static.inaturalist.org/photos/18865940/medium.jpg,6993,Bufflehead,data/new_raw/images/5cb82955-b156-418e-982f-544dfd069cbd.jpg
90aba180-9f17-4e43-af6b-e89056e44cae,https://static.inaturalist.org/photos/18865961/medium.jpg,45763,Muskrat,data/new_raw/images/90aba180-9f17-4e43-af6b-e89056e44cae.jpg
894248ff-f0b6-4343-b2d7-33f2084caf89,https://inaturalist-open-data.s3.amazonaws.com/photos/18859742/medium.jpeg,12727,American Robin,data/new_raw/images/894248ff-f0b6-4343-b2d7-33f2084caf89.jpg
a39f5eb8-8b21-4791-a892-b048bbda7210,https://inaturalist-open-data.s3.amazonaws.com/photos/18859752/medium.jpeg,9346,Baltimore Oriole,data/new_raw/images/a39f5eb8-8b21-4791-a892-b048bbda7210.jpg
56dc9fb6-e625-4d64-b52c-8f44ef9ae4b9,https://inaturalist-open-data.s3.amazonaws.com/photos/18859779/medium.jpeg,14995,Gray Catbird,data/new_raw/images/56dc9fb6-e625-4d64-b52c-8f44ef9ae4b9.jpg
536ac3ae-de79-4a95-81fa-2e37168d16df,https://inaturalist-open-data.s3.amazonaws.com/photos/18859809/medium.jpeg,7562,Northern House Wren,data/new_raw/images/536ac3ae-de79-4a95-81fa-2e37168d16df.jpg
8c5af028-de6c-4804-b1f3-7820c9098b92,https://inaturalist-open-data.s3.amazonaws.com/photos/18859833/medium.jpeg,7562,Northern House Wren,data/new_raw/images/8c5af028-de6c-4804-b1f3-7820c9098b92.jpg
a2cceb67-df98-4e45-8f7c-00ec98212af4,https://inaturalist-open-data.s3.amazonaws.com/photos/18859835/medium.jpeg,792988,Downy Woodpecker,data/new_raw/images/a2cceb67-df98-4e45-8f7c-00ec98212af4.jpg
6461b86f-ddb3-44d0-ac54-4f9b97a1e9a3,https://inaturalist-open-data.s3.amazonaws.com/photos/18859873/medium.jpeg,14995,Gray Catbird,data/new_raw/images/6461b86f-ddb3-44d0-ac54-4f9b97a1e9a3.jpg
ac1c50e8-8406-4b8b-a765-bd7c43a4d6fb,https://inaturalist-open-data.s3.amazonaws.com/photos/18859879/medium.jpeg,9721,Common Yellowthroat,data/new_raw/images/ac1c50e8-8406-4b8b-a765-bd7c43a4d6fb.jpg
f4774e19-0e37-49fe-b3ac-c8c508d9182b,https://inaturalist-open-data.s3.amazonaws.com/photos/18859945/medium.jpeg,145238,Yellow Warbler,data/new_raw/images/f4774e19-0e37-49fe-b3ac-c8c508d9182b.jpg
2c3865cb-b718-437d-986b-5167a2cf9431,https://inaturalist-open-data.s3.amazonaws.com/photos/18859943/medium.jpeg,9721,Common Yellowthroat,data/new_raw/images/2c3865cb-b718-437d-986b-5167a2cf9431.jpg
1c6f45a6-23f2-487a-8613-a36ad36a5864,https://inaturalist-open-data.s3.amazonaws.com/photos/18859983/medium.jpeg,145238,Yellow Warbler,data/new_raw/images/1c6f45a6-23f2-487a-8613-a36ad36a5864.jpg
275f58d0-2441-4126-bac2-94c69b3e0796,https://inaturalist-open-data.s3.amazonaws.com/photos/18860022/medium.jpeg,9346,Baltimore Oriole,data/new_raw/images/275f58d0-2441-4126-bac2-94c69b3e0796.jpg
66a65313-a5d3-4316-bdd7-c1312d009ddc,https://inaturalist-open-data.s3.amazonaws.com/photos/18860031/medium.jpeg,9721,Common Yellowthroat,data/new_raw/images/66a65313-a5d3-4316-bdd7-c1312d009ddc.jpg
816c0247-a377-4a2b-933f-7bac351e5b45,https://inaturalist-open-data.s3.amazonaws.com/photos/18860072/medium.jpeg,12727,American Robin,data/new_raw/images/816c0247-a377-4a2b-933f-7bac351e5b45.jpg
17722abd-7a03-47c7-9809-b4288b0b37bd,https://inaturalist-open-data.s3.amazonaws.com/photos/18860075/medium.jpeg,9346,Baltimore Oriole,data/new_raw/images/17722abd-7a03-47c7-9809-b4288b0b37bd.jpg
1066451d-8786-4e12-9877-e2982066b6d6,https://inaturalist-open-data.s3.amazonaws.com/photos/18860110/medium.jpeg,7562,Northern House Wren,data/new_raw/images/1066451d-8786-4e12-9877-e2982066b6d6.jpg
16b69f98-662e-461a-9e3c-5229104fb2dd,https://inaturalist-open-data.s3.amazonaws.com/photos/18860125/medium.jpeg,17394,Warbling Vireo,data/new_raw/images/16b69f98-662e-461a-9e3c-5229104fb2dd.jpg
ec32cba3-bd24-4c81-b8f1-900dd486cbd8,https://inaturalist-open-data.s3.amazonaws.com/photos/18860183/medium.jpeg,8229,Blue Jay,data/new_raw/images/ec32cba3-bd24-4c81-b8f1-900dd486cbd8.jpg
a256aec5-1e5f-4a99-9570-566eaa90b21f,https://inaturalist-open-data.s3.amazonaws.com/photos/18860195/medium.jpeg,46017,Eastern Gray Squirrel,data/new_raw/images/a256aec5-1e5f-4a99-9570-566eaa90b21f.jpg
c06d043d-910b-4815-9f09-4b02786621d8,https://inaturalist-open-data.s3.amazonaws.com/photos/18860217/medium.jpeg,145310,American Goldfinch,data/new_raw/images/c06d043d-910b-4815-9f09-4b02786621d8.jpg
63de7b5c-60e4-41a0-89b5-b9b5b013fcbf,https://inaturalist-open-data.s3.amazonaws.com/photos/18860247/medium.jpeg,46217,Eastern Chipmunk,data/new_raw/images/63de7b5c-60e4-41a0-89b5-b9b5b013fcbf.jpg
25d0e703-c90d-4c53-9507-348269d1086f,https://inaturalist-open-data.s3.amazonaws.com/photos/18860252/medium.jpeg,9346,Baltimore Oriole,data/new_raw/images/25d0e703-c90d-4c53-9507-348269d1086f.jpg
714d9e83-6cdd-4f35-b3f9-dd3ce855f6cb,https://inaturalist-open-data.s3.amazonaws.com/photos/18860273/medium.jpeg,9346,Baltimore Oriole,data/new_raw/images/714d9e83-6cdd-4f35-b3f9-dd3ce855f6cb.jpg
20fed455-1278-42e4-9f0e-317990a05fba,https://inaturalist-open-data.s3.amazonaws.com/photos/18860271/medium.jpeg,145238,Yellow Warbler,data/new_raw/images/20fed455-1278-42e4-9f0e-317990a05fba.jpg
046b874f-c9d5-4957-8f27-3e8a0695cb91,https://inaturalist-open-data.s3.amazonaws.com/photos/18860293/medium.jpeg,17394,Warbling Vireo,data/new_raw/images/046b874f-c9d5-4957-8f27-3e8a0695cb91.jpg
839ac8b3-8c82-40aa-a3a2-969851938d2b,https://inaturalist-open-data.s3.amazonaws.com/photos/18860315/medium.jpeg,10247,American Redstart,data/new_raw/images/839ac8b3-8c82-40aa-a3a2-969851938d2b.jpg
10cfa2a1-b507-461a-9f6d-a2b483e16cae,https://inaturalist-open-data.s3.amazonaws.com/photos/18860338/medium.jpeg,14995,Gray Catbird,data/new_raw/images/10cfa2a1-b507-461a-9f6d-a2b483e16cae.jpg
c62d3e21-3569-4098-8e86-aa7b449b1c6d,https://inaturalist-open-data.s3.amazonaws.com/photos/18860354/medium.jpeg,9721,Common Yellowthroat,data/new_raw/images/c62d3e21-3569-4098-8e86-aa7b449b1c6d.jpg
ed0a3e55-0500-428a-a30a-f171e32d9bab,https://inaturalist-open-data.s3.amazonaws.com/photos/18860394/medium.jpeg,10227,Indigo Bunting,data/new_raw/images/ed0a3e55-0500-428a-a30a-f171e32d9bab.jpg
22c5a52b-8493-4a3c-a971-f106349d64e6,https://inaturalist-open-data.s3.amazonaws.com/photos/18860417/medium.jpeg,12727,American Robin,data/new_raw/images/22c5a52b-8493-4a3c-a971-f106349d64e6.jpg
de2a0517-718e-4606-92a7-abf6b83e159c,https://inaturalist-open-data.s3.amazonaws.com/photos/18860453/medium.jpeg,145238,Yellow Warbler,data/new_raw/images/de2a0517-718e-4606-92a7-abf6b83e159c.jpg
14ed8ac2-4ee9-4ef7-a534-a4e6cf104deb,https://inaturalist-open-data.s3.amazonaws.com/photos/18860473/medium.jpeg,7562,Northern House Wren,data/new_raw/images/14ed8ac2-4ee9-4ef7-a534-a4e6cf104deb.jpg
ef48b81f-fa9b-4ab2-9cfe-a172befb1e98,https://inaturalist-open-data.s3.amazonaws.com/photos/18860475/medium.jpeg,7562,Northern House Wren,data/new_raw/images/ef48b81f-fa9b-4ab2-9cfe-a172befb1e98.jpg
2c5cd0b9-d2ee-46ca-be6e-21fa0bb9b1c0,https://inaturalist-open-data.s3.amazonaws.com/photos/18860530/medium.jpeg,7562,Northern House Wren,data/new_raw/images/2c5cd0b9-d2ee-46ca-be6e-21fa0bb9b1c0.jpg
a7e2a43c-665d-457d-99bf-cde1f12c229a,https://inaturalist-open-data.s3.amazonaws.com/photos/18860556/medium.jpeg,10247,American Redstart,data/new_raw/images/a7e2a43c-665d-457d-99bf-cde1f12c229a.jpg
b3adfb78-cb19-48d5-a557-b35a03efef8a,https://inaturalist-open-data.s3.amazonaws.com/photos/18860564/medium.jpeg,9721,Common Yellowthroat,data/new_raw/images/b3adfb78-cb19-48d5-a557-b35a03efef8a.jpg
aba77e7a-dd34-4970-a15c-e9e3204a7115,https://inaturalist-open-data.s3.amazonaws.com/photos/18860684/medium.jpeg,9721,Common Yellowthroat,data/new_raw/images/aba77e7a-dd34-4970-a15c-e9e3204a7115.jpg
17eba8c6-24e9-4ecf-8c3e-6689ab164b45,https://inaturalist-open-data.s3.amazonaws.com/photos/18860749/medium.jpeg,9346,Baltimore Oriole,data/new_raw/images/17eba8c6-24e9-4ecf-8c3e-6689ab164b45.jpg
b3c70129-8765-4105-a1ef-f2f20262b212,https://inaturalist-open-data.s3.amazonaws.com/photos/18860775/medium.jpeg,145238,Yellow Warbler,data/new_raw/images/b3c70129-8765-4105-a1ef-f2f20262b212.jpg
4c33c5c0-f2ec-4967-bac7-0b7f7ae59665,https://inaturalist-open-data.s3.amazonaws.com/photos/18860905/medium.jpeg,9346,Baltimore Oriole,data/new_raw/images/4c33c5c0-f2ec-4967-bac7-0b7f7ae59665.jpg
11056f4a-d5ef-4c9c-a626-3b1192c94210,https://inaturalist-open-data.s3.amazonaws.com/photos/18860920/medium.jpeg,9092,Lincoln's Sparrow,data/new_raw/images/11056f4a-d5ef-4c9c-a626-3b1192c94210.jpg
484a6508-5391-4cc7-8d87-400f1e56cef4,https://inaturalist-open-data.s3.amazonaws.com/photos/18860968/medium.jpeg,4956,Great Blue Heron,data/new_raw/images/484a6508-5391-4cc7-8d87-400f1e56cef4.jpg
bed7944b-f718-4d13-a965-d42d8202473e,https://inaturalist-open-data.s3.amazonaws.com/photos/18860983/medium.jpeg,7089,Canada Goose,data/new_raw/images/bed7944b-f718-4d13-a965-d42d8202473e.jpg
8cca4704-de40-4710-8e61-59a47a739efe,https://inaturalist-open-data.s3.amazonaws.com/photos/18860999/medium.jpeg,41663,Common Raccoon,data/new_raw/images/8cca4704-de40-4710-8e61-59a47a739efe.jpg
f1f98a21-9ba4-446d-aa30-fb3517526e07,https://inaturalist-open-data.s3.amazonaws.com/photos/18861019/medium.jpeg,16782,Eastern Kingbird,data/new_raw/images/f1f98a21-9ba4-446d-aa30-fb3517526e07.jpg
a0a4c1ca-7fe1-48dd-92b6-aafb7f4dedf1,https://inaturalist-open-data.s3.amazonaws.com/photos/18861031/medium.jpeg,16782,Eastern Kingbird,data/new_raw/images/a0a4c1ca-7fe1-48dd-92b6-aafb7f4dedf1.jpg
24a3edc5-656b-45ee-a1eb-7b95a4902ff7,https://inaturalist-open-data.s3.amazonaws.com/photos/18861151/medium.jpeg,9100,Song Sparrow,data/new_raw/images/24a3edc5-656b-45ee-a1eb-7b95a4902ff7.jpg
549b0526-6bd0-4e25-a8e9-d60d093b2222,https://inaturalist-open-data.s3.amazonaws.com/photos/18861163/medium.jpeg,14995,Gray Catbird,data/new_raw/images/549b0526-6bd0-4e25-a8e9-d60d093b2222.jpg
4595327f-fd4c-4b20-b505-81b22a5edbaf,https://inaturalist-open-data.s3.amazonaws.com/photos/18861184/medium.jpeg,145238,Yellow Warbler,data/new_raw/images/4595327f-fd4c-4b20-b505-81b22a5edbaf.jpg
2834f885-9980-4ca8-ac5a-5ee06f1ef8d0,https://inaturalist-open-data.s3.amazonaws.com/photos/18861213/medium.jpeg,145276,Wilson's Warbler,data/new_raw/images/2834f885-9980-4ca8-ac5a-5ee06f1ef8d0.jpg
b10d13a5-9031-4d5f-8b4e-1704851280ff,https://inaturalist-open-data.s3.amazonaws.com/photos/18861250/medium.jpeg,145276,Wilson's Warbler,data/new_raw/images/b10d13a5-9031-4d5f-8b4e-1704851280ff.jpg
9bf2b6c5-c863-4833-b4ad-1720e77f0734,https://inaturalist-open-data.s3.amazonaws.com/photos/18861276/medium.jpeg,145238,Yellow Warbler,data/new_raw/images/9bf2b6c5-c863-4833-b4ad-1720e77f0734.jpg
fa8878aa-6975-4e49-9b93-2d0f81cb0c91,https://inaturalist-open-data.s3.amazonaws.com/photos/18861318/medium.jpeg,9744,Red-winged Blackbird,data/new_raw/images/fa8878aa-6975-4e49-9b93-2d0f81cb0c91.jpg
e42f27f1-7a67-44b7-9325-4814c20d2283,https://inaturalist-open-data.s3.amazonaws.com/photos/18861378/medium.jpeg,16782,Eastern Kingbird,data/new_raw/images/e42f27f1-7a67-44b7-9325-4814c20d2283.jpg
d315d410-4fab-4576-8659-d1a8902a7cc5,https://inaturalist-open-data.s3.amazonaws.com/photos/18861421/medium.jpeg,16611,Willow Flycatcher,data/new_raw/images/d315d410-4fab-4576-8659-d1a8902a7cc5.jpg
dec98e16-bfbd-4f54-9ad6-5362997d87dd,https://inaturalist-open-data.s3.amazonaws.com/photos/18861451/medium.jpeg,4956,Great Blue Heron,data/new_raw/images/dec98e16-bfbd-4f54-9ad6-5362997d87dd.jpg
25e8fd59-61db-4e90-8029-ac2d873086f1,https://inaturalist-open-data.s3.amazonaws.com/photos/18861469/medium.jpeg,9744,Red-winged Blackbird,data/new_raw/images/25e8fd59-61db-4e90-8029-ac2d873086f1.jpg
d81d1084-698e-43ae-8296-153548c1efa0,https://inaturalist-open-data.s3.amazonaws.com/photos/18861486/medium.jpeg,7044,Ring-necked Duck,data/new_raw/images/d81d1084-698e-43ae-8296-153548c1efa0.jpg
ce6c4d5d-4c10-4bc7-85dc-5f8c42b3e56c,https://inaturalist-open-data.s3.amazonaws.com/photos/18861521/medium.jpeg,7089,Canada Goose,data/new_raw/images/ce6c4d5d-4c10-4bc7-85dc-5f8c42b3e56c.jpg
c2880154-f521-4a9f-8b0e-ee5079c36b42,https://inaturalist-open-data.s3.amazonaws.com/photos/18861533/medium.jpeg,6930,Mallard,data/new_raw/images/c2880154-f521-4a9f-8b0e-ee5079c36b42.jpg
ac8ea460-84a2-47cb-be76-abb7bc65aa9d,https://inaturalist-open-data.s3.amazonaws.com/photos/18861555/medium.jpeg,9744,Red-winged Blackbird,data/new_raw/images/ac8ea460-84a2-47cb-be76-abb7bc65aa9d.jpg
8a8a2409-e4ca-4795-b354-631157787c97,https://inaturalist-open-data.s3.amazonaws.com/photos/18861578/medium.jpeg,7089,Canada Goose,data/new_raw/images/8a8a2409-e4ca-4795-b354-631157787c97.jpg
360b8e16-56ee-4dee-a16e-ce70a7839492,https://inaturalist-open-data.s3.amazonaws.com/photos/18906890/medium.jpg,7089,Canada Goose,data/new_raw/images/360b8e16-56ee-4dee-a16e-ce70a7839492.jpg
4bcd7867-560b-42f8-943a-0bcb37398b4f,https://static.inaturalist.org/photos/18914724/medium.jpg,4981,Black-crowned Night Heron,data/new_raw/images/4bcd7867-560b-42f8-943a-0bcb37398b4f.jpg
568e0be3-5c41-42e2-98de-e0dc26f2e34b,https://static.inaturalist.org/photos/18915508/medium.jpg,11935,Tree Swallow,data/new_raw/images/568e0be3-5c41-42e2-98de-e0dc26f2e34b.jpg
f05016b8-286e-4df6-8e06-f67990aee005,https://static.inaturalist.org/photos/18915542/medium.jpg,9346,Baltimore Oriole,data/new_raw/images/f05016b8-286e-4df6-8e06-f67990aee005.jpg
e2ae9793-5eda-4cc3-8267-fb25445ff308,https://static.inaturalist.org/photos/18915783/medium.jpg,144537,Caspian Tern,data/new_raw/images/e2ae9793-5eda-4cc3-8267-fb25445ff308.jpg
4f58b6d5-74b5-4594-ac75-c65864e31517,https://static.inaturalist.org/photos/18915795/medium.jpg,4793,Killdeer,data/new_raw/images/4f58b6d5-74b5-4594-ac75-c65864e31517.jpg
51630b0b-fdd0-4d91-95c8-086546abb2bd,https://static.inaturalist.org/photos/18915802/medium.jpg,72458,Spotted Sandpiper,data/new_raw/images/51630b0b-fdd0-4d91-95c8-086546abb2bd.jpg
f731702b-77b0-4900-9e74-245e106efe9d,https://static.inaturalist.org/photos/18915819/medium.jpg,11901,Barn Swallow,data/new_raw/images/f731702b-77b0-4900-9e74-245e106efe9d.jpg
7f69c2c4-47a2-4123-909e-fb49eedcc674,https://static.inaturalist.org/photos/18916011/medium.jpg,145235,Magnolia Warbler,data/new_raw/images/7f69c2c4-47a2-4123-909e-fb49eedcc674.jpg
737785d2-51ee-475b-a87f-17d1924fd382,https://static.inaturalist.org/photos/18916023/medium.jpg,73553,Blue-winged Warbler,data/new_raw/images/737785d2-51ee-475b-a87f-17d1924fd382.jpg
7cc39585-f56b-40f0-8cf6-b1aa589841c9,https://static.inaturalist.org/photos/18916032/medium.jpg,1289388,Ruby-crowned Kinglet,data/new_raw/images/7cc39585-f56b-40f0-8cf6-b1aa589841c9.jpg
166ebc22-9cbd-475b-b458-d384c6ebb48b,https://static.inaturalist.org/photos/18916043/medium.jpg,14995,Gray Catbird,data/new_raw/images/166ebc22-9cbd-475b-b458-d384c6ebb48b.jpg
6fdc5229-44e5-4e02-8dc0-d99b5fe19f67,https://static.inaturalist.org/photos/18916055/medium.jpg,17394,Warbling Vireo,data/new_raw/images/6fdc5229-44e5-4e02-8dc0-d99b5fe19f67.jpg
eb7d1b24-80c5-44a6-bf10-6fec7da89482,https://static.inaturalist.org/photos/18916066/medium.jpg,62550,Ovenbird,data/new_raw/images/eb7d1b24-80c5-44a6-bf10-6fec7da89482.jpg
c77da2d2-72fb-4f96-a9b6-8a172313629e,https://static.inaturalist.org/photos/18916081/medium.jpg,10271,Rose-breasted Grosbeak,data/new_raw/images/c77da2d2-72fb-4f96-a9b6-8a172313629e.jpg
221a7a9f-cdb9-4cd5-8cd8-b3a27c87bf85,https://static.inaturalist.org/photos/18916098/medium.jpg,9744,Red-winged Blackbird,data/new_raw/images/221a7a9f-cdb9-4cd5-8cd8-b3a27c87bf85.jpg
586b1466-cdd1-442a-92cf-878b443b1a3a,https://static.inaturalist.org/photos/18916108/medium.jpg,145238,Yellow Warbler,data/new_raw/images/586b1466-cdd1-442a-92cf-878b443b1a3a.jpg
db31edd6-aa24-4cb7-9e81-20240d0cbb5f,https://static.inaturalist.org/photos/18916122/medium.jpg,10286,Black-and-white Warbler,data/new_raw/images/db31edd6-aa24-4cb7-9e81-20240d0cbb5f.jpg
2d4a4edc-4f1c-44cc-ad9f-5ef18a2bf617,https://static.inaturalist.org/photos/18916133/medium.jpg,9424,Eastern Towhee,data/new_raw/images/2d4a4edc-4f1c-44cc-ad9f-5ef18a2bf617.jpg
510ab746-f9ff-4fd0-8023-5469554238e5,https://static.inaturalist.org/photos/18916143/medium.jpg,13270,Wood Thrush,data/new_raw/images/510ab746-f9ff-4fd0-8023-5469554238e5.jpg
a8f9e5f3-51bc-4068-8767-a451ddf4bfce,https://static.inaturalist.org/photos/18916149/medium.jpg,73149,Northern Waterthrush,data/new_raw/images/a8f9e5f3-51bc-4068-8767-a451ddf4bfce.jpg
9b311aee-505d-4179-b101-42d5e3874f01,https://static.inaturalist.org/photos/18916159/medium.jpg,7089,Canada Goose,data/new_raw/images/9b311aee-505d-4179-b101-42d5e3874f01.jpg
3b31f6a0-4605-49d8-8e01-e169619c6cdc,https://static.inaturalist.org/photos/18916232/medium.jpg,11867,Purple Martin,data/new_raw/images/3b31f6a0-4605-49d8-8e01-e169619c6cdc.jpg
f1125c8f-b435-4cb0-b794-1edc8f980991,https://static.inaturalist.org/photos/18927042/medium.jpeg,11901,Barn Swallow,data/new_raw/images/f1125c8f-b435-4cb0-b794-1edc8f980991.jpg
45e2e0e9-dcd7-4dc0-b6eb-1189f584967f,https://inaturalist-open-data.s3.amazonaws.com/photos/18954432/medium.jpg,9346,Baltimore Oriole,data/new_raw/images/45e2e0e9-dcd7-4dc0-b6eb-1189f584967f.jpg
9e0176cc-a322-450e-9d62-83880f54ba23,https://inaturalist-open-data.s3.amazonaws.com/photos/18955603/medium.jpg,42223,White-tailed Deer,data/new_raw/images/9e0176cc-a322-450e-9d62-83880f54ba23.jpg
8497aa83-67bb-44c0-8ef9-44c913e7ffcc,https://inaturalist-open-data.s3.amazonaws.com/photos/18956156/medium.jpg,9100,Song Sparrow,data/new_raw/images/8497aa83-67bb-44c0-8ef9-44c913e7ffcc.jpg
1d4b9412-4bad-4e9e-8b90-f50abb0e1c03,https://inaturalist-open-data.s3.amazonaws.com/photos/18956319/medium.jpg,9346,Baltimore Oriole,data/new_raw/images/1d4b9412-4bad-4e9e-8b90-f50abb0e1c03.jpg
7ffc9795-3b4c-4ca3-b353-ff61b46520cd,https://inaturalist-open-data.s3.amazonaws.com/photos/18964133/medium.jpeg,508048,Sandhill Crane,data/new_raw/images/7ffc9795-3b4c-4ca3-b353-ff61b46520cd.jpg
3e3b50a7-13c6-4915-810f-32bd78b680ce,https://static.inaturalist.org/photos/18975648/medium.jpg,42223,White-tailed Deer,data/new_raw/images/3e3b50a7-13c6-4915-810f-32bd78b680ce.jpg
593926cd-ec49-4845-83cc-c909c22d2322,https://inaturalist-open-data.s3.amazonaws.com/photos/18981408/medium.jpeg,40151,Mammals,data/new_raw/images/593926cd-ec49-4845-83cc-c909c22d2322.jpg
ba158d5e-af2c-4ffa-935d-e371ade5b3c4,https://static.inaturalist.org/photos/18981632/medium.jpg,792988,Downy Woodpecker,data/new_raw/images/ba158d5e-af2c-4ffa-935d-e371ade5b3c4.jpg
1e9136e5-3e72-4264-ada3-6ef47281fac9,https://static.inaturalist.org/photos/18997836/medium.jpeg,7089,Canada Goose,data/new_raw/images/1e9136e5-3e72-4264-ada3-6ef47281fac9.jpg
01830956-0c20-4152-b94f-b9713a5f73c9,https://inaturalist-open-data.s3.amazonaws.com/photos/19005550/medium.jpeg,9100,Song Sparrow,data/new_raw/images/01830956-0c20-4152-b94f-b9713a5f73c9.jpg
792b9ae1-0697-46b3-92ab-56a622fee98c,https://static.inaturalist.org/photos/19019792/medium.jpg,7107,Wood Duck,data/new_raw/images/792b9ae1-0697-46b3-92ab-56a622fee98c.jpg
12063d3d-c41a-475c-a5f1-e3b8bca9b34b,https://static.inaturalist.org/photos/19021862/medium.jpg,43111,Eastern Cottontail,data/new_raw/images/12063d3d-c41a-475c-a5f1-e3b8bca9b34b.jpg
5b9c1a68-df03-4e3a-95fc-ddf26d7c1ee5,https://static.inaturalist.org/photos/19028861/medium.jpeg,8021,American Crow,data/new_raw/images/5b9c1a68-df03-4e3a-95fc-ddf26d7c1ee5.jpg
8d74215c-998c-410a-83e1-8f87fb78a110,https://inaturalist-open-data.s3.amazonaws.com/photos/19065447/medium.jpeg,14995,Gray Catbird,data/new_raw/images/8d74215c-998c-410a-83e1-8f87fb78a110.jpg
7ecee789-9eed-4e69-ad6f-7fe82728f7fe,https://inaturalist-open-data.s3.amazonaws.com/photos/19074477/medium.jpeg,41663,Common Raccoon,data/new_raw/images/7ecee789-9eed-4e69-ad6f-7fe82728f7fe.jpg
9055652c-3066-4fe3-9380-d7ee61dd9543,https://inaturalist-open-data.s3.amazonaws.com/photos/19076997/medium.jpeg,4981,Black-crowned Night Heron,data/new_raw/images/9055652c-3066-4fe3-9380-d7ee61dd9543.jpg
eaee19a7-c1d6-44cb-a896-8a12d8af7e41,https://inaturalist-open-data.s3.amazonaws.com/photos/19077223/medium.jpeg,7107,Wood Duck,data/new_raw/images/eaee19a7-c1d6-44cb-a896-8a12d8af7e41.jpg
4f65323d-b6dc-46b0-87f9-b78c11664b13,https://inaturalist-open-data.s3.amazonaws.com/photos/19077238/medium.jpeg,5020,Green Heron,data/new_raw/images/4f65323d-b6dc-46b0-87f9-b78c11664b13.jpg
d3b9193a-b9ed-498a-b3a5-f0877bfe1894,https://inaturalist-open-data.s3.amazonaws.com/photos/19077308/medium.jpeg,1578489,American Herring Gull,data/new_raw/images/d3b9193a-b9ed-498a-b3a5-f0877bfe1894.jpg
877b1219-cdfc-4906-9db5-96157a5c8f75,https://inaturalist-open-data.s3.amazonaws.com/photos/19077680/medium.jpeg,4793,Killdeer,data/new_raw/images/877b1219-cdfc-4906-9db5-96157a5c8f75.jpg
4406e5dc-8f15-424b-b12b-0234461f1f51,https://inaturalist-open-data.s3.amazonaws.com/photos/19077778/medium.jpeg,72458,Spotted Sandpiper,data/new_raw/images/4406e5dc-8f15-424b-b12b-0234461f1f51.jpg
a6855953-85e9-4392-bdd7-84a3928a2ee8,https://inaturalist-open-data.s3.amazonaws.com/photos/19077843/medium.jpeg,9424,Eastern Towhee,data/new_raw/images/a6855953-85e9-4392-bdd7-84a3928a2ee8.jpg
8350aab2-9f36-4de9-b110-2a71a03f488d,https://inaturalist-open-data.s3.amazonaws.com/photos/19077902/medium.jpeg,9602,Common Grackle,data/new_raw/images/8350aab2-9f36-4de9-b110-2a71a03f488d.jpg
14131de4-a01e-4f29-a186-021192c6ac9a,https://inaturalist-open-data.s3.amazonaws.com/photos/19077991/medium.jpeg,3864,Least Sandpiper,data/new_raw/images/14131de4-a01e-4f29-a186-021192c6ac9a.jpg
54b6ca30-62d2-45ee-83b0-ebc3d2af45a0,https://inaturalist-open-data.s3.amazonaws.com/photos/19078119/medium.jpeg,18236,Northern Flicker,data/new_raw/images/54b6ca30-62d2-45ee-83b0-ebc3d2af45a0.jpg
3bbbf865-8384-4623-95b2-2c428e9d7b4e,https://inaturalist-open-data.s3.amazonaws.com/photos/19078354/medium.jpg,9744,Red-winged Blackbird,data/new_raw/images/3bbbf865-8384-4623-95b2-2c428e9d7b4e.jpg
6ed7ef4c-8a30-4111-bd53-190a4f73a185,https://inaturalist-open-data.s3.amazonaws.com/photos/19078396/medium.jpeg,144815,Black-capped Chickadee,data/new_raw/images/6ed7ef4c-8a30-4111-bd53-190a4f73a185.jpg
3e7d529f-1ddd-42ee-8b01-26d0e595dd7b,https://inaturalist-open-data.s3.amazonaws.com/photos/19078525/medium.jpeg,7562,Northern House Wren,data/new_raw/images/3e7d529f-1ddd-42ee-8b01-26d0e595dd7b.jpg
440b50dd-d1d0-4c68-9c7b-b92103a4bc70,https://inaturalist-open-data.s3.amazonaws.com/photos/19078790/medium.jpeg,7493,Blue-gray Gnatcatcher,data/new_raw/images/440b50dd-d1d0-4c68-9c7b-b92103a4bc70.jpg
5d83895e-10f9-44fa-8158-407d6f4df3be,https://inaturalist-open-data.s3.amazonaws.com/photos/19078909/medium.jpeg,12890,Hermit Thrush,data/new_raw/images/5d83895e-10f9-44fa-8158-407d6f4df3be.jpg
63e2018d-d22e-4eae-acf8-a7623ef0ad9c,https://inaturalist-open-data.s3.amazonaws.com/photos/19078876/medium.jpg,16611,Willow Flycatcher,data/new_raw/images/63e2018d-d22e-4eae-acf8-a7623ef0ad9c.jpg
9d328e77-26a4-4eec-a7a6-75003792c6f7,https://static.inaturalist.org/photos/19114848/medium.jpg,209233,Domestic Horse,data/new_raw/images/9d328e77-26a4-4eec-a7a6-75003792c6f7.jpg
6499f6f5-c3c7-4a52-b249-ec0194da0368,https://static.inaturalist.org/photos/19115310/medium.jpg,6930,Mallard,data/new_raw/images/6499f6f5-c3c7-4a52-b249-ec0194da0368.jpg
2db24bcc-3b8c-4f3a-b0b0-f96e0ab89b38,https://static.inaturalist.org/photos/19115361/medium.jpg,147662,Western Lowland Gorilla,data/new_raw/images/2db24bcc-3b8c-4f3a-b0b0-f96e0ab89b38.jpg
ac50b691-5a78-4b74-928c-57086cbfa1c4,https://static.inaturalist.org/photos/19115444/medium.jpg,9083,Northern Cardinal,data/new_raw/images/ac50b691-5a78-4b74-928c-57086cbfa1c4.jpg
ccc18f1a-4ef3-4f79-99fe-685076f1ea13,https://static.inaturalist.org/photos/19115564/medium.jpg,43339,Grévy's Zebra,data/new_raw/images/ccc18f1a-4ef3-4f79-99fe-685076f1ea13.jpg
9e007d7f-bb18-4ab2-8c5a-ee3575fde3af,https://inaturalist-open-data.s3.amazonaws.com/photos/19079002/medium.jpeg,46217,Eastern Chipmunk,data/new_raw/images/9e007d7f-bb18-4ab2-8c5a-ee3575fde3af.jpg
16f10d6f-0876-411d-8a43-aa2ebe93beda,https://inaturalist-open-data.s3.amazonaws.com/photos/19122294/medium.jpg,9744,Red-winged Blackbird,data/new_raw/images/16f10d6f-0876-411d-8a43-aa2ebe93beda.jpg
bb8422c4-51c8-4718-8e37-0479c2adba95,https://inaturalist-open-data.s3.amazonaws.com/photos/19134154/medium.jpg,122767,Feral Pigeon,data/new_raw/images/bb8422c4-51c8-4718-8e37-0479c2adba95.jpg
3e8a036d-6ef0-40ee-aa04-5b93bfe40e11,https://inaturalist-open-data.s3.amazonaws.com/photos/19140381/medium.jpg,4364,Ring-billed Gull,data/new_raw/images/3e8a036d-6ef0-40ee-aa04-5b93bfe40e11.jpg
d7c9d1a9-5493-4b05-aec7-cca785dd530f,https://static.inaturalist.org/photos/19141168/medium.jpg,6930,Mallard,data/new_raw/images/d7c9d1a9-5493-4b05-aec7-cca785dd530f.jpg
c781802a-b5b0-4be6-8c8a-dad699b4b086,https://static.inaturalist.org/photos/19142306/medium.jpg,12727,American Robin,data/new_raw/images/c781802a-b5b0-4be6-8c8a-dad699b4b086.jpg
c55dee3d-8828-48c8-9be5-1e382a1330af,https://static.inaturalist.org/photos/19292226/medium.jpg,44576,Brown Rat,data/new_raw/images/c55dee3d-8828-48c8-9be5-1e382a1330af.jpg
8136c782-e400-4224-aeed-b4c097ddaf63,https://static.inaturalist.org/photos/19147535/medium.jpg,13858,House Sparrow,data/new_raw/images/8136c782-e400-4224-aeed-b4c097ddaf63.jpg
d3c2a5fb-a7e9-47b7-b493-449d3772afd0,https://static.inaturalist.org/photos/19167580/medium.jpeg,42652,Virginia Opossum,data/new_raw/images/d3c2a5fb-a7e9-47b7-b493-449d3772afd0.jpg
cadb2b5f-1ba2-4d16-8877-17a32a317a15,https://inaturalist-open-data.s3.amazonaws.com/photos/19189876/medium.jpg,4364,Ring-billed Gull,data/new_raw/images/cadb2b5f-1ba2-4d16-8877-17a32a317a15.jpg
3ccc8563-01ca-43a9-a668-fa497324aede,https://static.inaturalist.org/photos/19198499/medium.jpg,4364,Ring-billed Gull,data/new_raw/images/3ccc8563-01ca-43a9-a668-fa497324aede.jpg
88ac00ff-f466-4ba5-8f8f-906adbbeec4b,https://static.inaturalist.org/photos/19202182/medium.jpg,122767,Feral Pigeon,data/new_raw/images/88ac00ff-f466-4ba5-8f8f-906adbbeec4b.jpg
68296633-0a47-475e-a8e8-1b860173b864,https://static.inaturalist.org/photos/19204638/medium.jpg,43584,Human,data/new_raw/images/68296633-0a47-475e-a8e8-1b860173b864.jpg
43766f84-f0ac-4d3f-b0b0-c9acf3c563b0,https://static.inaturalist.org/photos/19251200/medium.jpg,12727,American Robin,data/new_raw/images/43766f84-f0ac-4d3f-b0b0-c9acf3c563b0.jpg
cc8ad8bd-e01a-4fdd-a7c8-fefb82f72075,https://inaturalist-open-data.s3.amazonaws.com/photos/19258863/medium.jpg,4364,Ring-billed Gull,data/new_raw/images/cc8ad8bd-e01a-4fdd-a7c8-fefb82f72075.jpg
6dfab970-115f-4b72-960d-0b1d360f60c7,https://inaturalist-open-data.s3.amazonaws.com/photos/19262272/medium.jpeg,42051,Coyote,data/new_raw/images/6dfab970-115f-4b72-960d-0b1d360f60c7.jpg
82f52b68-5f7a-4a95-8da0-e20ebc185228,https://static.inaturalist.org/photos/19281957/medium.jpeg,43584,Human,data/new_raw/images/82f52b68-5f7a-4a95-8da0-e20ebc185228.jpg
f54369fc-9823-43cc-8915-1cb3ffdba90b,https://static.inaturalist.org/photos/19292298/medium.jpg,41880,Striped Skunk,data/new_raw/images/f54369fc-9823-43cc-8915-1cb3ffdba90b.jpg
cd766a12-5103-497a-8a8d-eabc284e531b,https://inaturalist-open-data.s3.amazonaws.com/photos/19294217/medium.jpg,122767,Feral Pigeon,data/new_raw/images/cd766a12-5103-497a-8a8d-eabc284e531b.jpg
0966e694-b0d3-4837-a490-366815849f8e,https://inaturalist-open-data.s3.amazonaws.com/photos/19294230/medium.jpg,122767,Feral Pigeon,data/new_raw/images/0966e694-b0d3-4837-a490-366815849f8e.jpg
c34b6405-7de9-4328-9256-1dda080f4b9c,https://inaturalist-open-data.s3.amazonaws.com/photos/19294254/medium.jpg,122767,Feral Pigeon,data/new_raw/images/c34b6405-7de9-4328-9256-1dda080f4b9c.jpg
d7b39f41-a47c-43d2-b813-e7df2fb165ca,https://inaturalist-open-data.s3.amazonaws.com/photos/19294269/medium.jpg,9744,Red-winged Blackbird,data/new_raw/images/d7b39f41-a47c-43d2-b813-e7df2fb165ca.jpg
d667d326-59ac-48f1-89d8-ce28b102d555,https://inaturalist-open-data.s3.amazonaws.com/photos/19294337/medium.jpg,4364,Ring-billed Gull,data/new_raw/images/d667d326-59ac-48f1-89d8-ce28b102d555.jpg
85287c33-8260-4eb7-bcc5-1df5ff19fc27,https://inaturalist-open-data.s3.amazonaws.com/photos/19294405/medium.jpg,9602,Common Grackle,data/new_raw/images/85287c33-8260-4eb7-bcc5-1df5ff19fc27.jpg
7ac17a63-463d-4803-90fb-3609449775f8,https://inaturalist-open-data.s3.amazonaws.com/photos/19294449/medium.jpg,4364,Ring-billed Gull,data/new_raw/images/7ac17a63-463d-4803-90fb-3609449775f8.jpg
48615c38-2d81-4302-bcfd-0ee6f92f2aec,https://inaturalist-open-data.s3.amazonaws.com/photos/19333469/medium.jpg,9744,Red-winged Blackbird,data/new_raw/images/48615c38-2d81-4302-bcfd-0ee6f92f2aec.jpg
1ec52810-d8c3-427f-9c1f-3ed668ff6439,https://inaturalist-open-data.s3.amazonaws.com/photos/19335893/medium.jpg,9981,Savannah Sparrow,data/new_raw/images/1ec52810-d8c3-427f-9c1f-3ed668ff6439.jpg
1a181198-b69b-428b-95c4-39bb18a181ed,https://inaturalist-open-data.s3.amazonaws.com/photos/19337396/medium.jpeg,9744,Red-winged Blackbird,data/new_raw/images/1a181198-b69b-428b-95c4-39bb18a181ed.jpg
5626d497-539e-4e50-87e2-f5a514f58ae8,https://inaturalist-open-data.s3.amazonaws.com/photos/19337774/medium.jpeg,9602,Common Grackle,data/new_raw/images/5626d497-539e-4e50-87e2-f5a514f58ae8.jpg
4203f729-91cd-4e50-80e6-147b3e70869c,https://inaturalist-open-data.s3.amazonaws.com/photos/19338056/medium.jpeg,12727,American Robin,data/new_raw/images/4203f729-91cd-4e50-80e6-147b3e70869c.jpg
6a52c78a-c630-4c1c-8624-bddc0fe9c56d,https://inaturalist-open-data.s3.amazonaws.com/photos/19338071/medium.jpeg,11901,Barn Swallow,data/new_raw/images/6a52c78a-c630-4c1c-8624-bddc0fe9c56d.jpg
5c96c988-607b-4994-b191-10f19377a120,https://static.inaturalist.org/photos/19347164/medium.jpg,7089,Canada Goose,data/new_raw/images/5c96c988-607b-4994-b191-10f19377a120.jpg
a34cea1a-9b0c-46fd-aa26-12487e437a70,https://static.inaturalist.org/photos/19347170/medium.jpg,6930,Mallard,data/new_raw/images/a34cea1a-9b0c-46fd-aa26-12487e437a70.jpg
71dd3c61-78fe-412b-ae6a-8aa80e4df6ad,https://inaturalist-open-data.s3.amazonaws.com/photos/19356144/medium.jpg,5020,Green Heron,data/new_raw/images/71dd3c61-78fe-412b-ae6a-8aa80e4df6ad.jpg
902f847e-1b8a-4e07-a8df-2355de09456b,https://inaturalist-open-data.s3.amazonaws.com/photos/19356216/medium.jpg,7107,Wood Duck,data/new_raw/images/902f847e-1b8a-4e07-a8df-2355de09456b.jpg
04b3ff1a-501b-45e1-a1e5-20b1b39946a9,https://inaturalist-open-data.s3.amazonaws.com/photos/19376208/medium.jpg,16782,Eastern Kingbird,data/new_raw/images/04b3ff1a-501b-45e1-a1e5-20b1b39946a9.jpg
93b3ded8-145a-4379-8fed-9fe24f3081cb,https://inaturalist-open-data.s3.amazonaws.com/photos/19376381/medium.jpg,4956,Great Blue Heron,data/new_raw/images/93b3ded8-145a-4379-8fed-9fe24f3081cb.jpg
5f7133f7-77a6-45cb-be00-cf57326b60a6,https://inaturalist-open-data.s3.amazonaws.com/photos/19376664/medium.jpg,9100,Song Sparrow,data/new_raw/images/5f7133f7-77a6-45cb-be00-cf57326b60a6.jpg
3797322a-8164-4b5b-a510-41eb900caf61,https://inaturalist-open-data.s3.amazonaws.com/photos/19376774/medium.jpg,10227,Indigo Bunting,data/new_raw/images/3797322a-8164-4b5b-a510-41eb900caf61.jpg
35a15d4b-ecff-4099-9c99-26db77b21c73,https://inaturalist-open-data.s3.amazonaws.com/photos/19376880/medium.jpg,14995,Gray Catbird,data/new_raw/images/35a15d4b-ecff-4099-9c99-26db77b21c73.jpg
3a79c056-eac8-4452-8e80-887fcd77cc10,https://inaturalist-open-data.s3.amazonaws.com/photos/19387000/medium.jpg,11901,Barn Swallow,data/new_raw/images/3a79c056-eac8-4452-8e80-887fcd77cc10.jpg
8456126f-26ac-4a29-bfeb-459870a84838,https://inaturalist-open-data.s3.amazonaws.com/photos/19413602/medium.jpeg,10227,Indigo Bunting,data/new_raw/images/8456126f-26ac-4a29-bfeb-459870a84838.jpg
e6fbb42f-c358-4ce6-9e17-c34d6c45ec9f,https://inaturalist-open-data.s3.amazonaws.com/photos/19413672/medium.jpeg,9100,Song Sparrow,data/new_raw/images/e6fbb42f-c358-4ce6-9e17-c34d6c45ec9f.jpg
fefee724-7c75-476b-8434-81e269c3e798,https://inaturalist-open-data.s3.amazonaws.com/photos/19413671/medium.jpeg,7109,Hooded Merganser,data/new_raw/images/fefee724-7c75-476b-8434-81e269c3e798.jpg
4555cfee-feae-4b79-a5b1-0a488071580e,https://inaturalist-open-data.s3.amazonaws.com/photos/19415698/medium.jpeg,43111,Eastern Cottontail,data/new_raw/images/4555cfee-feae-4b79-a5b1-0a488071580e.jpg
a4c4b6fb-e30b-456b-8d12-a9b14f73c6ff,https://static.inaturalist.org/photos/19434221/medium.jpg,43111,Eastern Cottontail,data/new_raw/images/a4c4b6fb-e30b-456b-8d12-a9b14f73c6ff.jpg
506f86f4-abfb-4ef7-bf3d-02c121fd7b4a,https://static.inaturalist.org/photos/19443526/medium.jpg,1578489,American Herring Gull,data/new_raw/images/506f86f4-abfb-4ef7-bf3d-02c121fd7b4a.jpg
98020e87-0318-41c9-94dd-39433b3c60a3,https://static.inaturalist.org/photos/19449665/medium.jpg,7089,Canada Goose,data/new_raw/images/98020e87-0318-41c9-94dd-39433b3c60a3.jpg
b8fa88e4-e717-4093-b49c-3c57dc60142d,https://static.inaturalist.org/photos/19462322/medium.jpg,145224,Mourning Warbler,data/new_raw/images/b8fa88e4-e717-4093-b49c-3c57dc60142d.jpg
47a6d4cc-7d23-4b23-96da-4318292a2fc5,https://static.inaturalist.org/photos/19462377/medium.jpg,9083,Northern Cardinal,data/new_raw/images/47a6d4cc-7d23-4b23-96da-4318292a2fc5.jpg
59487eec-c5b6-4109-b617-986ef43298d7,https://static.inaturalist.org/photos/19462407/medium.jpg,11970,Northern Rough-winged Swallow,data/new_raw/images/59487eec-c5b6-4109-b617-986ef43298d7.jpg
a864b2e9-4276-41f6-90ca-e5ae7fa58fa6,https://static.inaturalist.org/photos/19462420/medium.jpg,16782,Eastern Kingbird,data/new_raw/images/a864b2e9-4276-41f6-90ca-e5ae7fa58fa6.jpg
25b2bd9b-1622-4e0d-b1b1-9b073fc4c200,https://static.inaturalist.org/photos/19462450/medium.jpg,145238,Yellow Warbler,data/new_raw/images/25b2bd9b-1622-4e0d-b1b1-9b073fc4c200.jpg
299d1c5f-eb83-42bf-b1b6-75b7c55b81fa,https://static.inaturalist.org/photos/19462692/medium.jpg,145225,Kentucky Warbler,data/new_raw/images/299d1c5f-eb83-42bf-b1b6-75b7c55b81fa.jpg
462bc68e-7078-49d6-a45f-7ce919aa4891,https://static.inaturalist.org/photos/19463008/medium.jpg,10286,Black-and-white Warbler,data/new_raw/images/462bc68e-7078-49d6-a45f-7ce919aa4891.jpg
25cfbf9f-a8cf-4e8d-b611-192779658773,https://static.inaturalist.org/photos/19463026/medium.jpg,145236,Bay-breasted Warbler,data/new_raw/images/25cfbf9f-a8cf-4e8d-b611-192779658773.jpg
2696244f-a3d1-4804-ba3b-2faedc1d14c2,https://static.inaturalist.org/photos/19463050/medium.jpg,9346,Baltimore Oriole,data/new_raw/images/2696244f-a3d1-4804-ba3b-2faedc1d14c2.jpg
d19c4d74-e4f5-4443-bbb4-4b2bbcb4dbdc,https://static.inaturalist.org/photos/19463080/medium.jpg,45763,Muskrat,data/new_raw/images/d19c4d74-e4f5-4443-bbb4-4b2bbcb4dbdc.jpg
3c28d359-5973-4928-9f45-c11e7bb595f2,https://static.inaturalist.org/photos/19463105/medium.jpg,145275,Canada Warbler,data/new_raw/images/3c28d359-5973-4928-9f45-c11e7bb595f2.jpg
1a82fceb-b325-4485-9cad-fdd9f2b87211,https://static.inaturalist.org/photos/19463151/medium.jpg,12942,Eastern Bluebird,data/new_raw/images/1a82fceb-b325-4485-9cad-fdd9f2b87211.jpg
9fdbb8bd-b1e5-4dfc-9f7c-8db746dbd3a5,https://static.inaturalist.org/photos/19463191/medium.jpg,9148,Clay-colored Sparrow,data/new_raw/images/9fdbb8bd-b1e5-4dfc-9f7c-8db746dbd3a5.jpg
4c06856e-9dce-4d20-b3e3-ca342ef1f745,https://static.inaturalist.org/photos/19463226/medium.jpg,10247,American Redstart,data/new_raw/images/4c06856e-9dce-4d20-b3e3-ca342ef1f745.jpg
59538e83-991c-4663-a2ae-7ed02fb1ee70,https://static.inaturalist.org/photos/19463248/medium.jpg,2969,Eurasian Collared-Dove,data/new_raw/images/59538e83-991c-4663-a2ae-7ed02fb1ee70.jpg
9537df8f-cf60-492d-ae40-a341fd93c5b1,https://static.inaturalist.org/photos/19463280/medium.jpg,199916,Black-throated Blue Warbler,data/new_raw/images/9537df8f-cf60-492d-ae40-a341fd93c5b1.jpg
f12e9cc0-34d6-4ebe-b4d3-be5e8ec43adb,https://static.inaturalist.org/photos/19463297/medium.jpg,18204,Red-headed Woodpecker,data/new_raw/images/f12e9cc0-34d6-4ebe-b4d3-be5e8ec43adb.jpg
ccae5c9f-645d-4d38-814c-3db8b9dbd966,https://static.inaturalist.org/photos/19463316/medium.jpg,145231,Cape May Warbler,data/new_raw/images/ccae5c9f-645d-4d38-814c-3db8b9dbd966.jpg
004c5602-5bdb-4ab7-b20e-1115de199f91,https://static.inaturalist.org/photos/19463327/medium.jpg,6432,Ruby-throated Hummingbird,data/new_raw/images/004c5602-5bdb-4ab7-b20e-1115de199f91.jpg
7af36e87-51c8-45f7-a70a-c2e135496c04,https://static.inaturalist.org/photos/19463340/medium.jpg,145276,Wilson's Warbler,data/new_raw/images/7af36e87-51c8-45f7-a70a-c2e135496c04.jpg
18371855-391f-4cee-99dd-e33c0685604a,https://static.inaturalist.org/photos/19463357/medium.jpg,62550,Ovenbird,data/new_raw/images/18371855-391f-4cee-99dd-e33c0685604a.jpg
2d174157-99c1-4f1f-96e3-c38da2dfdafb,https://static.inaturalist.org/photos/19463368/medium.jpg,979756,Tennessee Warbler,data/new_raw/images/2d174157-99c1-4f1f-96e3-c38da2dfdafb.jpg
e4953102-6d77-4b39-b862-f414e8f5b41a,https://static.inaturalist.org/photos/19463374/medium.jpg,4981,Black-crowned Night Heron,data/new_raw/images/e4953102-6d77-4b39-b862-f414e8f5b41a.jpg
a8c83891-7bc8-4eec-9513-9245472bb43d,https://static.inaturalist.org/photos/19463383/medium.jpg,145242,Palm Warbler,data/new_raw/images/a8c83891-7bc8-4eec-9513-9245472bb43d.jpg
772a23d1-7045-4443-9ae0-a9c223421745,https://static.inaturalist.org/photos/19463407/medium.jpg,792990,Hairy Woodpecker,data/new_raw/images/772a23d1-7045-4443-9ae0-a9c223421745.jpg
532d3d00-0045-44b7-99d2-aa6d5a2aee05,https://static.inaturalist.org/photos/19463417/medium.jpg,6996,Red-breasted Merganser,data/new_raw/images/532d3d00-0045-44b7-99d2-aa6d5a2aee05.jpg
a751148e-c087-406a-82a7-0f5c36440f78,https://static.inaturalist.org/photos/19463481/medium.jpg,5212,Red-tailed Hawk,data/new_raw/images/a751148e-c087-406a-82a7-0f5c36440f78.jpg
2ecfcfd9-d365-4f07-9048-9f1a7e0ff77b,https://static.inaturalist.org/photos/19463537/medium.jpg,145236,Bay-breasted Warbler,data/new_raw/images/2ecfcfd9-d365-4f07-9048-9f1a7e0ff77b.jpg
9e7de32e-e7e9-4d56-a4f5-1f7cd805832e,https://static.inaturalist.org/photos/19463564/medium.jpg,9921,Scarlet Tanager,data/new_raw/images/9e7de32e-e7e9-4d56-a4f5-1f7cd805832e.jpg
fe08ad8b-fa74-48cd-bbbe-eca40be1388e,https://static.inaturalist.org/photos/19463607/medium.jpg,145236,Bay-breasted Warbler,data/new_raw/images/fe08ad8b-fa74-48cd-bbbe-eca40be1388e.jpg
f6afbb8c-4cbd-4831-9d7d-b24aa373ba7f,https://static.inaturalist.org/photos/19463625/medium.jpg,17402,Blue-headed Vireo,data/new_raw/images/f6afbb8c-4cbd-4831-9d7d-b24aa373ba7f.jpg
0e7da6da-2766-4273-938a-c0e26caa5385,https://static.inaturalist.org/photos/19463640/medium.jpg,12901,Veery,data/new_raw/images/0e7da6da-2766-4273-938a-c0e26caa5385.jpg
d84abaee-2864-4fec-880a-2f3133d6223d,https://static.inaturalist.org/photos/19463657/medium.jpg,145239,Chestnut-sided Warbler,data/new_raw/images/d84abaee-2864-4fec-880a-2f3133d6223d.jpg
f95b466f-86d0-48a8-9604-be7abb5f300e,https://static.inaturalist.org/photos/19463674/medium.jpg,145235,Magnolia Warbler,data/new_raw/images/f95b466f-86d0-48a8-9604-be7abb5f300e.jpg
f17a0110-f5e6-407f-aa13-ee76fb63878e,https://static.inaturalist.org/photos/19463713/medium.jpg,73553,Blue-winged Warbler,data/new_raw/images/f17a0110-f5e6-407f-aa13-ee76fb63878e.jpg
c119efef-5809-4956-adbe-17bbbcc96b59,https://static.inaturalist.org/photos/19463738/medium.jpg,10729,Prothonotary Warbler,data/new_raw/images/c119efef-5809-4956-adbe-17bbbcc96b59.jpg
3cac180d-5f80-4c70-814e-d77ee2458fd6,https://static.inaturalist.org/photos/19463756/medium.jpg,9915,Summer Tanager,data/new_raw/images/3cac180d-5f80-4c70-814e-d77ee2458fd6.jpg
db6fdc3d-155c-4601-849c-066ea3c3048d,https://static.inaturalist.org/photos/19463842/medium.jpg,6893,Black-bellied Whistling-Duck,data/new_raw/images/db6fdc3d-155c-4601-849c-066ea3c3048d.jpg
12642297-6f98-4c64-8c46-8864d72ee474,https://static.inaturalist.org/photos/19467287/medium.jpg,145233,Northern Parula,data/new_raw/images/12642297-6f98-4c64-8c46-8864d72ee474.jpg
b20d4722-875f-4861-9cc3-d6b29222d281,https://static.inaturalist.org/photos/19467792/medium.jpg,8021,American Crow,data/new_raw/images/b20d4722-875f-4861-9cc3-d6b29222d281.jpg
e7f0a921-746a-41e9-b31e-4554a8394989,https://inaturalist-open-data.s3.amazonaws.com/photos/19471959/medium.jpg,14995,Gray Catbird,data/new_raw/images/e7f0a921-746a-41e9-b31e-4554a8394989.jpg
fc252d0a-416b-4ff9-a769-550927437ebb,https://static.inaturalist.org/photos/19474124/medium.jpg,46017,Eastern Gray Squirrel,data/new_raw/images/fc252d0a-416b-4ff9-a769-550927437ebb.jpg
a4dc6dee-5094-4af3-a0d3-883f6ef6a086,https://inaturalist-open-data.s3.amazonaws.com/photos/19485408/medium.jpg,46217,Eastern Chipmunk,data/new_raw/images/a4dc6dee-5094-4af3-a0d3-883f6ef6a086.jpg
fa6fcd74-8633-4325-bdbd-e63fbe31db9b,https://inaturalist-open-data.s3.amazonaws.com/photos/19489413/medium.jpg,7493,Blue-gray Gnatcatcher,data/new_raw/images/fa6fcd74-8633-4325-bdbd-e63fbe31db9b.jpg
d2c61b30-b23f-4cfb-8864-fcfc421d8183,https://inaturalist-open-data.s3.amazonaws.com/photos/19503529/medium.jpeg,144537,Caspian Tern,data/new_raw/images/d2c61b30-b23f-4cfb-8864-fcfc421d8183.jpg
a3dd57f7-d064-456a-bcf2-7665220c6a5a,https://inaturalist-open-data.s3.amazonaws.com/photos/19503536/medium.jpeg,145238,Yellow Warbler,data/new_raw/images/a3dd57f7-d064-456a-bcf2-7665220c6a5a.jpg
623f2166-3e98-4c8f-9bd1-ea0dac2b9032,https://inaturalist-open-data.s3.amazonaws.com/photos/19503708/medium.jpeg,16602,Least Flycatcher,data/new_raw/images/623f2166-3e98-4c8f-9bd1-ea0dac2b9032.jpg
894498fa-17b8-4ef1-884c-93c8c624122f,https://inaturalist-open-data.s3.amazonaws.com/photos/19503717/medium.jpeg,9602,Common Grackle,data/new_raw/images/894498fa-17b8-4ef1-884c-93c8c624122f.jpg
59892573-89fb-43aa-9e0b-5a9b25256fc3,https://inaturalist-open-data.s3.amazonaws.com/photos/19503731/medium.jpeg,9083,Northern Cardinal,data/new_raw/images/59892573-89fb-43aa-9e0b-5a9b25256fc3.jpg
707005e4-e415-47eb-ad0e-578ffaadb75e,https://inaturalist-open-data.s3.amazonaws.com/photos/19503745/medium.jpeg,16100,Eastern Wood-Pewee,data/new_raw/images/707005e4-e415-47eb-ad0e-578ffaadb75e.jpg
7967e714-862b-40e6-a432-4fc4b43f0685,https://inaturalist-open-data.s3.amazonaws.com/photos/19503766/medium.jpeg,145238,Yellow Warbler,data/new_raw/images/7967e714-862b-40e6-a432-4fc4b43f0685.jpg
77766ba9-b002-45e8-9b1d-5d1c32630147,https://inaturalist-open-data.s3.amazonaws.com/photos/19503777/medium.jpeg,17394,Warbling Vireo,data/new_raw/images/77766ba9-b002-45e8-9b1d-5d1c32630147.jpg
c5bf91b0-1e3d-45a9-83f9-524f83d2ec29,https://inaturalist-open-data.s3.amazonaws.com/photos/19503806/medium.jpeg,891704,Red-eyed Vireo,data/new_raw/images/c5bf91b0-1e3d-45a9-83f9-524f83d2ec29.jpg
90f9410a-07b4-4ba7-9301-0a1dc972bd1f,https://inaturalist-open-data.s3.amazonaws.com/photos/19503827/medium.jpeg,11935,Tree Swallow,data/new_raw/images/90f9410a-07b4-4ba7-9301-0a1dc972bd1f.jpg
a6e1f970-0509-43c5-8a06-3f6ca477454b,https://inaturalist-open-data.s3.amazonaws.com/photos/19503843/medium.jpeg,144815,Black-capped Chickadee,data/new_raw/images/a6e1f970-0509-43c5-8a06-3f6ca477454b.jpg
991a39a9-4d1a-4536-a6a6-3bf6d576c15f,https://inaturalist-open-data.s3.amazonaws.com/photos/19503847/medium.jpeg,7493,Blue-gray Gnatcatcher,data/new_raw/images/991a39a9-4d1a-4536-a6a6-3bf6d576c15f.jpg
f4253bb3-cd37-40c6-8280-e382893619d4,https://inaturalist-open-data.s3.amazonaws.com/photos/19503861/medium.jpeg,9176,White-crowned Sparrow,data/new_raw/images/f4253bb3-cd37-40c6-8280-e382893619d4.jpg
8c4c8820-6ef2-43ef-adb7-d64abb2fa70f,https://inaturalist-open-data.s3.amazonaws.com/photos/19538059/medium.jpg,43584,Human,data/new_raw/images/8c4c8820-6ef2-43ef-adb7-d64abb2fa70f.jpg
8b751028-8b30-46a5-b422-fd2a549ce2fe,https://inaturalist-open-data.s3.amazonaws.com/photos/19539169/medium.jpg,13858,House Sparrow,data/new_raw/images/8b751028-8b30-46a5-b422-fd2a549ce2fe.jpg
1f11715b-b470-4e4b-9d55-78154a50eb53,https://inaturalist-open-data.s3.amazonaws.com/photos/19540290/medium.jpg,11901,Barn Swallow,data/new_raw/images/1f11715b-b470-4e4b-9d55-78154a50eb53.jpg
25315bf4-02b1-435f-9bcd-1e58f21f7d44,https://inaturalist-open-data.s3.amazonaws.com/photos/19540602/medium.jpeg,7089,Canada Goose,data/new_raw/images/25315bf4-02b1-435f-9bcd-1e58f21f7d44.jpg
16a67b50-ffa8-4139-a374-5e2e424322c4,https://inaturalist-open-data.s3.amazonaws.com/photos/19542747/medium.jpg,9744,Red-winged Blackbird,data/new_raw/images/16a67b50-ffa8-4139-a374-5e2e424322c4.jpg
b133c87b-401a-48f1-abb4-497238f9796a,https://inaturalist-open-data.s3.amazonaws.com/photos/19544792/medium.jpg,7089,Canada Goose,data/new_raw/images/b133c87b-401a-48f1-abb4-497238f9796a.jpg
0b1b13b5-a9a0-47fb-9330-48f990684a41,https://inaturalist-open-data.s3.amazonaws.com/photos/19544932/medium.jpg,46017,Eastern Gray Squirrel,data/new_raw/images/0b1b13b5-a9a0-47fb-9330-48f990684a41.jpg
cb6e8922-e79d-4ef9-99ae-197f214612d6,https://inaturalist-open-data.s3.amazonaws.com/photos/19544956/medium.jpg,144537,Caspian Tern,data/new_raw/images/cb6e8922-e79d-4ef9-99ae-197f214612d6.jpg
f84ff3cf-f7c6-45bb-9d23-2b7620215142,https://inaturalist-open-data.s3.amazonaws.com/photos/19557515/medium.jpeg,43111,Eastern Cottontail,data/new_raw/images/f84ff3cf-f7c6-45bb-9d23-2b7620215142.jpg
89c18365-2721-4154-a49d-b9afb83319e2,https://inaturalist-open-data.s3.amazonaws.com/photos/19572132/medium.jpeg,4981,Black-crowned Night Heron,data/new_raw/images/89c18365-2721-4154-a49d-b9afb83319e2.jpg
b00ef84b-85f1-423c-8dcf-c0118c2a771c,https://static.inaturalist.org/photos/19606195/medium.jpg,122767,Feral Pigeon,data/new_raw/images/b00ef84b-85f1-423c-8dcf-c0118c2a771c.jpg
381ef100-edbd-4f0a-9db2-efd4b36c1ae5,https://static.inaturalist.org/photos/19608246/medium.jpg,14850,European Starling,data/new_raw/images/381ef100-edbd-4f0a-9db2-efd4b36c1ae5.jpg
2c3e935f-3b26-437a-8145-1dc3d75f967c,https://inaturalist-open-data.s3.amazonaws.com/photos/19618329/medium.jpg,9744,Red-winged Blackbird,data/new_raw/images/2c3e935f-3b26-437a-8145-1dc3d75f967c.jpg
9df91d37-4d43-4ea0-a3b4-b76e23eeb7eb,https://static.inaturalist.org/photos/19623127/medium.jpg,47144,Domestic Dog,data/new_raw/images/9df91d37-4d43-4ea0-a3b4-b76e23eeb7eb.jpg
1f297137-4469-4ee8-99d5-a5ecae324139,https://static.inaturalist.org/photos/19623142/medium.jpg,47144,Domestic Dog,data/new_raw/images/1f297137-4469-4ee8-99d5-a5ecae324139.jpg
743741bf-b8ad-4bf2-ba8d-5c1df529f4dd,https://inaturalist-open-data.s3.amazonaws.com/photos/19630581/medium.jpg,44576,Brown Rat,data/new_raw/images/743741bf-b8ad-4bf2-ba8d-5c1df529f4dd.jpg
25c604db-3f1d-4e33-89bd-fb747da494fa,https://inaturalist-open-data.s3.amazonaws.com/photos/19686097/medium.jpeg,43111,Eastern Cottontail,data/new_raw/images/25c604db-3f1d-4e33-89bd-fb747da494fa.jpg
d27a2055-38d5-4346-9a88-d5cac8131df6,https://inaturalist-open-data.s3.amazonaws.com/photos/19719268/medium.jpeg,3866,White-rumped Sandpiper,data/new_raw/images/d27a2055-38d5-4346-9a88-d5cac8131df6.jpg
9e560ce6-5025-4075-9bc5-7cf19fb42230,https://inaturalist-open-data.s3.amazonaws.com/photos/19723780/medium.jpeg,144537,Caspian Tern,data/new_raw/images/9e560ce6-5025-4075-9bc5-7cf19fb42230.jpg
8e260e44-c2a0-4460-aff8-fe02cbae4bb3,https://inaturalist-open-data.s3.amazonaws.com/photos/19728088/medium.jpeg,1965,Yellow-billed Cuckoo,data/new_raw/images/8e260e44-c2a0-4460-aff8-fe02cbae4bb3.jpg
3a6e78c9-5fe7-42a4-9a09-7868b37959db,https://inaturalist-open-data.s3.amazonaws.com/photos/19738526/medium.jpg,12727,American Robin,data/new_raw/images/3a6e78c9-5fe7-42a4-9a09-7868b37959db.jpg
eb81104c-6f61-4d97-957f-c24b04858531,https://inaturalist-open-data.s3.amazonaws.com/photos/19740506/medium.jpg,4981,Black-crowned Night Heron,data/new_raw/images/eb81104c-6f61-4d97-957f-c24b04858531.jpg
cd29b08a-3930-45d8-a8fc-f8e89e12e252,https://inaturalist-open-data.s3.amazonaws.com/photos/19740185/medium.jpeg,6571,Chimney Swift,data/new_raw/images/cd29b08a-3930-45d8-a8fc-f8e89e12e252.jpg
c1cdbcb5-9176-4e14-a24d-020a40b8aa4b,https://inaturalist-open-data.s3.amazonaws.com/photos/19763303/medium.jpeg,7107,Wood Duck,data/new_raw/images/c1cdbcb5-9176-4e14-a24d-020a40b8aa4b.jpg
883f718e-eeed-45d2-baf4-9d4acda4afe9,https://inaturalist-open-data.s3.amazonaws.com/photos/19769328/medium.jpeg,19349,Monk Parakeet,data/new_raw/images/883f718e-eeed-45d2-baf4-9d4acda4afe9.jpg
18720c64-d450-4d51-942c-260d369fb6bc,https://inaturalist-open-data.s3.amazonaws.com/photos/19773776/medium.jpeg,558512,Northern Shrike,data/new_raw/images/18720c64-d450-4d51-942c-260d369fb6bc.jpg
a0d7a375-148f-49f3-896e-ae44dea688f1,https://inaturalist-open-data.s3.amazonaws.com/photos/19773795/medium.jpeg,16620,Alder Flycatcher,data/new_raw/images/a0d7a375-148f-49f3-896e-ae44dea688f1.jpg
8c581048-2c35-459c-aa15-d007bf74f540,https://inaturalist-open-data.s3.amazonaws.com/photos/19773797/medium.jpeg,17402,Blue-headed Vireo,data/new_raw/images/8c581048-2c35-459c-aa15-d007bf74f540.jpg
c4442eb2-42e2-4adc-9ccf-27cbb028e773,https://inaturalist-open-data.s3.amazonaws.com/photos/19773924/medium.jpeg,16603,Yellow-bellied Flycatcher,data/new_raw/images/c4442eb2-42e2-4adc-9ccf-27cbb028e773.jpg
870e38dd-8c20-4836-9254-95d793683154,https://inaturalist-open-data.s3.amazonaws.com/photos/19773934/medium.jpeg,17364,Philadelphia Vireo,data/new_raw/images/870e38dd-8c20-4836-9254-95d793683154.jpg
5663d1a3-fe31-4552-bbea-830afd3be2d5,https://inaturalist-open-data.s3.amazonaws.com/photos/19780175/medium.jpeg,11901,Barn Swallow,data/new_raw/images/5663d1a3-fe31-4552-bbea-830afd3be2d5.jpg
be5f0042-9979-4e95-a353-58b53079db39,https://static.inaturalist.org/photos/19790210/medium.jpeg,5020,Green Heron,data/new_raw/images/be5f0042-9979-4e95-a353-58b53079db39.jpg
bebfeb4e-da8f-4c79-b144-a31ed65e66fe,https://static.inaturalist.org/photos/19790239/medium.jpeg,7107,Wood Duck,data/new_raw/images/bebfeb4e-da8f-4c79-b144-a31ed65e66fe.jpg
a7343e22-2518-4bfe-9596-10cb86d64667,https://inaturalist-open-data.s3.amazonaws.com/photos/19790968/medium.jpeg,12901,Veery,data/new_raw/images/a7343e22-2518-4bfe-9596-10cb86d64667.jpg
55099a92-e5d0-4784-bec4-4be7e86f49c6,https://static.inaturalist.org/photos/19811033/medium.jpg,13858,House Sparrow,data/new_raw/images/55099a92-e5d0-4784-bec4-4be7e86f49c6.jpg
97684e3f-3a06-4bf3-a124-29c6a4f9c4ce,https://static.inaturalist.org/photos/19821860/medium.jpg,4981,Black-crowned Night Heron,data/new_raw/images/97684e3f-3a06-4bf3-a124-29c6a4f9c4ce.jpg
d5897687-d318-4f30-be92-db3207d4911f,https://inaturalist-open-data.s3.amazonaws.com/photos/19831612/medium.jpg,43111,Eastern Cottontail,data/new_raw/images/d5897687-d318-4f30-be92-db3207d4911f.jpg
10e57a30-bdd9-40a7-b676-3ef5ac3f02c1,https://static.inaturalist.org/photos/19861337/medium.jpg,14995,Gray Catbird,data/new_raw/images/10e57a30-bdd9-40a7-b676-3ef5ac3f02c1.jpg
0d5a1563-0411-4e80-a2a4-785f8b394927,https://static.inaturalist.org/photos/19861371/medium.jpg,46217,Eastern Chipmunk,data/new_raw/images/0d5a1563-0411-4e80-a2a4-785f8b394927.jpg
071fdb55-8eb1-4666-9d21-ab3f2a052ff0,https://static.inaturalist.org/photos/19861564/medium.jpg,9744,Red-winged Blackbird,data/new_raw/images/071fdb55-8eb1-4666-9d21-ab3f2a052ff0.jpg
cbf92a01-0c93-44f0-9216-0755fb08176b,https://static.inaturalist.org/photos/19861926/medium.jpg,6930,Mallard,data/new_raw/images/cbf92a01-0c93-44f0-9216-0755fb08176b.jpg
a157f58d-1711-4af0-8fca-beab468bc9c3,https://static.inaturalist.org/photos/20197184/medium.jpeg,46217,Eastern Chipmunk,data/new_raw/images/a157f58d-1711-4af0-8fca-beab468bc9c3.jpg
f7da0418-78f6-43be-8778-f77143946b14,https://static.inaturalist.org/photos/20197197/medium.jpeg,42223,White-tailed Deer,data/new_raw/images/f7da0418-78f6-43be-8778-f77143946b14.jpg
db077a85-33ba-4171-adb8-4ee8ce643fff,https://static.inaturalist.org/photos/20197217/medium.jpeg,42223,White-tailed Deer,data/new_raw/images/db077a85-33ba-4171-adb8-4ee8ce643fff.jpg
8f6534ce-8dae-4f95-a24d-9d372ff208e4,https://inaturalist-open-data.s3.amazonaws.com/photos/19890229/medium.jpeg,17355,Vireos,data/new_raw/images/8f6534ce-8dae-4f95-a24d-9d372ff208e4.jpg
da51ad01-6e99-4c7e-8400-915eab5a2c51,https://static.inaturalist.org/photos/19917164/medium.jpg,42223,White-tailed Deer,data/new_raw/images/da51ad01-6e99-4c7e-8400-915eab5a2c51.jpg
189b2967-7d10-4098-811c-fde69685191d,https://inaturalist-open-data.s3.amazonaws.com/photos/19942154/medium.jpeg,12727,American Robin,data/new_raw/images/189b2967-7d10-4098-811c-fde69685191d.jpg
3d88bf94-426c-48f7-9834-ae3b8f113094,https://inaturalist-open-data.s3.amazonaws.com/photos/19950647/medium.jpg,7107,Wood Duck,data/new_raw/images/3d88bf94-426c-48f7-9834-ae3b8f113094.jpg
b7462de6-8f9f-400f-9111-0fc50befc07f,https://inaturalist-open-data.s3.amazonaws.com/photos/19955864/medium.jpeg,145244,Pine Warbler,data/new_raw/images/b7462de6-8f9f-400f-9111-0fc50befc07f.jpg
f5c4827b-e1c4-4d59-ac5d-11c96056a54d,https://inaturalist-open-data.s3.amazonaws.com/photos/19955928/medium.jpeg,979756,Tennessee Warbler,data/new_raw/images/f5c4827b-e1c4-4d59-ac5d-11c96056a54d.jpg
0b3c118b-908c-48ca-806b-9b89e2a21449,https://inaturalist-open-data.s3.amazonaws.com/photos/19955971/medium.jpeg,73553,Blue-winged Warbler,data/new_raw/images/0b3c118b-908c-48ca-806b-9b89e2a21449.jpg
762154ae-a716-4c21-9141-29e31c32b3c9,https://inaturalist-open-data.s3.amazonaws.com/photos/19955982/medium.jpeg,9807,Golden-winged Warbler,data/new_raw/images/762154ae-a716-4c21-9141-29e31c32b3c9.jpg
045e000c-1f17-4d11-968d-96651d381da6,https://inaturalist-open-data.s3.amazonaws.com/photos/19955990/medium.jpeg,145231,Cape May Warbler,data/new_raw/images/045e000c-1f17-4d11-968d-96651d381da6.jpg
11340c69-acb2-47e2-8b5c-6f37955a89d7,https://inaturalist-open-data.s3.amazonaws.com/photos/19956002/medium.jpeg,145229,Hooded Warbler,data/new_raw/images/11340c69-acb2-47e2-8b5c-6f37955a89d7.jpg
819bef22-b506-4251-a392-7709488a6914,https://inaturalist-open-data.s3.amazonaws.com/photos/19956044/medium.jpeg,145230,Kirtland's Warbler,data/new_raw/images/819bef22-b506-4251-a392-7709488a6914.jpg
460d050a-36e3-4f24-9e7b-e32d362b508e,https://static.inaturalist.org/photos/19971075/medium.jpg,367715,King Rail,data/new_raw/images/460d050a-36e3-4f24-9e7b-e32d362b508e.jpg
ac7294b2-19af-4270-a7a5-0242eaed5c98,https://static.inaturalist.org/photos/19971392/medium.jpg,72458,Spotted Sandpiper,data/new_raw/images/ac7294b2-19af-4270-a7a5-0242eaed5c98.jpg
70d83747-7c7e-45f5-9a7d-ecc38b760bfd,https://static.inaturalist.org/photos/19971451/medium.jpg,4793,Killdeer,data/new_raw/images/70d83747-7c7e-45f5-9a7d-ecc38b760bfd.jpg
b498adaf-3240-4a64-a521-436d6bbc4096,https://static.inaturalist.org/photos/19971479/medium.jpg,11970,Northern Rough-winged Swallow,data/new_raw/images/b498adaf-3240-4a64-a521-436d6bbc4096.jpg
f8bc19dd-f47a-4632-a4fd-14ec03e96c7e,https://inaturalist-open-data.s3.amazonaws.com/photos/19972930/medium.jpeg,9152,Field Sparrow,data/new_raw/images/f8bc19dd-f47a-4632-a4fd-14ec03e96c7e.jpg
dcf1b0e4-dab0-4d2b-bc85-0fdf78692fa0,https://inaturalist-open-data.s3.amazonaws.com/photos/19972936/medium.jpeg,9424,Eastern Towhee,data/new_raw/images/dcf1b0e4-dab0-4d2b-bc85-0fdf78692fa0.jpg
3db81af4-5c2c-4f71-a26c-6ac4f10cbcaa,https://inaturalist-open-data.s3.amazonaws.com/photos/19972975/medium.jpeg,793286,Nelson's Sparrow,data/new_raw/images/3db81af4-5c2c-4f71-a26c-6ac4f10cbcaa.jpg
5e06e2b7-3af4-4ef4-9207-fbb8cec8f19f,https://inaturalist-open-data.s3.amazonaws.com/photos/20001690/medium.jpeg,9083,Northern Cardinal,data/new_raw/images/5e06e2b7-3af4-4ef4-9207-fbb8cec8f19f.jpg
a35233ba-80d1-42e3-9ab8-55b4fba3d0b4,https://static.inaturalist.org/photos/20039872/medium.jpg,122767,Feral Pigeon,data/new_raw/images/a35233ba-80d1-42e3-9ab8-55b4fba3d0b4.jpg
a4fe589e-63ee-45e8-817f-2f264260356c,https://static.inaturalist.org/photos/20043236/medium.jpg,6930,Mallard,data/new_raw/images/a4fe589e-63ee-45e8-817f-2f264260356c.jpg
87b0aa11-4d79-4073-8773-ea63acadb825,https://static.inaturalist.org/photos/20043429/medium.jpg,4364,Ring-billed Gull,data/new_raw/images/87b0aa11-4d79-4073-8773-ea63acadb825.jpg
53dec137-fb85-4f6d-aaae-299276fa2cda,https://static.inaturalist.org/photos/20043641/medium.jpg,7089,Canada Goose,data/new_raw/images/53dec137-fb85-4f6d-aaae-299276fa2cda.jpg
14a3ba75-e207-4a79-a2db-315ac701aaa2,https://static.inaturalist.org/photos/20049500/medium.jpg,43111,Eastern Cottontail,data/new_raw/images/14a3ba75-e207-4a79-a2db-315ac701aaa2.jpg
c0b494d1-69fd-4bd9-a9c5-c6c007af3013,https://inaturalist-open-data.s3.amazonaws.com/photos/20051072/medium.jpg,43111,Eastern Cottontail,data/new_raw/images/c0b494d1-69fd-4bd9-a9c5-c6c007af3013.jpg
28409602-a4a0-4f6b-b532-86916d2df3f2,https://inaturalist-open-data.s3.amazonaws.com/photos/20104367/medium.jpeg,10227,Indigo Bunting,data/new_raw/images/28409602-a4a0-4f6b-b532-86916d2df3f2.jpg
6e5f2b8a-4fca-4f44-ad0a-4feaa5377765,https://inaturalist-open-data.s3.amazonaws.com/photos/20104373/medium.jpeg,42223,White-tailed Deer,data/new_raw/images/6e5f2b8a-4fca-4f44-ad0a-4feaa5377765.jpg
3f6f79f2-71af-455e-bdeb-383cf34c2cf9,https://inaturalist-open-data.s3.amazonaws.com/photos/20104377/medium.jpeg,7107,Wood Duck,data/new_raw/images/3f6f79f2-71af-455e-bdeb-383cf34c2cf9.jpg
024647f6-b0ab-4951-b26f-a9077652e149,https://inaturalist-open-data.s3.amazonaws.com/photos/20104382/medium.jpeg,4981,Black-crowned Night Heron,data/new_raw/images/024647f6-b0ab-4951-b26f-a9077652e149.jpg
2eee4bca-4992-4e7c-ba56-0caf5f9b1077,https://inaturalist-open-data.s3.amazonaws.com/photos/20104393/medium.jpeg,42223,White-tailed Deer,data/new_raw/images/2eee4bca-4992-4e7c-ba56-0caf5f9b1077.jpg
1655f4a2-1824-4ab3-be43-89fe7e2d3afe,https://inaturalist-open-data.s3.amazonaws.com/photos/20107333/medium.jpeg,7428,Cedar Waxwing,data/new_raw/images/1655f4a2-1824-4ab3-be43-89fe7e2d3afe.jpg
8025e39f-0a2c-46fd-942f-9a64d6beb4d5,https://inaturalist-open-data.s3.amazonaws.com/photos/20139584/medium.jpeg,7107,Wood Duck,data/new_raw/images/8025e39f-0a2c-46fd-942f-9a64d6beb4d5.jpg
d75ef2ff-9b3f-47cd-9037-6dfdd2289846,https://inaturalist-open-data.s3.amazonaws.com/photos/20139796/medium.jpeg,7107,Wood Duck,data/new_raw/images/d75ef2ff-9b3f-47cd-9037-6dfdd2289846.jpg
cd39353d-9e59-4a6d-866e-65bb0f67132a,https://inaturalist-open-data.s3.amazonaws.com/photos/20149826/medium.jpg,1965,Yellow-billed Cuckoo,data/new_raw/images/cd39353d-9e59-4a6d-866e-65bb0f67132a.jpg
b1519ed8-1460-4b48-8f02-c50878bfee4f,https://inaturalist-open-data.s3.amazonaws.com/photos/20150212/medium.jpg,3454,Mourning Dove,data/new_raw/images/b1519ed8-1460-4b48-8f02-c50878bfee4f.jpg
877fe60c-0659-46f2-b65a-d96a185865d4,https://inaturalist-open-data.s3.amazonaws.com/photos/20150568/medium.jpg,14995,Gray Catbird,data/new_raw/images/877fe60c-0659-46f2-b65a-d96a185865d4.jpg
6001beb3-b462-4993-aedb-b5c273d4cc71,https://inaturalist-open-data.s3.amazonaws.com/photos/20165334/medium.jpeg,9346,Baltimore Oriole,data/new_raw/images/6001beb3-b462-4993-aedb-b5c273d4cc71.jpg
b31aa77f-6642-427c-bfda-20d07297df5f,https://inaturalist-open-data.s3.amazonaws.com/photos/20165335/medium.jpeg,145235,Magnolia Warbler,data/new_raw/images/b31aa77f-6642-427c-bfda-20d07297df5f.jpg
62decf9c-8c1c-4c8c-9fcf-53b08b502f20,https://inaturalist-open-data.s3.amazonaws.com/photos/20165339/medium.jpeg,12727,American Robin,data/new_raw/images/62decf9c-8c1c-4c8c-9fcf-53b08b502f20.jpg
95dacbde-6086-4d5a-8919-d39b972d928a,https://inaturalist-open-data.s3.amazonaws.com/photos/20165340/medium.jpeg,10247,American Redstart,data/new_raw/images/95dacbde-6086-4d5a-8919-d39b972d928a.jpg
9d89df1e-0c29-4fb7-8a05-07e743de06f8,https://inaturalist-open-data.s3.amazonaws.com/photos/20165344/medium.jpeg,14823,Red-breasted Nuthatch,data/new_raw/images/9d89df1e-0c29-4fb7-8a05-07e743de06f8.jpg
60fda689-bad8-416a-8c01-efc6c134c0b8,https://inaturalist-open-data.s3.amazonaws.com/photos/20165352/medium.jpeg,9981,Savannah Sparrow,data/new_raw/images/60fda689-bad8-416a-8c01-efc6c134c0b8.jpg
75fac5bd-8109-4e8d-a507-002b6da7de28,https://inaturalist-open-data.s3.amazonaws.com/photos/20165685/medium.jpeg,145239,Chestnut-sided Warbler,data/new_raw/images/75fac5bd-8109-4e8d-a507-002b6da7de28.jpg
2843be1a-f19f-4bb6-ab76-fc2af4ff74a7,https://inaturalist-open-data.s3.amazonaws.com/photos/20165688/medium.jpeg,199916,Black-throated Blue Warbler,data/new_raw/images/2843be1a-f19f-4bb6-ab76-fc2af4ff74a7.jpg
a2a7e028-c7be-4047-9867-8169590f9bab,https://inaturalist-open-data.s3.amazonaws.com/photos/20165690/medium.jpeg,7109,Hooded Merganser,data/new_raw/images/a2a7e028-c7be-4047-9867-8169590f9bab.jpg
b457d870-4c42-4a70-8eeb-92266ad11f53,https://inaturalist-open-data.s3.amazonaws.com/photos/20165692/medium.jpeg,12883,Gray-cheeked Thrush,data/new_raw/images/b457d870-4c42-4a70-8eeb-92266ad11f53.jpg
ab4fb037-5b67-4ca0-bf29-97ac13c6390b,https://inaturalist-open-data.s3.amazonaws.com/photos/20165695/medium.jpeg,11970,Northern Rough-winged Swallow,data/new_raw/images/ab4fb037-5b67-4ca0-bf29-97ac13c6390b.jpg
a9139624-22e0-4965-833b-69c29c9904ad,https://inaturalist-open-data.s3.amazonaws.com/photos/20165697/medium.jpeg,10729,Prothonotary Warbler,data/new_raw/images/a9139624-22e0-4965-833b-69c29c9904ad.jpg
7e98e943-8cea-43f3-8598-fed53254d4ee,https://inaturalist-open-data.s3.amazonaws.com/photos/20165698/medium.jpeg,145237,Blackburnian Warbler,data/new_raw/images/7e98e943-8cea-43f3-8598-fed53254d4ee.jpg
c2dd8001-3447-4a83-8184-a3e5f456478f,https://inaturalist-open-data.s3.amazonaws.com/photos/20166936/medium.jpeg,41663,Common Raccoon,data/new_raw/images/c2dd8001-3447-4a83-8184-a3e5f456478f.jpg
f9d39e09-caee-43f6-8890-430099ac0569,https://inaturalist-open-data.s3.amazonaws.com/photos/20166949/medium.jpeg,145239,Chestnut-sided Warbler,data/new_raw/images/f9d39e09-caee-43f6-8890-430099ac0569.jpg
5298cc57-a767-4854-8770-336b6acc2f4b,https://inaturalist-open-data.s3.amazonaws.com/photos/20166952/medium.jpeg,11935,Tree Swallow,data/new_raw/images/5298cc57-a767-4854-8770-336b6acc2f4b.jpg
a53ce0b1-e234-45ac-baeb-1445d64144eb,https://inaturalist-open-data.s3.amazonaws.com/photos/20166957/medium.jpeg,11935,Tree Swallow,data/new_raw/images/a53ce0b1-e234-45ac-baeb-1445d64144eb.jpg
6f2bec99-d891-40cb-8e52-21a759b787fc,https://inaturalist-open-data.s3.amazonaws.com/photos/20166962/medium.jpeg,10247,American Redstart,data/new_raw/images/6f2bec99-d891-40cb-8e52-21a759b787fc.jpg
f43e7048-6e63-4ee3-859c-e851891459e4,https://inaturalist-open-data.s3.amazonaws.com/photos/20166968/medium.jpeg,132704,Myrtle Warbler,data/new_raw/images/f43e7048-6e63-4ee3-859c-e851891459e4.jpg
4362576b-feb0-4155-bbd6-4028ecd9cbd3,https://inaturalist-open-data.s3.amazonaws.com/photos/20166974/medium.jpeg,145236,Bay-breasted Warbler,data/new_raw/images/4362576b-feb0-4155-bbd6-4028ecd9cbd3.jpg
ed693f48-bf58-402e-9ccc-eb7895529b67,https://inaturalist-open-data.s3.amazonaws.com/photos/20166981/medium.jpeg,10729,Prothonotary Warbler,data/new_raw/images/ed693f48-bf58-402e-9ccc-eb7895529b67.jpg
a5864ed4-4df4-42f2-9e77-22fff11c86ef,https://inaturalist-open-data.s3.amazonaws.com/photos/20166992/medium.jpeg,7107,Wood Duck,data/new_raw/images/a5864ed4-4df4-42f2-9e77-22fff11c86ef.jpg
093c46c9-ad2a-4076-b415-0aad7dcabaef,https://inaturalist-open-data.s3.amazonaws.com/photos/20166996/medium.jpeg,145239,Chestnut-sided Warbler,data/new_raw/images/093c46c9-ad2a-4076-b415-0aad7dcabaef.jpg
b3efdba0-85ec-4db9-bda6-25d5b8332147,https://inaturalist-open-data.s3.amazonaws.com/photos/20166998/medium.jpeg,9981,Savannah Sparrow,data/new_raw/images/b3efdba0-85ec-4db9-bda6-25d5b8332147.jpg
dec436f1-0b00-4ae6-ac06-7db70db3903c,https://inaturalist-open-data.s3.amazonaws.com/photos/20167001/medium.jpeg,9135,Chipping Sparrow,data/new_raw/images/dec436f1-0b00-4ae6-ac06-7db70db3903c.jpg
bed176c3-a644-43ec-8d36-bba65a4eaa4e,https://inaturalist-open-data.s3.amazonaws.com/photos/20167003/medium.jpeg,145240,Blackpoll Warbler,data/new_raw/images/bed176c3-a644-43ec-8d36-bba65a4eaa4e.jpg
53f137d1-1ec7-4b41-b36c-1b9e750e8abe,https://inaturalist-open-data.s3.amazonaws.com/photos/20167005/medium.jpeg,145240,Blackpoll Warbler,data/new_raw/images/53f137d1-1ec7-4b41-b36c-1b9e750e8abe.jpg
fc557da5-e2ce-4aa4-9591-a859747c12f6,https://inaturalist-open-data.s3.amazonaws.com/photos/20167009/medium.jpeg,145236,Bay-breasted Warbler,data/new_raw/images/fc557da5-e2ce-4aa4-9591-a859747c12f6.jpg
fb7114db-c341-4a2e-845b-7594393a3a4a,https://inaturalist-open-data.s3.amazonaws.com/photos/20167013/medium.jpeg,494355,Eastern Red-tailed Hawk,data/new_raw/images/fb7114db-c341-4a2e-845b-7594393a3a4a.jpg
d63dbe63-61ec-4e0f-bbd8-95cf35aaec2c,https://inaturalist-open-data.s3.amazonaws.com/photos/20167016/medium.jpeg,145258,Black-throated Green Warbler,data/new_raw/images/d63dbe63-61ec-4e0f-bbd8-95cf35aaec2c.jpg
f36d2c9c-aac0-4852-b412-16ebb9cbde2f,https://inaturalist-open-data.s3.amazonaws.com/photos/20174611/medium.jpg,4793,Killdeer,data/new_raw/images/f36d2c9c-aac0-4852-b412-16ebb9cbde2f.jpg
edf9c3ec-2403-498b-9018-e0b587580750,https://static.inaturalist.org/photos/20208026/medium.jpg,9744,Red-winged Blackbird,data/new_raw/images/edf9c3ec-2403-498b-9018-e0b587580750.jpg
93f5c6bd-6069-406d-93a2-018c45694512,https://static.inaturalist.org/photos/20210541/medium.jpg,43111,Eastern Cottontail,data/new_raw/images/93f5c6bd-6069-406d-93a2-018c45694512.jpg
a4e10880-9bfc-48c1-9751-77d586be8169,https://static.inaturalist.org/photos/20210584/medium.jpg,43111,Eastern Cottontail,data/new_raw/images/a4e10880-9bfc-48c1-9751-77d586be8169.jpg
19d40ebd-8a33-4bb1-b0a2-dc64bcd829b2,https://static.inaturalist.org/photos/20211093/medium.jpg,9083,Northern Cardinal,data/new_raw/images/19d40ebd-8a33-4bb1-b0a2-dc64bcd829b2.jpg
93326ea4-de81-4436-8bb3-38ba1c747534,https://inaturalist-open-data.s3.amazonaws.com/photos/20226365/medium.jpg,12727,American Robin,data/new_raw/images/93326ea4-de81-4436-8bb3-38ba1c747534.jpg
8bd284ed-6f63-4a2f-a442-c618d8befff1,https://static.inaturalist.org/photos/20254270/medium.jpg,11858,Cliff Swallow,data/new_raw/images/8bd284ed-6f63-4a2f-a442-c618d8befff1.jpg
5c9daf4e-50c8-4ee9-aad2-144e7f1bb1f1,https://static.inaturalist.org/photos/20254292/medium.jpg,11858,Cliff Swallow,data/new_raw/images/5c9daf4e-50c8-4ee9-aad2-144e7f1bb1f1.jpg
a0d4045c-e6d1-49b5-bb02-77ea445688d2,https://static.inaturalist.org/photos/20260115/medium.jpg,10227,Indigo Bunting,data/new_raw/images/a0d4045c-e6d1-49b5-bb02-77ea445688d2.jpg
c223e40d-dcab-4f66-a840-ace6183cd7c1,https://static.inaturalist.org/photos/20314571/medium.jpeg,5020,Green Heron,data/new_raw/images/c223e40d-dcab-4f66-a840-ace6183cd7c1.jpg
a417b9d0-a25b-4eb8-bb5d-5848b5b7ffd5,https://inaturalist-open-data.s3.amazonaws.com/photos/20316298/medium.jpeg,6930,Mallard,data/new_raw/images/a417b9d0-a25b-4eb8-bb5d-5848b5b7ffd5.jpg
a3b328e2-1f17-4061-bbbb-e37d7b02d5b2,https://inaturalist-open-data.s3.amazonaws.com/photos/20316346/medium.jpeg,43584,Human,data/new_raw/images/a3b328e2-1f17-4061-bbbb-e37d7b02d5b2.jpg
dd20b58b-6360-42e1-881e-dbec9cfbe2da,https://static.inaturalist.org/photos/20316365/medium.jpeg,3,Birds,data/new_raw/images/dd20b58b-6360-42e1-881e-dbec9cfbe2da.jpg
2e94109d-d055-4bc6-93f2-47d4eb886316,https://inaturalist-open-data.s3.amazonaws.com/photos/20316404/medium.jpeg,5020,Green Heron,data/new_raw/images/2e94109d-d055-4bc6-93f2-47d4eb886316.jpg
612ff3fb-b94f-4bc4-ac56-8248767a330d,https://inaturalist-open-data.s3.amazonaws.com/photos/20316409/medium.jpeg,7089,Canada Goose,data/new_raw/images/612ff3fb-b94f-4bc4-ac56-8248767a330d.jpg
0f3898ad-0fc5-41a3-8d90-3de329f5bb38,https://static.inaturalist.org/photos/20316444/medium.jpeg,13858,House Sparrow,data/new_raw/images/0f3898ad-0fc5-41a3-8d90-3de329f5bb38.jpg
c1e6a2d9-20bf-4f8a-bafb-54991c70d230,https://inaturalist-open-data.s3.amazonaws.com/photos/20316548/medium.jpeg,6930,Mallard,data/new_raw/images/c1e6a2d9-20bf-4f8a-bafb-54991c70d230.jpg
9a7be4a4-a9b5-43af-b8df-95fb20904412,https://inaturalist-open-data.s3.amazonaws.com/photos/20316493/medium.jpeg,6930,Mallard,data/new_raw/images/9a7be4a4-a9b5-43af-b8df-95fb20904412.jpg
ceb0012a-0c08-4fcc-900a-a210a04dc94f,https://static.inaturalist.org/photos/20316464/medium.jpeg,7089,Canada Goose,data/new_raw/images/ceb0012a-0c08-4fcc-900a-a210a04dc94f.jpg
d5b82035-79d6-46de-9e33-ea58a928a286,https://inaturalist-open-data.s3.amazonaws.com/photos/20316477/medium.jpeg,7107,Wood Duck,data/new_raw/images/d5b82035-79d6-46de-9e33-ea58a928a286.jpg
b86dc39a-1316-4836-8437-3032fedc68ba,https://inaturalist-open-data.s3.amazonaws.com/photos/20316496/medium.jpeg,4981,Black-crowned Night Heron,data/new_raw/images/b86dc39a-1316-4836-8437-3032fedc68ba.jpg
83f208c6-60e5-4bf9-9341-8812f8371cc6,https://static.inaturalist.org/photos/20316520/medium.jpeg,46017,Eastern Gray Squirrel,data/new_raw/images/83f208c6-60e5-4bf9-9341-8812f8371cc6.jpg
094b5ab4-2014-41ad-9659-04068a0df27d,https://static.inaturalist.org/photos/20316529/medium.jpeg,4981,Black-crowned Night Heron,data/new_raw/images/094b5ab4-2014-41ad-9659-04068a0df27d.jpg
7b15878e-8fbc-429e-a9bf-47bf99a4d975,https://static.inaturalist.org/photos/20316541/medium.jpeg,46017,Eastern Gray Squirrel,data/new_raw/images/7b15878e-8fbc-429e-a9bf-47bf99a4d975.jpg
904cf2a3-4bcd-4e7c-8172-f3fbef0d8780,https://static.inaturalist.org/photos/20316553/medium.jpeg,46017,Eastern Gray Squirrel,data/new_raw/images/904cf2a3-4bcd-4e7c-8172-f3fbef0d8780.jpg
dfa3f644-a4b6-4de4-86cc-603b61540d98,https://inaturalist-open-data.s3.amazonaws.com/photos/20316569/medium.jpeg,6930,Mallard,data/new_raw/images/dfa3f644-a4b6-4de4-86cc-603b61540d98.jpg
87a862c0-f0f1-44c9-8059-b7789f1419ad,https://static.inaturalist.org/photos/20316575/medium.jpeg,7089,Canada Goose,data/new_raw/images/87a862c0-f0f1-44c9-8059-b7789f1419ad.jpg
be2d229b-bc5e-449c-91f2-ff39c54f4ca2,https://inaturalist-open-data.s3.amazonaws.com/photos/20316624/medium.jpeg,7089,Canada Goose,data/new_raw/images/be2d229b-bc5e-449c-91f2-ff39c54f4ca2.jpg
1e74d2bb-6310-4b53-8668-7ef671c88173,https://inaturalist-open-data.s3.amazonaws.com/photos/20316618/medium.jpeg,9744,Red-winged Blackbird,data/new_raw/images/1e74d2bb-6310-4b53-8668-7ef671c88173.jpg
c545b4fc-6d5b-4138-83f3-a6625dcbb960,https://inaturalist-open-data.s3.amazonaws.com/photos/20316629/medium.jpeg,7089,Canada Goose,data/new_raw/images/c545b4fc-6d5b-4138-83f3-a6625dcbb960.jpg
f94354e2-52b9-45c0-b58f-3667b1686ab8,https://inaturalist-open-data.s3.amazonaws.com/photos/20316627/medium.jpeg,9744,Red-winged Blackbird,data/new_raw/images/f94354e2-52b9-45c0-b58f-3667b1686ab8.jpg
d18700ed-1372-48d2-8595-c40268fef509,https://inaturalist-open-data.s3.amazonaws.com/photos/20316636/medium.jpeg,7089,Canada Goose,data/new_raw/images/d18700ed-1372-48d2-8595-c40268fef509.jpg
1ed8ef21-6f0e-40d7-80d7-87424bc50845,https://inaturalist-open-data.s3.amazonaws.com/photos/20316668/medium.jpeg,4956,Great Blue Heron,data/new_raw/images/1ed8ef21-6f0e-40d7-80d7-87424bc50845.jpg
8000dea9-c76e-4eff-ab3f-534938c143a9,https://inaturalist-open-data.s3.amazonaws.com/photos/20316679/medium.jpeg,5020,Green Heron,data/new_raw/images/8000dea9-c76e-4eff-ab3f-534938c143a9.jpg
69a14814-e149-4e5b-9f9e-68e4afe3a27e,https://inaturalist-open-data.s3.amazonaws.com/photos/20316680/medium.jpeg,6930,Mallard,data/new_raw/images/69a14814-e149-4e5b-9f9e-68e4afe3a27e.jpg
2646b7fb-bb26-4008-927b-bfdaaf5c60f9,https://inaturalist-open-data.s3.amazonaws.com/photos/20316824/medium.jpeg,5020,Green Heron,data/new_raw/images/2646b7fb-bb26-4008-927b-bfdaaf5c60f9.jpg
c7eae924-921b-4fa9-a323-f514f089fe04,https://inaturalist-open-data.s3.amazonaws.com/photos/20316831/medium.jpeg,6930,Mallard,data/new_raw/images/c7eae924-921b-4fa9-a323-f514f089fe04.jpg
d8bd4220-1c91-4da1-b0af-144cd5e15768,https://inaturalist-open-data.s3.amazonaws.com/photos/20316836/medium.jpeg,6930,Mallard,data/new_raw/images/d8bd4220-1c91-4da1-b0af-144cd5e15768.jpg
a98b3bdd-bd37-4cfe-87fd-8b0e91bec42f,https://inaturalist-open-data.s3.amazonaws.com/photos/20316847/medium.jpeg,9744,Red-winged Blackbird,data/new_raw/images/a98b3bdd-bd37-4cfe-87fd-8b0e91bec42f.jpg
38138dd4-0405-4487-aaf8-1131d7a76346,https://inaturalist-open-data.s3.amazonaws.com/photos/20316891/medium.jpeg,9744,Red-winged Blackbird,data/new_raw/images/38138dd4-0405-4487-aaf8-1131d7a76346.jpg
c85dc4e4-c1af-4b38-85ab-b603116db341,https://inaturalist-open-data.s3.amazonaws.com/photos/20316901/medium.jpeg,6930,Mallard,data/new_raw/images/c85dc4e4-c1af-4b38-85ab-b603116db341.jpg
6c5b8079-95df-4604-b88e-e03402f6d275,https://inaturalist-open-data.s3.amazonaws.com/photos/20316893/medium.jpeg,7089,Canada Goose,data/new_raw/images/6c5b8079-95df-4604-b88e-e03402f6d275.jpg
9448a496-f4fc-4f54-99ab-95b9deef1556,https://inaturalist-open-data.s3.amazonaws.com/photos/20316996/medium.jpeg,5020,Green Heron,data/new_raw/images/9448a496-f4fc-4f54-99ab-95b9deef1556.jpg
3985cc1c-7cc2-484c-8892-53e3d4643bca,https://inaturalist-open-data.s3.amazonaws.com/photos/20317029/medium.jpeg,6930,Mallard,data/new_raw/images/3985cc1c-7cc2-484c-8892-53e3d4643bca.jpg
e099a791-80e8-4e7f-875d-3d02df6805e4,https://inaturalist-open-data.s3.amazonaws.com/photos/20324896/medium.jpg,1454382,Double-crested Cormorant,data/new_raw/images/e099a791-80e8-4e7f-875d-3d02df6805e4.jpg
3fe0e529-bcf4-422d-b78e-9a4fd6a6f138,https://static.inaturalist.org/photos/20340256/medium.jpg,5020,Green Heron,data/new_raw/images/3fe0e529-bcf4-422d-b78e-9a4fd6a6f138.jpg
608aba07-dbe9-4c8e-84b5-2755ac75398a,https://static.inaturalist.org/photos/20340281/medium.jpg,6930,Mallard,data/new_raw/images/608aba07-dbe9-4c8e-84b5-2755ac75398a.jpg
6a81ddaa-fd37-4ac0-a54d-ee1d08b9436a,https://static.inaturalist.org/photos/20341594/medium.jpg,5020,Green Heron,data/new_raw/images/6a81ddaa-fd37-4ac0-a54d-ee1d08b9436a.jpg
e4de6876-89a5-424b-9909-9ffb04a311bf,https://static.inaturalist.org/photos/20369955/medium.jpg,4981,Black-crowned Night Heron,data/new_raw/images/e4de6876-89a5-424b-9909-9ffb04a311bf.jpg
bf69f8c4-7b7e-4f01-beae-d444c911b051,https://static.inaturalist.org/photos/20370916/medium.jpg,12727,American Robin,data/new_raw/images/bf69f8c4-7b7e-4f01-beae-d444c911b051.jpg
8b54799c-db41-4240-a390-97ee04c1ea4e,https://static.inaturalist.org/photos/20375281/medium.jpg,9744,Red-winged Blackbird,data/new_raw/images/8b54799c-db41-4240-a390-97ee04c1ea4e.jpg
2c373445-bdba-4a71-953b-d722b0f867ec,https://static.inaturalist.org/photos/20385995/medium.jpg,43111,Eastern Cottontail,data/new_raw/images/2c373445-bdba-4a71-953b-d722b0f867ec.jpg
9347888d-ae3d-47a0-bc61-e45605a66e61,https://static.inaturalist.org/photos/20393400/medium.jpg,144594,Snowy Owl,data/new_raw/images/9347888d-ae3d-47a0-bc61-e45605a66e61.jpg
8dc89d9b-64f5-4880-97d3-04aaeccaa2ff,https://static.inaturalist.org/photos/20406004/medium.jpeg,8021,American Crow,data/new_raw/images/8dc89d9b-64f5-4880-97d3-04aaeccaa2ff.jpg
4835bc56-fda9-4093-99a6-3f0ab4a54623,https://static.inaturalist.org/photos/20447087/medium.jpg,11970,Northern Rough-winged Swallow,data/new_raw/images/4835bc56-fda9-4093-99a6-3f0ab4a54623.jpg
df1e7028-760c-46bd-88e5-ad9e1a2b155c,https://inaturalist-open-data.s3.amazonaws.com/photos/20458267/medium.jpg,4364,Ring-billed Gull,data/new_raw/images/df1e7028-760c-46bd-88e5-ad9e1a2b155c.jpg
4e4ed784-cabb-4dd7-b16d-5ca49f0555a6,https://inaturalist-open-data.s3.amazonaws.com/photos/20458386/medium.jpg,8021,American Crow,data/new_raw/images/4e4ed784-cabb-4dd7-b16d-5ca49f0555a6.jpg
eaa35b8c-c5a4-48bd-b064-eeea5ff88eaf,https://inaturalist-open-data.s3.amazonaws.com/photos/20458531/medium.jpg,9744,Red-winged Blackbird,data/new_raw/images/eaa35b8c-c5a4-48bd-b064-eeea5ff88eaf.jpg
36248e55-455e-4984-bb28-28a705961add,https://inaturalist-open-data.s3.amazonaws.com/photos/20458587/medium.jpg,122767,Feral Pigeon,data/new_raw/images/36248e55-455e-4984-bb28-28a705961add.jpg
7cae3391-dbe8-4190-8bf5-b8861e27b18e,https://inaturalist-open-data.s3.amazonaws.com/photos/20458581/medium.jpg,9744,Red-winged Blackbird,data/new_raw/images/7cae3391-dbe8-4190-8bf5-b8861e27b18e.jpg
0af96a83-62e3-4b9a-8f6b-01dd6c0d56d5,https://inaturalist-open-data.s3.amazonaws.com/photos/20458633/medium.jpg,9744,Red-winged Blackbird,data/new_raw/images/0af96a83-62e3-4b9a-8f6b-01dd6c0d56d5.jpg
6b07046e-c52d-441f-8acd-3060c9877f44,https://inaturalist-open-data.s3.amazonaws.com/photos/20459041/medium.jpg,12727,American Robin,data/new_raw/images/6b07046e-c52d-441f-8acd-3060c9877f44.jpg
3894e7da-6bb4-4a1a-b06d-52f0dad76387,https://inaturalist-open-data.s3.amazonaws.com/photos/20459168/medium.jpg,9744,Red-winged Blackbird,data/new_raw/images/3894e7da-6bb4-4a1a-b06d-52f0dad76387.jpg
7806fa3d-be06-4c5d-be2b-213028b90987,https://inaturalist-open-data.s3.amazonaws.com/photos/20459189/medium.jpg,9744,Red-winged Blackbird,data/new_raw/images/7806fa3d-be06-4c5d-be2b-213028b90987.jpg
15769ff8-137d-40f6-820e-7855ffe7e47d,https://inaturalist-open-data.s3.amazonaws.com/photos/20460305/medium.jpeg,4364,Ring-billed Gull,data/new_raw/images/15769ff8-137d-40f6-820e-7855ffe7e47d.jpg
ed34fdf4-d698-4e10-a29f-a3e1c778a92d,https://inaturalist-open-data.s3.amazonaws.com/photos/20460315/medium.jpeg,9744,Red-winged Blackbird,data/new_raw/images/ed34fdf4-d698-4e10-a29f-a3e1c778a92d.jpg
23badb75-85a3-44c2-a238-5571c3f0a371,https://inaturalist-open-data.s3.amazonaws.com/photos/20460337/medium.jpeg,9744,Red-winged Blackbird,data/new_raw/images/23badb75-85a3-44c2-a238-5571c3f0a371.jpg
28dfb7da-c9bc-4529-9087-c7e3098ee79e,https://inaturalist-open-data.s3.amazonaws.com/photos/20460345/medium.jpeg,13858,House Sparrow,data/new_raw/images/28dfb7da-c9bc-4529-9087-c7e3098ee79e.jpg
12362728-c353-42fb-8c88-b330c5671e32,https://static.inaturalist.org/photos/20460356/medium.jpg,9744,Red-winged Blackbird,data/new_raw/images/12362728-c353-42fb-8c88-b330c5671e32.jpg
d6aab5c8-afa6-4c9d-a951-05dc264d8df2,https://inaturalist-open-data.s3.amazonaws.com/photos/20460367/medium.jpg,9744,Red-winged Blackbird,data/new_raw/images/d6aab5c8-afa6-4c9d-a951-05dc264d8df2.jpg
1c0f3b1d-06ce-4c2c-a759-6d923d857b5e,https://inaturalist-open-data.s3.amazonaws.com/photos/20460378/medium.jpeg,12727,American Robin,data/new_raw/images/1c0f3b1d-06ce-4c2c-a759-6d923d857b5e.jpg
80d2f0a3-88f2-4c62-b0a3-1b5808b13242,https://inaturalist-open-data.s3.amazonaws.com/photos/20460386/medium.jpeg,12727,American Robin,data/new_raw/images/80d2f0a3-88f2-4c62-b0a3-1b5808b13242.jpg
faa11fec-0c3f-455e-bf7a-ca194e7282ac,https://inaturalist-open-data.s3.amazonaws.com/photos/20460394/medium.jpeg,9744,Red-winged Blackbird,data/new_raw/images/faa11fec-0c3f-455e-bf7a-ca194e7282ac.jpg
e84f04f3-d6da-4732-bc08-fc38bf2235c7,https://inaturalist-open-data.s3.amazonaws.com/photos/20460397/medium.jpeg,13858,House Sparrow,data/new_raw/images/e84f04f3-d6da-4732-bc08-fc38bf2235c7.jpg
16a77416-ea99-4792-b77d-1c5904a022b2,https://inaturalist-open-data.s3.amazonaws.com/photos/20460411/medium.jpg,13858,House Sparrow,data/new_raw/images/16a77416-ea99-4792-b77d-1c5904a022b2.jpg
08ae3a70-6067-4631-8c26-658ba2255ffe,https://inaturalist-open-data.s3.amazonaws.com/photos/20460409/medium.jpeg,9744,Red-winged Blackbird,data/new_raw/images/08ae3a70-6067-4631-8c26-658ba2255ffe.jpg
6ebc6ef1-aa47-472e-b524-397c9809e9b4,https://inaturalist-open-data.s3.amazonaws.com/photos/20460424/medium.jpeg,9083,Northern Cardinal,data/new_raw/images/6ebc6ef1-aa47-472e-b524-397c9809e9b4.jpg
5021726e-a4bc-4eaa-a7d6-155ed80ec3f3,https://static.inaturalist.org/photos/20460430/medium.jpg,13858,House Sparrow,data/new_raw/images/5021726e-a4bc-4eaa-a7d6-155ed80ec3f3.jpg
5f2b85e1-911c-4cd5-9696-9c2a5f5dc9de,https://inaturalist-open-data.s3.amazonaws.com/photos/20460440/medium.jpg,9744,Red-winged Blackbird,data/new_raw/images/5f2b85e1-911c-4cd5-9696-9c2a5f5dc9de.jpg
6931c6bc-bfaf-44d4-ae9f-87d2019da2e1,https://inaturalist-open-data.s3.amazonaws.com/photos/20460529/medium.jpg,9744,Red-winged Blackbird,data/new_raw/images/6931c6bc-bfaf-44d4-ae9f-87d2019da2e1.jpg
58849540-5f12-48ea-ba28-ce9c6df5a444,https://static.inaturalist.org/photos/20464491/medium.jpg,6930,Mallard,data/new_raw/images/58849540-5f12-48ea-ba28-ce9c6df5a444.jpg
a6a8cb39-adcb-49f4-afde-08ce2c2ca010,https://static.inaturalist.org/photos/20464529/medium.jpg,4793,Killdeer,data/new_raw/images/a6a8cb39-adcb-49f4-afde-08ce2c2ca010.jpg
6df12c23-f296-46eb-ab3b-df54a0a50430,https://static.inaturalist.org/photos/20465791/medium.jpg,6930,Mallard,data/new_raw/images/6df12c23-f296-46eb-ab3b-df54a0a50430.jpg
e1c9b650-1c54-4205-9624-f4f8a29ed0a9,https://static.inaturalist.org/photos/20465823/medium.jpg,7089,Canada Goose,data/new_raw/images/e1c9b650-1c54-4205-9624-f4f8a29ed0a9.jpg
0f603c16-c514-41d4-ad18-ceecd99a12e4,https://static.inaturalist.org/photos/20471661/medium.jpg,43111,Eastern Cottontail,data/new_raw/images/0f603c16-c514-41d4-ad18-ceecd99a12e4.jpg
26edc4c1-d4be-40c3-9842-7a29445d163c,https://static.inaturalist.org/photos/20471948/medium.jpg,43584,Human,data/new_raw/images/26edc4c1-d4be-40c3-9842-7a29445d163c.jpg
45db5758-7e73-4d39-bbda-4bec3ecbe9ac,https://static.inaturalist.org/photos/20472011/medium.jpg,6930,Mallard,data/new_raw/images/45db5758-7e73-4d39-bbda-4bec3ecbe9ac.jpg
17ebcded-d369-424c-a901-f904047cb18c,https://static.inaturalist.org/photos/20502007/medium.jpg,7089,Canada Goose,data/new_raw/images/17ebcded-d369-424c-a901-f904047cb18c.jpg
c89efd2f-b957-46e4-8496-be70e51531ce,https://inaturalist-open-data.s3.amazonaws.com/photos/20521413/medium.jpeg,72458,Spotted Sandpiper,data/new_raw/images/c89efd2f-b957-46e4-8496-be70e51531ce.jpg
4ce842ce-c7aa-41a6-955f-ff2b40b67bce,https://inaturalist-open-data.s3.amazonaws.com/photos/20521450/medium.jpeg,9981,Savannah Sparrow,data/new_raw/images/4ce842ce-c7aa-41a6-955f-ff2b40b67bce.jpg
71e4a63e-08cb-4850-b5f3-e5ba368fad82,https://static.inaturalist.org/photos/20574891/medium.jpg,9135,Chipping Sparrow,data/new_raw/images/71e4a63e-08cb-4850-b5f3-e5ba368fad82.jpg
a0cf412e-f108-44d8-bd7f-9ae82287abca,https://static.inaturalist.org/photos/20587373/medium.jpeg,122767,Feral Pigeon,data/new_raw/images/a0cf412e-f108-44d8-bd7f-9ae82287abca.jpg
b5cda7f6-66ea-4c0f-8a1f-460ab0588a21,https://inaturalist-open-data.s3.amazonaws.com/photos/20613830/medium.jpg,4981,Black-crowned Night Heron,data/new_raw/images/b5cda7f6-66ea-4c0f-8a1f-460ab0588a21.jpg
9e63e315-d14b-42f3-99d2-cf768856cc12,https://inaturalist-open-data.s3.amazonaws.com/photos/20632721/medium.jpeg,144815,Black-capped Chickadee,data/new_raw/images/9e63e315-d14b-42f3-99d2-cf768856cc12.jpg
ca4b3100-0941-4600-ba23-9316b2da25cc,https://static.inaturalist.org/photos/20671195/medium.jpg,4981,Black-crowned Night Heron,data/new_raw/images/ca4b3100-0941-4600-ba23-9316b2da25cc.jpg
ac545454-38a9-4ff8-95b0-26bd61d6506b,https://static.inaturalist.org/photos/20681205/medium.jpeg,7089,Canada Goose,data/new_raw/images/ac545454-38a9-4ff8-95b0-26bd61d6506b.jpg
5feb2623-bdda-460b-8e29-8497cd00b562,https://inaturalist-open-data.s3.amazonaws.com/photos/20684989/medium.jpg,12727,American Robin,data/new_raw/images/5feb2623-bdda-460b-8e29-8497cd00b562.jpg
b34bded1-fb37-4455-b1de-92e4f6c848aa,https://inaturalist-open-data.s3.amazonaws.com/photos/20735801/medium.jpg,12727,American Robin,data/new_raw/images/b34bded1-fb37-4455-b1de-92e4f6c848aa.jpg
5e1a6609-b3f6-49f2-b45d-893373f586ec,https://static.inaturalist.org/photos/20708339/medium.jpeg,46017,Eastern Gray Squirrel,data/new_raw/images/5e1a6609-b3f6-49f2-b45d-893373f586ec.jpg
3c9242f0-9bcd-4282-bd77-6d5126e33e10,https://inaturalist-open-data.s3.amazonaws.com/photos/20724239/medium.jpeg,13858,House Sparrow,data/new_raw/images/3c9242f0-9bcd-4282-bd77-6d5126e33e10.jpg
7eb584d5-2f61-4675-9b9a-4b43da8f35cf,https://inaturalist-open-data.s3.amazonaws.com/photos/20732671/medium.jpg,8021,American Crow,data/new_raw/images/7eb584d5-2f61-4675-9b9a-4b43da8f35cf.jpg
5287a5d4-fc10-4c53-b8a5-c4f8f0f556f4,https://inaturalist-open-data.s3.amazonaws.com/photos/20745686/medium.jpg,13858,House Sparrow,data/new_raw/images/5287a5d4-fc10-4c53-b8a5-c4f8f0f556f4.jpg
08340ff7-9afb-489a-acb8-c392873d5d17,https://inaturalist-open-data.s3.amazonaws.com/photos/20759280/medium.jpg,42051,Coyote,data/new_raw/images/08340ff7-9afb-489a-acb8-c392873d5d17.jpg
9ca55b31-9de9-4c10-8d2f-e2607b49d6bd,https://inaturalist-open-data.s3.amazonaws.com/photos/20814140/medium.jpg,9083,Northern Cardinal,data/new_raw/images/9ca55b31-9de9-4c10-8d2f-e2607b49d6bd.jpg
66480b99-e63e-4161-ba23-cf12262215e8,https://static.inaturalist.org/photos/20865972/medium.jpeg,6930,Mallard,data/new_raw/images/66480b99-e63e-4161-ba23-cf12262215e8.jpg
62590cc2-d6e3-4cd0-8290-4b913b83485c,https://static.inaturalist.org/photos/20866025/medium.jpeg,7089,Canada Goose,data/new_raw/images/62590cc2-d6e3-4cd0-8290-4b913b83485c.jpg
9bf9aca3-1067-47e9-9544-fbe1ba8c197c,https://static.inaturalist.org/photos/20866324/medium.jpeg,14850,European Starling,data/new_raw/images/9bf9aca3-1067-47e9-9544-fbe1ba8c197c.jpg
f3eb90a4-2b44-47f2-8ced-2185a10d53ba,https://inaturalist-open-data.s3.amazonaws.com/photos/20879205/medium.jpeg,72458,Spotted Sandpiper,data/new_raw/images/f3eb90a4-2b44-47f2-8ced-2185a10d53ba.jpg
cc19bcc8-32ad-4a99-bac4-08aba27bcaa1,https://inaturalist-open-data.s3.amazonaws.com/photos/20887176/medium.jpeg,4793,Killdeer,data/new_raw/images/cc19bcc8-32ad-4a99-bac4-08aba27bcaa1.jpg
62727c0f-1d1f-4961-99ad-0e9bc620d52b,https://inaturalist-open-data.s3.amazonaws.com/photos/20888913/medium.jpeg,11970,Northern Rough-winged Swallow,data/new_raw/images/62727c0f-1d1f-4961-99ad-0e9bc620d52b.jpg
554f0709-60a1-4c6f-aaa3-2f94320f8cbd,https://inaturalist-open-data.s3.amazonaws.com/photos/20888864/medium.jpg,11989,New World Blackbirds and Orioles,data/new_raw/images/554f0709-60a1-4c6f-aaa3-2f94320f8cbd.jpg
c411009d-ee7b-482d-9698-6d732e450d61,https://inaturalist-open-data.s3.amazonaws.com/photos/20938100/medium.jpeg,4981,Black-crowned Night Heron,data/new_raw/images/c411009d-ee7b-482d-9698-6d732e450d61.jpg
41787970-dae7-488c-a1f1-664730677c51,https://static.inaturalist.org/photos/20954706/medium.jpg,43111,Eastern Cottontail,data/new_raw/images/41787970-dae7-488c-a1f1-664730677c51.jpg
a621d15d-a65c-4d79-a338-89b2a58dcc0d,https://inaturalist-open-data.s3.amazonaws.com/photos/20959879/medium.jpeg,6996,Red-breasted Merganser,data/new_raw/images/a621d15d-a65c-4d79-a338-89b2a58dcc0d.jpg
c889c1d6-64f6-4f24-b8ce-6d5a21c687fe,https://inaturalist-open-data.s3.amazonaws.com/photos/21003412/medium.jpg,42051,Coyote,data/new_raw/images/c889c1d6-64f6-4f24-b8ce-6d5a21c687fe.jpg
caa82317-6200-4fc4-ac66-d11bb0bed3d0,https://inaturalist-open-data.s3.amazonaws.com/photos/21006744/medium.jpg,4981,Black-crowned Night Heron,data/new_raw/images/caa82317-6200-4fc4-ac66-d11bb0bed3d0.jpg
aa220ef7-cb84-49c7-8e1b-b7c3cd4219b5,https://inaturalist-open-data.s3.amazonaws.com/photos/21014093/medium.jpg,4364,Ring-billed Gull,data/new_raw/images/aa220ef7-cb84-49c7-8e1b-b7c3cd4219b5.jpg
4e6d891f-915d-4588-8909-2c938504f611,https://inaturalist-open-data.s3.amazonaws.com/photos/21025162/medium.jpeg,4981,Black-crowned Night Heron,data/new_raw/images/4e6d891f-915d-4588-8909-2c938504f611.jpg
d16c20f0-0afa-45fe-9af0-0d51928e16bd,https://inaturalist-open-data.s3.amazonaws.com/photos/21025279/medium.jpeg,42223,White-tailed Deer,data/new_raw/images/d16c20f0-0afa-45fe-9af0-0d51928e16bd.jpg
cb946d74-07bb-4014-872c-2854a0ecf1db,https://inaturalist-open-data.s3.amazonaws.com/photos/21041726/medium.jpeg,11935,Tree Swallow,data/new_raw/images/cb946d74-07bb-4014-872c-2854a0ecf1db.jpg
b6aceed8-a5b8-4cce-98d6-465e7851ce98,https://inaturalist-open-data.s3.amazonaws.com/photos/21102038/medium.jpeg,7428,Cedar Waxwing,data/new_raw/images/b6aceed8-a5b8-4cce-98d6-465e7851ce98.jpg
2ae17c7c-3d55-4364-ba1e-d0a5d97b1413,https://static.inaturalist.org/photos/21128493/medium.jpg,8021,American Crow,data/new_raw/images/2ae17c7c-3d55-4364-ba1e-d0a5d97b1413.jpg
561b86d8-3dcf-4668-a13a-9ed60edc2cf5,https://inaturalist-open-data.s3.amazonaws.com/photos/21173383/medium.jpg,7107,Wood Duck,data/new_raw/images/561b86d8-3dcf-4668-a13a-9ed60edc2cf5.jpg
fdf6cbbc-52f0-4443-a00c-9fd3739364ab,https://inaturalist-open-data.s3.amazonaws.com/photos/21175990/medium.jpg,9744,Red-winged Blackbird,data/new_raw/images/fdf6cbbc-52f0-4443-a00c-9fd3739364ab.jpg
e1be345c-84ba-47b4-94ef-aec086d8897a,https://inaturalist-open-data.s3.amazonaws.com/photos/21176169/medium.jpg,12901,Veery,data/new_raw/images/e1be345c-84ba-47b4-94ef-aec086d8897a.jpg
68dcb193-3b74-48c8-b4ce-fa07a2a12d0d,https://inaturalist-open-data.s3.amazonaws.com/photos/21176434/medium.jpg,145235,Magnolia Warbler,data/new_raw/images/68dcb193-3b74-48c8-b4ce-fa07a2a12d0d.jpg
e42a76a9-48d8-43b5-8640-a7c7fbf2f2e2,https://inaturalist-open-data.s3.amazonaws.com/photos/21176636/medium.jpg,792988,Downy Woodpecker,data/new_raw/images/e42a76a9-48d8-43b5-8640-a7c7fbf2f2e2.jpg
e3615ae9-97e6-4c06-917b-c6d2aa047889,https://static.inaturalist.org/photos/21193823/medium.jpg,7107,Wood Duck,data/new_raw/images/e3615ae9-97e6-4c06-917b-c6d2aa047889.jpg
31445119-6e63-40a6-b448-796155dd830f,https://static.inaturalist.org/photos/21192513/medium.jpg,122767,Feral Pigeon,data/new_raw/images/31445119-6e63-40a6-b448-796155dd830f.jpg
dcc836a3-2522-4668-8a19-9c93b3f7c122,https://inaturalist-open-data.s3.amazonaws.com/photos/21198586/medium.jpg,12727,American Robin,data/new_raw/images/dcc836a3-2522-4668-8a19-9c93b3f7c122.jpg
3b12594c-ba4a-4730-ba58-f3c5dbaf73bb,https://inaturalist-open-data.s3.amazonaws.com/photos/21218617/medium.jpeg,9744,Red-winged Blackbird,data/new_raw/images/3b12594c-ba4a-4730-ba58-f3c5dbaf73bb.jpg
a3681e0b-b0ba-48b7-a991-ba8069c5cb77,https://inaturalist-open-data.s3.amazonaws.com/photos/21233916/medium.jpeg,42223,White-tailed Deer,data/new_raw/images/a3681e0b-b0ba-48b7-a991-ba8069c5cb77.jpg
b2231b50-54cb-40b9-9060-4012cc9439f4,https://static.inaturalist.org/photos/21268157/medium.jpg,43584,Human,data/new_raw/images/b2231b50-54cb-40b9-9060-4012cc9439f4.jpg
8e44b1a9-66b2-4c04-99f9-33d4e4d7471e,https://inaturalist-open-data.s3.amazonaws.com/photos/21268983/medium.jpg,6930,Mallard,data/new_raw/images/8e44b1a9-66b2-4c04-99f9-33d4e4d7471e.jpg
9207b649-4b99-4db2-bd83-d067f0c8061a,https://static.inaturalist.org/photos/21268988/medium.jpg,4981,Black-crowned Night Heron,data/new_raw/images/9207b649-4b99-4db2-bd83-d067f0c8061a.jpg
6d80a1f9-d9fa-4e18-90ec-ad2df62e6413,https://static.inaturalist.org/photos/21269077/medium.jpg,6930,Mallard,data/new_raw/images/6d80a1f9-d9fa-4e18-90ec-ad2df62e6413.jpg
59ba4cb5-9667-419d-915d-d6c72f758784,https://static.inaturalist.org/photos/21269087/medium.jpg,9744,Red-winged Blackbird,data/new_raw/images/59ba4cb5-9667-419d-915d-d6c72f758784.jpg
a2d1cbe7-d651-4da1-b63a-495cfc00dca2,https://static.inaturalist.org/photos/21269103/medium.jpeg,4981,Black-crowned Night Heron,data/new_raw/images/a2d1cbe7-d651-4da1-b63a-495cfc00dca2.jpg
9921db36-74d0-4163-a29c-5c328345cb76,https://static.inaturalist.org/photos/21269145/medium.jpg,6930,Mallard,data/new_raw/images/9921db36-74d0-4163-a29c-5c328345cb76.jpg
9d09b6f3-1b29-4366-b2aa-8699c8ad6796,https://static.inaturalist.org/photos/21269585/medium.jpeg,6930,Mallard,data/new_raw/images/9d09b6f3-1b29-4366-b2aa-8699c8ad6796.jpg
6c37494f-5390-47a8-9f07-8ea2deed79fb,https://static.inaturalist.org/photos/21271049/medium.jpg,11901,Barn Swallow,data/new_raw/images/6c37494f-5390-47a8-9f07-8ea2deed79fb.jpg
4bd84d98-73c0-4ca2-8309-26de7393acbc,https://static.inaturalist.org/photos/21272226/medium.jpg,5020,Green Heron,data/new_raw/images/4bd84d98-73c0-4ca2-8309-26de7393acbc.jpg
1a048767-cf56-4955-a02b-cd1ddc70e4b4,https://static.inaturalist.org/photos/21286890/medium.jpg,12727,American Robin,data/new_raw/images/1a048767-cf56-4955-a02b-cd1ddc70e4b4.jpg
5f6a4271-3a43-4f80-85f5-b333a4d3d0ba,https://inaturalist-open-data.s3.amazonaws.com/photos/21289131/medium.jpg,9083,Northern Cardinal,data/new_raw/images/5f6a4271-3a43-4f80-85f5-b333a4d3d0ba.jpg
a3fc3c9f-37e5-45d0-885c-1c872f15976a,https://static.inaturalist.org/photos/21324320/medium.jpg,46017,Eastern Gray Squirrel,data/new_raw/images/a3fc3c9f-37e5-45d0-885c-1c872f15976a.jpg
d1503a9a-7baf-4f25-be13-6de89c5a2049,https://static.inaturalist.org/photos/21324719/medium.jpg,46017,Eastern Gray Squirrel,data/new_raw/images/d1503a9a-7baf-4f25-be13-6de89c5a2049.jpg
2fbc02fe-5589-4883-8860-f8e257b27e5f,https://static.inaturalist.org/photos/21325098/medium.jpg,5020,Green Heron,data/new_raw/images/2fbc02fe-5589-4883-8860-f8e257b27e5f.jpg
584c4407-d330-46d2-a86a-659d9648b1d9,https://static.inaturalist.org/photos/21340746/medium.jpeg,792990,Hairy Woodpecker,data/new_raw/images/584c4407-d330-46d2-a86a-659d9648b1d9.jpg
a8438333-7266-49b8-89f6-2567197e3aa6,https://inaturalist-open-data.s3.amazonaws.com/photos/21340853/medium.jpeg,12727,American Robin,data/new_raw/images/a8438333-7266-49b8-89f6-2567197e3aa6.jpg
29c0298a-9737-4173-a237-90c6799847a7,https://inaturalist-open-data.s3.amazonaws.com/photos/21342191/medium.jpeg,4364,Ring-billed Gull,data/new_raw/images/29c0298a-9737-4173-a237-90c6799847a7.jpg
5803f4d9-73b3-4d06-aa2b-6d6d1a50d9bd,https://inaturalist-open-data.s3.amazonaws.com/photos/21342294/medium.jpeg,9744,Red-winged Blackbird,data/new_raw/images/5803f4d9-73b3-4d06-aa2b-6d6d1a50d9bd.jpg
b017c956-aa86-4506-b17e-0427bc55dbd4,https://inaturalist-open-data.s3.amazonaws.com/photos/21342497/medium.jpeg,9744,Red-winged Blackbird,data/new_raw/images/b017c956-aa86-4506-b17e-0427bc55dbd4.jpg
1b760a6e-58b9-4c11-9d36-544bd8e8407b,https://inaturalist-open-data.s3.amazonaws.com/photos/21346741/medium.jpg,42051,Coyote,data/new_raw/images/1b760a6e-58b9-4c11-9d36-544bd8e8407b.jpg
9ae25a1a-1561-4865-98eb-bc0eff7fdd4e,https://inaturalist-open-data.s3.amazonaws.com/photos/21411883/medium.jpg,72458,Spotted Sandpiper,data/new_raw/images/9ae25a1a-1561-4865-98eb-bc0eff7fdd4e.jpg
0e02357a-13d7-4d2b-b9c8-e65a274daf53,https://static.inaturalist.org/photos/21418054/medium.jpg,7089,Canada Goose,data/new_raw/images/0e02357a-13d7-4d2b-b9c8-e65a274daf53.jpg
b70ee919-334d-4e1e-b26e-b8141ed62498,https://inaturalist-open-data.s3.amazonaws.com/photos/21458988/medium.jpg,11901,Barn Swallow,data/new_raw/images/b70ee919-334d-4e1e-b26e-b8141ed62498.jpg
f1cb489a-3aa6-4044-8525-0a9665f2fa34,https://inaturalist-open-data.s3.amazonaws.com/photos/21459835/medium.jpg,4981,Black-crowned Night Heron,data/new_raw/images/f1cb489a-3aa6-4044-8525-0a9665f2fa34.jpg
84df1273-f5fe-40b6-99c8-8a4bcf09d6de,https://inaturalist-open-data.s3.amazonaws.com/photos/21461020/medium.jpg,7089,Canada Goose,data/new_raw/images/84df1273-f5fe-40b6-99c8-8a4bcf09d6de.jpg
d991b413-873c-482b-9183-d26c4de2b993,https://inaturalist-open-data.s3.amazonaws.com/photos/21466499/medium.jpg,9100,Song Sparrow,data/new_raw/images/d991b413-873c-482b-9183-d26c4de2b993.jpg
b9a74b18-aa0f-4332-acbc-db3a4e7f8dda,https://inaturalist-open-data.s3.amazonaws.com/photos/21467812/medium.jpg,11867,Purple Martin,data/new_raw/images/b9a74b18-aa0f-4332-acbc-db3a4e7f8dda.jpg
2d402ce9-28dc-404a-ab8c-31ddacc64fe4,https://inaturalist-open-data.s3.amazonaws.com/photos/21469872/medium.jpeg,4981,Black-crowned Night Heron,data/new_raw/images/2d402ce9-28dc-404a-ab8c-31ddacc64fe4.jpg
c823f9ec-367f-44c7-b5ae-1fe1a17b3979,https://inaturalist-open-data.s3.amazonaws.com/photos/21489147/medium.jpeg,46017,Eastern Gray Squirrel,data/new_raw/images/c823f9ec-367f-44c7-b5ae-1fe1a17b3979.jpg
0a9a7b63-e579-4b31-a1df-804944392620,https://inaturalist-open-data.s3.amazonaws.com/photos/21966592/medium.jpg,13858,House Sparrow,data/new_raw/images/0a9a7b63-e579-4b31-a1df-804944392620.jpg
622fa651-c0d2-4fd3-a140-eab219fb6fad,https://static.inaturalist.org/photos/21522178/medium.jpg,12727,American Robin,data/new_raw/images/622fa651-c0d2-4fd3-a140-eab219fb6fad.jpg
a9a12b44-16ce-4857-9b07-e789760b0ceb,https://static.inaturalist.org/photos/21552471/medium.jpeg,1454382,Double-crested Cormorant,data/new_raw/images/a9a12b44-16ce-4857-9b07-e789760b0ceb.jpg
bad03abe-2950-4073-9d16-e9c027d729e4,https://static.inaturalist.org/photos/21559856/medium.jpg,9083,Northern Cardinal,data/new_raw/images/bad03abe-2950-4073-9d16-e9c027d729e4.jpg
b4635656-a6be-4e6e-b146-6b8c337fe87f,https://static.inaturalist.org/photos/21566149/medium.jpg,44576,Brown Rat,data/new_raw/images/b4635656-a6be-4e6e-b146-6b8c337fe87f.jpg
fe18da68-c270-498e-adb6-fd5afb61011f,https://inaturalist-open-data.s3.amazonaws.com/photos/21570575/medium.jpg,7428,Cedar Waxwing,data/new_raw/images/fe18da68-c270-498e-adb6-fd5afb61011f.jpg
cc3de1c1-6bbc-42d8-8f41-bfe35215153f,https://inaturalist-open-data.s3.amazonaws.com/photos/21580783/medium.jpeg,7251,Perching Birds,data/new_raw/images/cc3de1c1-6bbc-42d8-8f41-bfe35215153f.jpg
d46342e2-4dac-403c-89bd-092db19f7fdf,https://inaturalist-open-data.s3.amazonaws.com/photos/21580808/medium.jpeg,7251,Perching Birds,data/new_raw/images/d46342e2-4dac-403c-89bd-092db19f7fdf.jpg
1a4e325f-faa2-4727-9ca1-c18991b7d602,https://static.inaturalist.org/photos/21584820/medium.jpg,4981,Black-crowned Night Heron,data/new_raw/images/1a4e325f-faa2-4727-9ca1-c18991b7d602.jpg
63e1a67a-4f1f-42e4-845b-af1c293355f2,https://static.inaturalist.org/photos/21618574/medium.jpeg,13858,House Sparrow,data/new_raw/images/63e1a67a-4f1f-42e4-845b-af1c293355f2.jpg
f96260a2-d305-40ad-9605-5a80b439bf47,https://static.inaturalist.org/photos/21637143/medium.jpg,9602,Common Grackle,data/new_raw/images/f96260a2-d305-40ad-9605-5a80b439bf47.jpg
a813f7f9-a801-416d-b031-4969ca8a2475,https://inaturalist-open-data.s3.amazonaws.com/photos/21671608/medium.jpg,16782,Eastern Kingbird,data/new_raw/images/a813f7f9-a801-416d-b031-4969ca8a2475.jpg
9fb94670-f082-403a-8e45-7dbcc6482329,https://inaturalist-open-data.s3.amazonaws.com/photos/21676694/medium.jpeg,4981,Black-crowned Night Heron,data/new_raw/images/9fb94670-f082-403a-8e45-7dbcc6482329.jpg
011f54db-b096-4e21-b6a7-b6637e6ce534,https://static.inaturalist.org/photos/21706627/medium.jpg,43111,Eastern Cottontail,data/new_raw/images/011f54db-b096-4e21-b6a7-b6637e6ce534.jpg
3a3dff05-2efc-42ef-bd6b-c08842d62cf9,https://static.inaturalist.org/photos/21716015/medium.jpg,13858,House Sparrow,data/new_raw/images/3a3dff05-2efc-42ef-bd6b-c08842d62cf9.jpg
23a3a9d1-7d3a-4048-b270-4afca301118b,https://inaturalist-open-data.s3.amazonaws.com/photos/21729281/medium.jpeg,12727,American Robin,data/new_raw/images/23a3a9d1-7d3a-4048-b270-4afca301118b.jpg
224ee093-4b90-4c90-9866-4e2caf6f5cda,https://static.inaturalist.org/photos/21789237/medium.jpg,19577,Common Nighthawk,data/new_raw/images/224ee093-4b90-4c90-9866-4e2caf6f5cda.jpg
3fb9ef82-149d-41b0-92f8-ec23549846b5,https://static.inaturalist.org/photos/21844369/medium.jpg,122767,Feral Pigeon,data/new_raw/images/3fb9ef82-149d-41b0-92f8-ec23549846b5.jpg
1417a78e-1e9a-413b-b030-94cc81d9f6af,https://static.inaturalist.org/photos/21844680/medium.jpg,14850,European Starling,data/new_raw/images/1417a78e-1e9a-413b-b030-94cc81d9f6af.jpg
cc86f2c5-c4ba-4657-83c5-23bafab960b5,https://static.inaturalist.org/photos/21896070/medium.jpg,4364,Ring-billed Gull,data/new_raw/images/cc86f2c5-c4ba-4657-83c5-23bafab960b5.jpg
f4ea80d3-abc4-43e6-a13d-4ba79d3ef295,https://static.inaturalist.org/photos/21896107/medium.jpg,144537,Caspian Tern,data/new_raw/images/f4ea80d3-abc4-43e6-a13d-4ba79d3ef295.jpg
4f03a0f6-7a35-465c-924d-bc77020a7237,https://static.inaturalist.org/photos/21896194/medium.jpg,7089,Canada Goose,data/new_raw/images/4f03a0f6-7a35-465c-924d-bc77020a7237.jpg
6b96a13f-8dff-4a36-8045-9541f84e68d2,https://static.inaturalist.org/photos/21896223/medium.jpg,43111,Eastern Cottontail,data/new_raw/images/6b96a13f-8dff-4a36-8045-9541f84e68d2.jpg
778a7cbf-e04b-46df-a9a6-86f5478ecc7d,https://static.inaturalist.org/photos/21896401/medium.jpg,8021,American Crow,data/new_raw/images/778a7cbf-e04b-46df-a9a6-86f5478ecc7d.jpg
9eb8d7f8-cac0-4aa0-9141-833a0d630ce9,https://inaturalist-open-data.s3.amazonaws.com/photos/21935535/medium.jpg,42158,Deer,data/new_raw/images/9eb8d7f8-cac0-4aa0-9141-833a0d630ce9.jpg
b2b6020e-211c-4180-acc1-04e239aed8f8,https://static.inaturalist.org/photos/21973326/medium.jpeg,12727,American Robin,data/new_raw/images/b2b6020e-211c-4180-acc1-04e239aed8f8.jpg
878eb35f-490c-4fbb-83cd-7e41d3a96ed8,https://inaturalist-open-data.s3.amazonaws.com/photos/21977944/medium.jpg,43111,Eastern Cottontail,data/new_raw/images/878eb35f-490c-4fbb-83cd-7e41d3a96ed8.jpg
e0aaff20-c2e0-4282-ba5a-3de3b85d2477,https://inaturalist-open-data.s3.amazonaws.com/photos/21988280/medium.jpg,4756,Turkey Vulture,data/new_raw/images/e0aaff20-c2e0-4282-ba5a-3de3b85d2477.jpg
aecfd64d-cf15-4a38-86a1-a07b25e8ad9c,https://inaturalist-open-data.s3.amazonaws.com/photos/21988904/medium.jpg,46017,Eastern Gray Squirrel,data/new_raw/images/aecfd64d-cf15-4a38-86a1-a07b25e8ad9c.jpg
14a33abd-b4f8-49ea-a283-3342fbe407cb,https://inaturalist-open-data.s3.amazonaws.com/photos/21999206/medium.jpeg,4364,Ring-billed Gull,data/new_raw/images/14a33abd-b4f8-49ea-a283-3342fbe407cb.jpg
eb03cd70-d0c0-47bb-962a-6250a7f65d45,https://inaturalist-open-data.s3.amazonaws.com/photos/22098778/medium.jpeg,4981,Black-crowned Night Heron,data/new_raw/images/eb03cd70-d0c0-47bb-962a-6250a7f65d45.jpg
6a555360-9512-4ff2-9020-4419b94e3329,https://inaturalist-open-data.s3.amazonaws.com/photos/22110372/medium.jpg,3849,Sanderling,data/new_raw/images/6a555360-9512-4ff2-9020-4419b94e3329.jpg
132fbe9e-3010-4c08-b351-a9cbd6869fd2,https://inaturalist-open-data.s3.amazonaws.com/photos/22110905/medium.jpg,9981,Savannah Sparrow,data/new_raw/images/132fbe9e-3010-4c08-b351-a9cbd6869fd2.jpg
aab02d9d-9602-46c2-80c6-e2d52cdb155c,https://inaturalist-open-data.s3.amazonaws.com/photos/22122670/medium.jpeg,3875,Solitary Sandpiper,data/new_raw/images/aab02d9d-9602-46c2-80c6-e2d52cdb155c.jpg
71939f2a-41cd-43b6-8af3-37fd7b54f2e8,https://inaturalist-open-data.s3.amazonaws.com/photos/22139179/medium.jpeg,46017,Eastern Gray Squirrel,data/new_raw/images/71939f2a-41cd-43b6-8af3-37fd7b54f2e8.jpg
235347cd-4878-478e-bd40-ea0da0d332ef,https://static.inaturalist.org/photos/22149431/medium.jpg,4364,Ring-billed Gull,data/new_raw/images/235347cd-4878-478e-bd40-ea0da0d332ef.jpg
f50a67b8-cd37-41a5-9913-9e3fd5724593,https://static.inaturalist.org/photos/22157653/medium.jpg,12727,American Robin,data/new_raw/images/f50a67b8-cd37-41a5-9913-9e3fd5724593.jpg
64596d4f-ffa9-4e32-9b95-1f2861f798f5,https://inaturalist-open-data.s3.amazonaws.com/photos/22241733/medium.jpg,72458,Spotted Sandpiper,data/new_raw/images/64596d4f-ffa9-4e32-9b95-1f2861f798f5.jpg
6df1cd4b-804d-4f50-adf4-7a74292c064e,https://inaturalist-open-data.s3.amazonaws.com/photos/22243147/medium.jpg,9744,Red-winged Blackbird,data/new_raw/images/6df1cd4b-804d-4f50-adf4-7a74292c064e.jpg
0eeada58-72e0-43ec-aa1b-8581f64afb22,https://inaturalist-open-data.s3.amazonaws.com/photos/22248503/medium.jpg,11867,Purple Martin,data/new_raw/images/0eeada58-72e0-43ec-aa1b-8581f64afb22.jpg
7ca5f19f-91a3-4017-9d5d-a7f222876183,https://inaturalist-open-data.s3.amazonaws.com/photos/22255354/medium.jpg,3454,Mourning Dove,data/new_raw/images/7ca5f19f-91a3-4017-9d5d-a7f222876183.jpg
d4bcd44a-bcf9-422a-a051-5b385c5a982b,https://static.inaturalist.org/photos/22259588/medium.jpg,7089,Canada Goose,data/new_raw/images/d4bcd44a-bcf9-422a-a051-5b385c5a982b.jpg
b1feeeb8-f4f4-4fcd-9355-3246848da076,https://static.inaturalist.org/photos/22302841/medium.jpg,4981,Black-crowned Night Heron,data/new_raw/images/b1feeeb8-f4f4-4fcd-9355-3246848da076.jpg
dd35b1d0-20e9-4d97-b08f-802cff5709fd,https://inaturalist-open-data.s3.amazonaws.com/photos/22312017/medium.jpg,16782,Eastern Kingbird,data/new_raw/images/dd35b1d0-20e9-4d97-b08f-802cff5709fd.jpg
4a3c6471-5ba8-4103-bc7a-98f66e0da5fc,https://inaturalist-open-data.s3.amazonaws.com/photos/22312096/medium.jpg,11867,Purple Martin,data/new_raw/images/4a3c6471-5ba8-4103-bc7a-98f66e0da5fc.jpg
9ee97bf4-4668-448d-a35c-fbb038b95fa6,https://inaturalist-open-data.s3.amazonaws.com/photos/22313072/medium.jpg,11901,Barn Swallow,data/new_raw/images/9ee97bf4-4668-448d-a35c-fbb038b95fa6.jpg
71e1cea6-846c-4ba5-bb8f-2199c7c3ab81,https://inaturalist-open-data.s3.amazonaws.com/photos/22313125/medium.jpg,11867,Purple Martin,data/new_raw/images/71e1cea6-846c-4ba5-bb8f-2199c7c3ab81.jpg
d8a6a0f4-547f-4cc0-bfda-baae85920f26,https://static.inaturalist.org/photos/22316103/medium.jpg,7089,Canada Goose,data/new_raw/images/d8a6a0f4-547f-4cc0-bfda-baae85920f26.jpg
2d3ebc1d-00f4-491f-bfa4-5377936f9b8c,https://static.inaturalist.org/photos/22317159/medium.jpg,792988,Downy Woodpecker,data/new_raw/images/2d3ebc1d-00f4-491f-bfa4-5377936f9b8c.jpg
53a646dc-9de7-4278-b412-3dab1886cc8d,https://static.inaturalist.org/photos/22317364/medium.jpg,4793,Killdeer,data/new_raw/images/53a646dc-9de7-4278-b412-3dab1886cc8d.jpg
a204c6a7-64f8-455e-9583-fbcf854ee90b,https://static.inaturalist.org/photos/22327082/medium.jpg,72458,Spotted Sandpiper,data/new_raw/images/a204c6a7-64f8-455e-9583-fbcf854ee90b.jpg
9be2f44c-7a3a-4ff1-9fbd-61acb37c9fe8,https://static.inaturalist.org/photos/22330380/medium.jpg,1454382,Double-crested Cormorant,data/new_raw/images/9be2f44c-7a3a-4ff1-9fbd-61acb37c9fe8.jpg
0f576df4-0591-49f0-822b-7972a484c2cc,https://inaturalist-open-data.s3.amazonaws.com/photos/22368680/medium.jpg,42223,White-tailed Deer,data/new_raw/images/0f576df4-0591-49f0-822b-7972a484c2cc.jpg
55d30e89-f748-4fd1-a0ed-6436ccf7839a,https://static.inaturalist.org/photos/22376269/medium.jpg,13858,House Sparrow,data/new_raw/images/55d30e89-f748-4fd1-a0ed-6436ccf7839a.jpg
1d7c1a7d-eb37-41b2-9dab-3dc7327f3c42,https://static.inaturalist.org/photos/22376369/medium.jpg,4364,Ring-billed Gull,data/new_raw/images/1d7c1a7d-eb37-41b2-9dab-3dc7327f3c42.jpg
1965beea-66c5-463a-b205-d56237985af0,https://inaturalist-open-data.s3.amazonaws.com/photos/22381146/medium.jpg,5305,Bald Eagle,data/new_raw/images/1965beea-66c5-463a-b205-d56237985af0.jpg
79789a37-408b-4a6d-ab25-565277a10574,https://inaturalist-open-data.s3.amazonaws.com/photos/22388269/medium.jpg,4364,Ring-billed Gull,data/new_raw/images/79789a37-408b-4a6d-ab25-565277a10574.jpg
d37560bd-a858-4fa2-a667-da5ef949df02,https://static.inaturalist.org/photos/22389089/medium.jpg,46017,Eastern Gray Squirrel,data/new_raw/images/d37560bd-a858-4fa2-a667-da5ef949df02.jpg
3d818877-a0c1-4b59-b0f3-8c735088fd3e,https://static.inaturalist.org/photos/22389117/medium.jpg,3454,Mourning Dove,data/new_raw/images/3d818877-a0c1-4b59-b0f3-8c735088fd3e.jpg
c319ce36-3933-40d4-a9e6-46907295d79f,https://static.inaturalist.org/photos/22389215/medium.jpg,1454382,Double-crested Cormorant,data/new_raw/images/c319ce36-3933-40d4-a9e6-46907295d79f.jpg
92993dce-89dc-4659-aa46-e6d7deb65e9a,https://inaturalist-open-data.s3.amazonaws.com/photos/22397742/medium.jpeg,792988,Downy Woodpecker,data/new_raw/images/92993dce-89dc-4659-aa46-e6d7deb65e9a.jpg
82e5c22c-a5de-4a59-a650-bd4b562c2660,https://inaturalist-open-data.s3.amazonaws.com/photos/22397745/medium.jpeg,9135,Chipping Sparrow,data/new_raw/images/82e5c22c-a5de-4a59-a650-bd4b562c2660.jpg
a9bbcaa6-adc3-4c65-a6ce-6defca67176b,https://inaturalist-open-data.s3.amazonaws.com/photos/22397749/medium.jpeg,9083,Northern Cardinal,data/new_raw/images/a9bbcaa6-adc3-4c65-a6ce-6defca67176b.jpg
abb816e2-f155-4560-8082-e2d0e3c572fc,https://inaturalist-open-data.s3.amazonaws.com/photos/22397750/medium.jpeg,9744,Red-winged Blackbird,data/new_raw/images/abb816e2-f155-4560-8082-e2d0e3c572fc.jpg
e1b4f980-3f4e-4423-946d-5e17fbe54ac4,https://inaturalist-open-data.s3.amazonaws.com/photos/22398084/medium.jpeg,11867,Purple Martin,data/new_raw/images/e1b4f980-3f4e-4423-946d-5e17fbe54ac4.jpg
302ef234-e50b-40fc-8fab-d9a0de8b6d1b,https://inaturalist-open-data.s3.amazonaws.com/photos/22398085/medium.jpeg,11867,Purple Martin,data/new_raw/images/302ef234-e50b-40fc-8fab-d9a0de8b6d1b.jpg
5e5e485f-bb82-40ca-8c65-86446013af59,https://inaturalist-open-data.s3.amazonaws.com/photos/22398088/medium.jpeg,6930,Mallard,data/new_raw/images/5e5e485f-bb82-40ca-8c65-86446013af59.jpg
fb156e6b-9b60-4d5d-a5df-7c6b639ef24f,https://inaturalist-open-data.s3.amazonaws.com/photos/22398091/medium.jpeg,9744,Red-winged Blackbird,data/new_raw/images/fb156e6b-9b60-4d5d-a5df-7c6b639ef24f.jpg
0469e120-e0a8-4df8-8c15-2f1071fa0327,https://inaturalist-open-data.s3.amazonaws.com/photos/22398092/medium.jpeg,12727,American Robin,data/new_raw/images/0469e120-e0a8-4df8-8c15-2f1071fa0327.jpg
d40e69ba-0580-4933-a0cb-407b34fe60e9,https://inaturalist-open-data.s3.amazonaws.com/photos/22398095/medium.jpeg,46217,Eastern Chipmunk,data/new_raw/images/d40e69ba-0580-4933-a0cb-407b34fe60e9.jpg
3934af86-be75-4354-9e44-9ac5f2009f64,https://inaturalist-open-data.s3.amazonaws.com/photos/22398096/medium.jpeg,144537,Caspian Tern,data/new_raw/images/3934af86-be75-4354-9e44-9ac5f2009f64.jpg
0b34b60e-8a86-4f4b-b05d-c009d118fc80,https://inaturalist-open-data.s3.amazonaws.com/photos/22398097/medium.jpeg,4364,Ring-billed Gull,data/new_raw/images/0b34b60e-8a86-4f4b-b05d-c009d118fc80.jpg
b39ecb32-e333-4870-ac38-591ca18c4c33,https://inaturalist-open-data.s3.amazonaws.com/photos/22398098/medium.jpeg,41663,Common Raccoon,data/new_raw/images/b39ecb32-e333-4870-ac38-591ca18c4c33.jpg
b8807944-75df-4329-a41f-6d6bee0b8b32,https://inaturalist-open-data.s3.amazonaws.com/photos/22398361/medium.jpeg,7089,Canada Goose,data/new_raw/images/b8807944-75df-4329-a41f-6d6bee0b8b32.jpg
f4ee3cd7-2a07-4fb9-816a-9bab192d2442,https://inaturalist-open-data.s3.amazonaws.com/photos/22398368/medium.jpeg,4981,Black-crowned Night Heron,data/new_raw/images/f4ee3cd7-2a07-4fb9-816a-9bab192d2442.jpg
233cf580-729d-46d9-b6e5-206d5d5adcc4,https://inaturalist-open-data.s3.amazonaws.com/photos/22398371/medium.jpeg,16782,Eastern Kingbird,data/new_raw/images/233cf580-729d-46d9-b6e5-206d5d5adcc4.jpg
21bdae39-1fbc-4cf4-b8ae-087a14c03f60,https://inaturalist-open-data.s3.amazonaws.com/photos/22398376/medium.jpeg,1454382,Double-crested Cormorant,data/new_raw/images/21bdae39-1fbc-4cf4-b8ae-087a14c03f60.jpg
f85e2e16-8681-4f41-bb45-10e5e67cfa2d,https://inaturalist-open-data.s3.amazonaws.com/photos/22398385/medium.jpeg,9744,Red-winged Blackbird,data/new_raw/images/f85e2e16-8681-4f41-bb45-10e5e67cfa2d.jpg
4e7f8372-2112-4f68-b551-758a29f88968,https://inaturalist-open-data.s3.amazonaws.com/photos/22398388/medium.jpeg,10373,Brown-headed Cowbird,data/new_raw/images/4e7f8372-2112-4f68-b551-758a29f88968.jpg
c5659b68-69c9-4575-9132-22297e691003,https://inaturalist-open-data.s3.amazonaws.com/photos/22398399/medium.jpeg,144815,Black-capped Chickadee,data/new_raw/images/c5659b68-69c9-4575-9132-22297e691003.jpg
57928969-5266-416f-9014-40ce2ba2c246,https://inaturalist-open-data.s3.amazonaws.com/photos/22398401/medium.jpeg,46017,Eastern Gray Squirrel,data/new_raw/images/57928969-5266-416f-9014-40ce2ba2c246.jpg
c91a74db-6468-44ce-a65c-c28756d4c118,https://inaturalist-open-data.s3.amazonaws.com/photos/22398404/medium.jpeg,13858,House Sparrow,data/new_raw/images/c91a74db-6468-44ce-a65c-c28756d4c118.jpg
bb59ff0c-a086-4d78-9efb-66ae9d551f96,https://inaturalist-open-data.s3.amazonaws.com/photos/22398405/medium.jpeg,16782,Eastern Kingbird,data/new_raw/images/bb59ff0c-a086-4d78-9efb-66ae9d551f96.jpg
6abf6c6e-d3a7-43fa-9d0e-d8b03194141b,https://inaturalist-open-data.s3.amazonaws.com/photos/22398409/medium.jpeg,9083,Northern Cardinal,data/new_raw/images/6abf6c6e-d3a7-43fa-9d0e-d8b03194141b.jpg
2b75da50-5c17-4424-ad5a-f02f022fa79b,https://inaturalist-open-data.s3.amazonaws.com/photos/22398410/medium.jpeg,145310,American Goldfinch,data/new_raw/images/2b75da50-5c17-4424-ad5a-f02f022fa79b.jpg
141f7c05-0122-47a1-8694-3dca909a347d,https://inaturalist-open-data.s3.amazonaws.com/photos/22398414/medium.jpeg,9602,Common Grackle,data/new_raw/images/141f7c05-0122-47a1-8694-3dca909a347d.jpg
b5f4d8c4-89bc-46f7-9cfe-326ac34fbed3,https://inaturalist-open-data.s3.amazonaws.com/photos/22398418/medium.jpeg,4981,Black-crowned Night Heron,data/new_raw/images/b5f4d8c4-89bc-46f7-9cfe-326ac34fbed3.jpg
5d81a8e0-3e35-4293-ac16-104691a103b5,https://static.inaturalist.org/photos/22402075/medium.jpeg,4981,Black-crowned Night Heron,data/new_raw/images/5d81a8e0-3e35-4293-ac16-104691a103b5.jpg
920603a4-55a3-4c60-af1b-5928fdaed765,https://static.inaturalist.org/photos/22407363/medium.jpg,9083,Northern Cardinal,data/new_raw/images/920603a4-55a3-4c60-af1b-5928fdaed765.jpg
d722c6c6-cf35-47c0-b0b3-f5a840d0c3e1,https://static.inaturalist.org/photos/22427594/medium.jpg,12727,American Robin,data/new_raw/images/d722c6c6-cf35-47c0-b0b3-f5a840d0c3e1.jpg
7898d292-d650-4b68-9e77-b59235211681,https://inaturalist-open-data.s3.amazonaws.com/photos/22440232/medium.jpg,4956,Great Blue Heron,data/new_raw/images/7898d292-d650-4b68-9e77-b59235211681.jpg
85317c8c-6663-44d6-afff-e9c8364d3ed2,https://inaturalist-open-data.s3.amazonaws.com/photos/22455506/medium.jpg,145310,American Goldfinch,data/new_raw/images/85317c8c-6663-44d6-afff-e9c8364d3ed2.jpg
9ccf2d3f-ca64-4aec-877a-e5a97f57a00a,https://static.inaturalist.org/photos/22463684/medium.jpg,4981,Black-crowned Night Heron,data/new_raw/images/9ccf2d3f-ca64-4aec-877a-e5a97f57a00a.jpg
fe0c2bbb-bf5d-4e24-9db1-e4ebe380c93c,https://static.inaturalist.org/photos/22464330/medium.jpg,43111,Eastern Cottontail,data/new_raw/images/fe0c2bbb-bf5d-4e24-9db1-e4ebe380c93c.jpg
12fa9ec5-f142-415d-8888-3a3a43b3e1e6,https://inaturalist-open-data.s3.amazonaws.com/photos/22468278/medium.jpg,5020,Green Heron,data/new_raw/images/12fa9ec5-f142-415d-8888-3a3a43b3e1e6.jpg
aa351b0f-4596-47e1-9501-6ff145e6824d,https://inaturalist-open-data.s3.amazonaws.com/photos/22469286/medium.jpg,6930,Mallard,data/new_raw/images/aa351b0f-4596-47e1-9501-6ff145e6824d.jpg
c4715c61-d076-41d7-8e45-85137fa59bf5,https://inaturalist-open-data.s3.amazonaws.com/photos/22469354/medium.jpg,4981,Black-crowned Night Heron,data/new_raw/images/c4715c61-d076-41d7-8e45-85137fa59bf5.jpg
26f11a4a-3e83-4c53-99be-6c95b9a71dc2,https://inaturalist-open-data.s3.amazonaws.com/photos/22471554/medium.jpg,3454,Mourning Dove,data/new_raw/images/26f11a4a-3e83-4c53-99be-6c95b9a71dc2.jpg
af12b0ac-33bc-48d7-9aea-9b7bab751ea4,https://inaturalist-open-data.s3.amazonaws.com/photos/22486238/medium.jpg,16782,Eastern Kingbird,data/new_raw/images/af12b0ac-33bc-48d7-9aea-9b7bab751ea4.jpg
210d743d-d4ca-4a3c-b162-1b392df086f3,https://inaturalist-open-data.s3.amazonaws.com/photos/22486335/medium.jpg,12727,American Robin,data/new_raw/images/210d743d-d4ca-4a3c-b162-1b392df086f3.jpg
ddeadd34-236c-4dd4-bcfa-5dea929f465e,https://inaturalist-open-data.s3.amazonaws.com/photos/22487933/medium.jpg,3454,Mourning Dove,data/new_raw/images/ddeadd34-236c-4dd4-bcfa-5dea929f465e.jpg
d1c36138-bd6b-420c-8644-3d8492b158e9,https://inaturalist-open-data.s3.amazonaws.com/photos/22488213/medium.jpg,4364,Ring-billed Gull,data/new_raw/images/d1c36138-bd6b-420c-8644-3d8492b158e9.jpg
4feb7bd0-08dc-4e0b-997f-62e25ccbb640,https://static.inaturalist.org/photos/22492642/medium.jpeg,46017,Eastern Gray Squirrel,data/new_raw/images/4feb7bd0-08dc-4e0b-997f-62e25ccbb640.jpg
3bfd2679-6343-4d42-ab16-10454a3e9219,https://static.inaturalist.org/photos/22495508/medium.jpg,4981,Black-crowned Night Heron,data/new_raw/images/3bfd2679-6343-4d42-ab16-10454a3e9219.jpg
0cf4d5b6-e0a5-470b-b089-f26369cb55b5,https://static.inaturalist.org/photos/22516554/medium.jpg,43111,Eastern Cottontail,data/new_raw/images/0cf4d5b6-e0a5-470b-b089-f26369cb55b5.jpg
10aa9c4e-6efb-4710-beaa-3c26abd8ba3a,https://static.inaturalist.org/photos/22523743/medium.jpg,43111,Eastern Cottontail,data/new_raw/images/10aa9c4e-6efb-4710-beaa-3c26abd8ba3a.jpg
255e992f-1b55-408d-b3e8-a845908a3cdc,https://static.inaturalist.org/photos/22524087/medium.jpg,46017,Eastern Gray Squirrel,data/new_raw/images/255e992f-1b55-408d-b3e8-a845908a3cdc.jpg
e2ae67f7-f7e8-4b1e-8c97-1138b44c346c,https://inaturalist-open-data.s3.amazonaws.com/photos/22541050/medium.jpg,4956,Great Blue Heron,data/new_raw/images/e2ae67f7-f7e8-4b1e-8c97-1138b44c346c.jpg
c0355c85-6c80-4fd9-994e-32ec184f3a09,https://static.inaturalist.org/photos/22544592/medium.jpg,46017,Eastern Gray Squirrel,data/new_raw/images/c0355c85-6c80-4fd9-994e-32ec184f3a09.jpg
c4e52b72-c732-4ff9-be45-cc35c63d9ea0,https://static.inaturalist.org/photos/22554679/medium.jpg,4981,Black-crowned Night Heron,data/new_raw/images/c4e52b72-c732-4ff9-be45-cc35c63d9ea0.jpg
a61cfed0-820a-4d36-884b-2df80dd48408,https://static.inaturalist.org/photos/22554712/medium.jpg,4665,American Kestrel,data/new_raw/images/a61cfed0-820a-4d36-884b-2df80dd48408.jpg
c5cc1efb-174a-49f9-bc68-86e91ea59e6b,https://inaturalist-open-data.s3.amazonaws.com/photos/22565986/medium.jpg,4981,Black-crowned Night Heron,data/new_raw/images/c5cc1efb-174a-49f9-bc68-86e91ea59e6b.jpg
f0feb66b-71a6-401d-b504-c0cbeb82283e,https://inaturalist-open-data.s3.amazonaws.com/photos/22568197/medium.jpeg,7251,Perching Birds,data/new_raw/images/f0feb66b-71a6-401d-b504-c0cbeb82283e.jpg
8ccb7e7a-7b85-4406-9746-af2c68a879f8,https://static.inaturalist.org/photos/22578090/medium.jpg,4981,Black-crowned Night Heron,data/new_raw/images/8ccb7e7a-7b85-4406-9746-af2c68a879f8.jpg
089aa44a-65c2-43e8-916c-b960f97537af,https://inaturalist-open-data.s3.amazonaws.com/photos/22620804/medium.jpg,4981,Black-crowned Night Heron,data/new_raw/images/089aa44a-65c2-43e8-916c-b960f97537af.jpg
d8e77c84-dbd7-44a7-a6ee-e2d95b8375cf,https://static.inaturalist.org/photos/22634677/medium.jpg,13858,House Sparrow,data/new_raw/images/d8e77c84-dbd7-44a7-a6ee-e2d95b8375cf.jpg
47a15da7-ad26-4013-8425-fcf781466d59,https://static.inaturalist.org/photos/22649574/medium.jpg,42223,White-tailed Deer,data/new_raw/images/47a15da7-ad26-4013-8425-fcf781466d59.jpg
8263b4c5-5c6b-412d-bbcb-c0ca8d83bef4,https://inaturalist-open-data.s3.amazonaws.com/photos/22650023/medium.jpeg,199840,House Finch,data/new_raw/images/8263b4c5-5c6b-412d-bbcb-c0ca8d83bef4.jpg
c2932f4c-c2b9-4ce5-b789-f64f5f858474,https://inaturalist-open-data.s3.amazonaws.com/photos/22651320/medium.jpeg,145310,American Goldfinch,data/new_raw/images/c2932f4c-c2b9-4ce5-b789-f64f5f858474.jpg
aa2abd55-2c2b-47c8-9024-83291d59e972,https://inaturalist-open-data.s3.amazonaws.com/photos/22651652/medium.jpeg,4793,Killdeer,data/new_raw/images/aa2abd55-2c2b-47c8-9024-83291d59e972.jpg
f3979726-9a55-489e-9ef5-93ad001511d6,https://inaturalist-open-data.s3.amazonaws.com/photos/22651692/medium.jpeg,7089,Canada Goose,data/new_raw/images/f3979726-9a55-489e-9ef5-93ad001511d6.jpg
998cb25c-b579-45cc-8565-b6fb2361a41d,https://inaturalist-open-data.s3.amazonaws.com/photos/22685540/medium.jpeg,12727,American Robin,data/new_raw/images/998cb25c-b579-45cc-8565-b6fb2361a41d.jpg
ec4397df-b862-4e52-9cc8-52efd607f430,https://inaturalist-open-data.s3.amazonaws.com/photos/22687392/medium.jpg,144455,Great Egret,data/new_raw/images/ec4397df-b862-4e52-9cc8-52efd607f430.jpg
e993458e-e2cd-42d3-8159-d1ad15ceaee1,https://static.inaturalist.org/photos/22691984/medium.jpg,46017,Eastern Gray Squirrel,data/new_raw/images/e993458e-e2cd-42d3-8159-d1ad15ceaee1.jpg
cbaddb5d-7697-4d7c-bcd4-804b20a522a7,https://static.inaturalist.org/photos/22692350/medium.jpg,13858,House Sparrow,data/new_raw/images/cbaddb5d-7697-4d7c-bcd4-804b20a522a7.jpg
fa8da0ae-efb6-4369-89fc-430be3e1ce2e,https://inaturalist-open-data.s3.amazonaws.com/photos/22732374/medium.jpg,4364,Ring-billed Gull,data/new_raw/images/fa8da0ae-efb6-4369-89fc-430be3e1ce2e.jpg
d504d87a-af2f-46dc-acbd-a1597b937443,https://inaturalist-open-data.s3.amazonaws.com/photos/22732376/medium.jpg,1578489,American Herring Gull,data/new_raw/images/d504d87a-af2f-46dc-acbd-a1597b937443.jpg
f261013f-0b48-49ca-af0c-4c12a22ea21f,https://inaturalist-open-data.s3.amazonaws.com/photos/22732381/medium.jpg,13858,House Sparrow,data/new_raw/images/f261013f-0b48-49ca-af0c-4c12a22ea21f.jpg
573f4ea1-e375-4afb-a446-694ad7af789d,https://inaturalist-open-data.s3.amazonaws.com/photos/22732386/medium.jpg,9083,Northern Cardinal,data/new_raw/images/573f4ea1-e375-4afb-a446-694ad7af789d.jpg
ec4f8a72-b4f4-4209-9b0b-14a0ca289650,https://inaturalist-open-data.s3.amazonaws.com/photos/22732391/medium.jpg,9083,Northern Cardinal,data/new_raw/images/ec4f8a72-b4f4-4209-9b0b-14a0ca289650.jpg
3cd49020-d9b1-40f0-8122-f7c8b94e4a5b,https://inaturalist-open-data.s3.amazonaws.com/photos/22732405/medium.jpg,9744,Red-winged Blackbird,data/new_raw/images/3cd49020-d9b1-40f0-8122-f7c8b94e4a5b.jpg
c0f02cb0-ec19-44f9-bc84-258d9e89bf7b,https://inaturalist-open-data.s3.amazonaws.com/photos/22732422/medium.jpg,10094,Dark-eyed Junco,data/new_raw/images/c0f02cb0-ec19-44f9-bc84-258d9e89bf7b.jpg
5e12d863-629e-4ebb-ab63-c054b81de25f,https://static.inaturalist.org/photos/22736797/medium.jpg,13858,House Sparrow,data/new_raw/images/5e12d863-629e-4ebb-ab63-c054b81de25f.jpg
59772e56-ca90-4464-918d-f7545ceccd30,https://inaturalist-open-data.s3.amazonaws.com/photos/22738460/medium.jpg,14850,European Starling,data/new_raw/images/59772e56-ca90-4464-918d-f7545ceccd30.jpg
51f9f68d-981d-48da-b4de-bd365daf8ce4,https://static.inaturalist.org/photos/22743982/medium.jpeg,43584,Human,data/new_raw/images/51f9f68d-981d-48da-b4de-bd365daf8ce4.jpg
ba9e4da9-8955-40b6-8e3c-2cb0e81d4590,https://inaturalist-open-data.s3.amazonaws.com/photos/22782257/medium.jpg,46017,Eastern Gray Squirrel,data/new_raw/images/ba9e4da9-8955-40b6-8e3c-2cb0e81d4590.jpg
e7d997b9-f64d-4e3f-a6e0-9d5569965584,https://static.inaturalist.org/photos/22795956/medium.jpg,4981,Black-crowned Night Heron,data/new_raw/images/e7d997b9-f64d-4e3f-a6e0-9d5569965584.jpg
dabe872b-e672-4de0-989b-d49144169347,https://static.inaturalist.org/photos/22796627/medium.jpg,43584,Human,data/new_raw/images/dabe872b-e672-4de0-989b-d49144169347.jpg
cc8285ac-8e19-4059-b738-6f8a292c3fba,https://static.inaturalist.org/photos/22804889/medium.jpg,43794,American Beaver,data/new_raw/images/cc8285ac-8e19-4059-b738-6f8a292c3fba.jpg
e5000547-4a5f-498b-a5b8-75df3f0766da,https://static.inaturalist.org/photos/22840445/medium.jpg,10227,Indigo Bunting,data/new_raw/images/e5000547-4a5f-498b-a5b8-75df3f0766da.jpg
b405a71c-1a51-4761-957c-a10e9e1274ab,https://inaturalist-open-data.s3.amazonaws.com/photos/22846580/medium.jpeg,12727,American Robin,data/new_raw/images/b405a71c-1a51-4761-957c-a10e9e1274ab.jpg
996c9d64-72d6-4556-9691-59717f9e6bf0,https://inaturalist-open-data.s3.amazonaws.com/photos/22847856/medium.jpeg,9744,Red-winged Blackbird,data/new_raw/images/996c9d64-72d6-4556-9691-59717f9e6bf0.jpg
2e8d31bf-51db-46b5-9786-2b098306734d,https://inaturalist-open-data.s3.amazonaws.com/photos/22849591/medium.jpeg,43111,Eastern Cottontail,data/new_raw/images/2e8d31bf-51db-46b5-9786-2b098306734d.jpg
d034e641-d868-47fb-af1f-afce9264e6a5,https://inaturalist-open-data.s3.amazonaws.com/photos/22851173/medium.jpeg,46017,Eastern Gray Squirrel,data/new_raw/images/d034e641-d868-47fb-af1f-afce9264e6a5.jpg
c249a77c-8389-4251-92e5-64f249726b66,https://inaturalist-open-data.s3.amazonaws.com/photos/22851178/medium.jpeg,9744,Red-winged Blackbird,data/new_raw/images/c249a77c-8389-4251-92e5-64f249726b66.jpg
293fbdb3-2779-4d65-b30a-270e6a03d1d6,https://inaturalist-open-data.s3.amazonaws.com/photos/22851198/medium.jpeg,46017,Eastern Gray Squirrel,data/new_raw/images/293fbdb3-2779-4d65-b30a-270e6a03d1d6.jpg
76f1c86f-7fd5-4b16-a280-2c6bb9fb30e1,https://inaturalist-open-data.s3.amazonaws.com/photos/22851916/medium.jpeg,46017,Eastern Gray Squirrel,data/new_raw/images/76f1c86f-7fd5-4b16-a280-2c6bb9fb30e1.jpg
d5c50937-8063-4c33-9d20-ef27e544bd20,https://inaturalist-open-data.s3.amazonaws.com/photos/22851924/medium.jpeg,43111,Eastern Cottontail,data/new_raw/images/d5c50937-8063-4c33-9d20-ef27e544bd20.jpg
9c269f71-79b0-4f17-8282-958980dd7ea1,https://inaturalist-open-data.s3.amazonaws.com/photos/22851926/medium.jpeg,46017,Eastern Gray Squirrel,data/new_raw/images/9c269f71-79b0-4f17-8282-958980dd7ea1.jpg
5a0b8dc8-f176-458e-88b6-a04b3470a6d9,https://inaturalist-open-data.s3.amazonaws.com/photos/22851930/medium.jpeg,12727,American Robin,data/new_raw/images/5a0b8dc8-f176-458e-88b6-a04b3470a6d9.jpg
6bbd5714-041e-4164-9c68-d7221391b174,https://static.inaturalist.org/photos/22874440/medium.jpg,43584,Human,data/new_raw/images/6bbd5714-041e-4164-9c68-d7221391b174.jpg
c4209a99-39de-4941-b4b1-4dd173e1ef7b,https://inaturalist-open-data.s3.amazonaws.com/photos/22890489/medium.jpg,4364,Ring-billed Gull,data/new_raw/images/c4209a99-39de-4941-b4b1-4dd173e1ef7b.jpg
7a1c1208-d55d-47af-a8f6-fc9bbb7eca30,https://static.inaturalist.org/photos/22900060/medium.jpg,1579017,Cooper's Hawk,data/new_raw/images/7a1c1208-d55d-47af-a8f6-fc9bbb7eca30.jpg
c0f18c13-6610-4c97-8e4a-0299520be86c,https://inaturalist-open-data.s3.amazonaws.com/photos/22910654/medium.jpg,4817,Semipalmated Plover,data/new_raw/images/c0f18c13-6610-4c97-8e4a-0299520be86c.jpg
e7da0b31-5776-46df-aa33-4e11820914e9,https://inaturalist-open-data.s3.amazonaws.com/photos/22910711/medium.jpg,1965,Yellow-billed Cuckoo,data/new_raw/images/e7da0b31-5776-46df-aa33-4e11820914e9.jpg
8d313911-196b-41c0-8cb7-2b4f87ff7a23,https://inaturalist-open-data.s3.amazonaws.com/photos/22923386/medium.jpeg,46217,Eastern Chipmunk,data/new_raw/images/8d313911-196b-41c0-8cb7-2b4f87ff7a23.jpg
f6946bdf-f0bc-432d-9859-e043dfaa5e20,https://inaturalist-open-data.s3.amazonaws.com/photos/22923371/medium.jpeg,43111,Eastern Cottontail,data/new_raw/images/f6946bdf-f0bc-432d-9859-e043dfaa5e20.jpg
cbbd1f83-94f9-451e-94d3-6252038fdca5,https://inaturalist-open-data.s3.amazonaws.com/photos/22940057/medium.jpg,11901,Barn Swallow,data/new_raw/images/cbbd1f83-94f9-451e-94d3-6252038fdca5.jpg
d7d5a03a-5186-42a4-9807-e3950bdd81dc,https://inaturalist-open-data.s3.amazonaws.com/photos/22940132/medium.jpg,7107,Wood Duck,data/new_raw/images/d7d5a03a-5186-42a4-9807-e3950bdd81dc.jpg
170990d1-5892-4d44-9b97-b801b920eb26,https://inaturalist-open-data.s3.amazonaws.com/photos/22940181/medium.jpg,5020,Green Heron,data/new_raw/images/170990d1-5892-4d44-9b97-b801b920eb26.jpg
bb63a4a2-b407-46d6-ad82-3a191c826650,https://static.inaturalist.org/photos/22957185/medium.jpg,12727,American Robin,data/new_raw/images/bb63a4a2-b407-46d6-ad82-3a191c826650.jpg
315c3cdf-0b44-4dbb-a9fc-29e2ef84f317,https://inaturalist-open-data.s3.amazonaws.com/photos/22972173/medium.jpeg,14801,White-breasted Nuthatch,data/new_raw/images/315c3cdf-0b44-4dbb-a9fc-29e2ef84f317.jpg
a180a41e-0364-4094-8940-2e7262f42efa,https://static.inaturalist.org/photos/22996747/medium.jpg,13858,House Sparrow,data/new_raw/images/a180a41e-0364-4094-8940-2e7262f42efa.jpg
5f707663-9dbf-4186-9f1f-2513504da02e,https://static.inaturalist.org/photos/23014363/medium.jpg,4981,Black-crowned Night Heron,data/new_raw/images/5f707663-9dbf-4186-9f1f-2513504da02e.jpg
c5862393-7ebc-488d-80db-d198e6c37ab4,https://static.inaturalist.org/photos/23015069/medium.jpg,4981,Black-crowned Night Heron,data/new_raw/images/c5862393-7ebc-488d-80db-d198e6c37ab4.jpg
0e4fd766-6d9c-496e-aea1-4ecc1964555d,https://inaturalist-open-data.s3.amazonaws.com/photos/23015063/medium.jpeg,16100,Eastern Wood-Pewee,data/new_raw/images/0e4fd766-6d9c-496e-aea1-4ecc1964555d.jpg
31033347-8511-4868-80bf-5a58cf9754cb,https://inaturalist-open-data.s3.amazonaws.com/photos/23047893/medium.jpeg,42223,White-tailed Deer,data/new_raw/images/31033347-8511-4868-80bf-5a58cf9754cb.jpg
bc97cb4c-9330-4a5b-9065-285022c19e9a,https://static.inaturalist.org/photos/23057717/medium.jpg,13858,House Sparrow,data/new_raw/images/bc97cb4c-9330-4a5b-9065-285022c19e9a.jpg
26ad0fd7-da95-483e-b7db-4e6f716413ea,https://inaturalist-open-data.s3.amazonaws.com/photos/23079073/medium.jpg,4999,Yellow-crowned Night Heron,data/new_raw/images/26ad0fd7-da95-483e-b7db-4e6f716413ea.jpg
f6fc56ff-2527-4672-b234-4a5189c2f668,https://inaturalist-open-data.s3.amazonaws.com/photos/23084626/medium.jpg,145310,American Goldfinch,data/new_raw/images/f6fc56ff-2527-4672-b234-4a5189c2f668.jpg
b8c77c91-4df9-43cf-b6be-b5d43f5f931a,https://inaturalist-open-data.s3.amazonaws.com/photos/23119404/medium.jpeg,12727,American Robin,data/new_raw/images/b8c77c91-4df9-43cf-b6be-b5d43f5f931a.jpg
2d5920eb-06af-49a1-b6df-f7fa2fda2cff,https://inaturalist-open-data.s3.amazonaws.com/photos/23120364/medium.jpg,4981,Black-crowned Night Heron,data/new_raw/images/2d5920eb-06af-49a1-b6df-f7fa2fda2cff.jpg
f0d7b00a-a33b-420d-b662-7086b9e28d34,https://inaturalist-open-data.s3.amazonaws.com/photos/23129558/medium.jpg,41663,Common Raccoon,data/new_raw/images/f0d7b00a-a33b-420d-b662-7086b9e28d34.jpg
609b6be0-1517-46da-902a-4404783bab88,https://inaturalist-open-data.s3.amazonaws.com/photos/23129996/medium.jpeg,4956,Great Blue Heron,data/new_raw/images/609b6be0-1517-46da-902a-4404783bab88.jpg
743d6ab8-786c-4467-93be-f6b1dbdf3c7e,https://static.inaturalist.org/photos/23145327/medium.jpg,145310,American Goldfinch,data/new_raw/images/743d6ab8-786c-4467-93be-f6b1dbdf3c7e.jpg
fb62f918-dce4-49b0-81f2-688b59d01a07,https://static.inaturalist.org/photos/23236653/medium.jpg,9744,Red-winged Blackbird,data/new_raw/images/fb62f918-dce4-49b0-81f2-688b59d01a07.jpg
dafd6e39-6d47-4c4a-b5f0-19601dfe248f,https://static.inaturalist.org/photos/23241392/medium.jpg,4981,Black-crowned Night Heron,data/new_raw/images/dafd6e39-6d47-4c4a-b5f0-19601dfe248f.jpg
d99c0cfb-2e46-4eeb-99ba-68cc6c6029c9,https://inaturalist-open-data.s3.amazonaws.com/photos/23467724/medium.jpg,44396,Eastern Deermouse,data/new_raw/images/d99c0cfb-2e46-4eeb-99ba-68cc6c6029c9.jpg
47abff24-024f-4a52-ab17-0e8ad95e09d4,https://static.inaturalist.org/photos/23298198/medium.jpg,122767,Feral Pigeon,data/new_raw/images/47abff24-024f-4a52-ab17-0e8ad95e09d4.jpg
57c5c632-aa07-4629-8f3d-99cd1f8d67c2,https://static.inaturalist.org/photos/23298263/medium.jpg,43584,Human,data/new_raw/images/57c5c632-aa07-4629-8f3d-99cd1f8d67c2.jpg
45bfdaf8-706d-47c1-9635-a3b191bea0ae,https://static.inaturalist.org/photos/23344942/medium.jpg,9083,Northern Cardinal,data/new_raw/images/45bfdaf8-706d-47c1-9635-a3b191bea0ae.jpg
78aca596-bbea-4db9-ad23-d6d9eb838060,https://static.inaturalist.org/photos/23347342/medium.jpg,7089,Canada Goose,data/new_raw/images/78aca596-bbea-4db9-ad23-d6d9eb838060.jpg
41560f91-6a69-44b9-9455-9bf6161deb3b,https://static.inaturalist.org/photos/23347844/medium.jpg,4364,Ring-billed Gull,data/new_raw/images/41560f91-6a69-44b9-9455-9bf6161deb3b.jpg
66aae035-0af8-4128-9132-3742fa259d35,https://static.inaturalist.org/photos/23383332/medium.jpg,7089,Canada Goose,data/new_raw/images/66aae035-0af8-4128-9132-3742fa259d35.jpg
f9ebe25d-592c-43ad-847c-7084f2f13d34,https://inaturalist-open-data.s3.amazonaws.com/photos/23390677/medium.jpg,11935,Tree Swallow,data/new_raw/images/f9ebe25d-592c-43ad-847c-7084f2f13d34.jpg
7a9bec23-5f62-4be4-9dfc-eae81952b949,https://static.inaturalist.org/photos/23428830/medium.jpg,4981,Black-crowned Night Heron,data/new_raw/images/7a9bec23-5f62-4be4-9dfc-eae81952b949.jpg
4b0d6e83-7ba0-483f-b3a5-900e3f4cbc52,https://inaturalist-open-data.s3.amazonaws.com/photos/23467860/medium.jpg,4981,Black-crowned Night Heron,data/new_raw/images/4b0d6e83-7ba0-483f-b3a5-900e3f4cbc52.jpg
967a850a-8c17-4856-9119-de06530fa11a,https://inaturalist-open-data.s3.amazonaws.com/photos/23469709/medium.jpg,40522,Eastern Red Bat,data/new_raw/images/967a850a-8c17-4856-9119-de06530fa11a.jpg
3089fa6e-1aff-4eec-8071-6ba51cc1f780,https://static.inaturalist.org/photos/23531895/medium.jpg,43584,Human,data/new_raw/images/3089fa6e-1aff-4eec-8071-6ba51cc1f780.jpg
62de1b00-3324-47b6-b358-8b7fe7e1c42a,https://static.inaturalist.org/photos/23531977/medium.jpg,43584,Human,data/new_raw/images/62de1b00-3324-47b6-b358-8b7fe7e1c42a.jpg
83c93060-ddd6-4813-bfd3-0c23cd3f3232,https://static.inaturalist.org/photos/23531985/medium.jpg,43584,Human,data/new_raw/images/83c93060-ddd6-4813-bfd3-0c23cd3f3232.jpg
2e36d5bd-e76a-4406-bda3-0a8a80113f31,https://static.inaturalist.org/photos/23532021/medium.jpg,43584,Human,data/new_raw/images/2e36d5bd-e76a-4406-bda3-0a8a80113f31.jpg
7688b7d9-ccaa-4b56-9b6a-b053337aa057,https://static.inaturalist.org/photos/23536634/medium.jpg,43584,Human,data/new_raw/images/7688b7d9-ccaa-4b56-9b6a-b053337aa057.jpg
24d66e0a-c805-4f2a-8d40-0efcdd9d45de,https://static.inaturalist.org/photos/23539597/medium.jpg,118552,Domestic Cat,data/new_raw/images/24d66e0a-c805-4f2a-8d40-0efcdd9d45de.jpg
f72b4485-59c4-486e-9240-6c0775877fcd,https://static.inaturalist.org/photos/23539706/medium.jpg,118552,Domestic Cat,data/new_raw/images/f72b4485-59c4-486e-9240-6c0775877fcd.jpg
23b98a2e-3611-4431-84f1-7d330123edab,https://static.inaturalist.org/photos/23562085/medium.jpg,43584,Human,data/new_raw/images/23b98a2e-3611-4431-84f1-7d330123edab.jpg
15ff68fe-cfbe-4a4f-bd30-2770dfcfe856,https://static.inaturalist.org/photos/23578189/medium.jpeg,848320,Placental Mammals,data/new_raw/images/15ff68fe-cfbe-4a4f-bd30-2770dfcfe856.jpg
0034c00b-d820-413c-806d-18433fe4ef48,https://static.inaturalist.org/photos/23581684/medium.jpg,7089,Canada Goose,data/new_raw/images/0034c00b-d820-413c-806d-18433fe4ef48.jpg
dc096834-973b-4a64-b279-d1eb05c0c36f,https://static.inaturalist.org/photos/23581697/medium.jpg,43584,Human,data/new_raw/images/dc096834-973b-4a64-b279-d1eb05c0c36f.jpg
8006c87a-e984-4673-b6b4-46401cedbb64,https://static.inaturalist.org/photos/23581702/medium.jpg,43584,Human,data/new_raw/images/8006c87a-e984-4673-b6b4-46401cedbb64.jpg
50a4ed8c-a68a-4a8e-ab64-a56496f7149e,https://static.inaturalist.org/photos/23582333/medium.jpg,43584,Human,data/new_raw/images/50a4ed8c-a68a-4a8e-ab64-a56496f7149e.jpg
440d82eb-8e30-43f9-bd9c-c9ead534407c,https://static.inaturalist.org/photos/23582460/medium.jpg,7089,Canada Goose,data/new_raw/images/440d82eb-8e30-43f9-bd9c-c9ead534407c.jpg
d41ebbad-17fe-481e-9e7a-3f3fee1b7ba3,https://static.inaturalist.org/photos/23582465/medium.jpg,7089,Canada Goose,data/new_raw/images/d41ebbad-17fe-481e-9e7a-3f3fee1b7ba3.jpg
f6a42fbe-dcfa-42bb-b592-f999b38eab14,https://static.inaturalist.org/photos/23582472/medium.jpg,7089,Canada Goose,data/new_raw/images/f6a42fbe-dcfa-42bb-b592-f999b38eab14.jpg
4ffdb5d3-ef01-42fe-9ab4-b783ab242fa0,https://static.inaturalist.org/photos/23582478/medium.jpg,7089,Canada Goose,data/new_raw/images/4ffdb5d3-ef01-42fe-9ab4-b783ab242fa0.jpg
40066e71-6262-4b45-b20f-f324d2112ca3,https://static.inaturalist.org/photos/23582516/medium.jpg,7089,Canada Goose,data/new_raw/images/40066e71-6262-4b45-b20f-f324d2112ca3.jpg
b3cb9216-021d-4be1-a50f-e54c37046bc7,https://static.inaturalist.org/photos/23582540/medium.jpg,43584,Human,data/new_raw/images/b3cb9216-021d-4be1-a50f-e54c37046bc7.jpg
c12202ed-1f70-4898-8d03-cc3835086fc9,https://static.inaturalist.org/photos/23582548/medium.jpg,7089,Canada Goose,data/new_raw/images/c12202ed-1f70-4898-8d03-cc3835086fc9.jpg
08e6e3de-9de8-45fb-a45d-646e4122d5be,https://static.inaturalist.org/photos/23582585/medium.jpg,43584,Human,data/new_raw/images/08e6e3de-9de8-45fb-a45d-646e4122d5be.jpg
1a31706d-db21-448d-996e-2be174974cf2,https://static.inaturalist.org/photos/23582597/medium.jpg,4793,Killdeer,data/new_raw/images/1a31706d-db21-448d-996e-2be174974cf2.jpg
3e8ff8c4-f958-4922-bb85-260cf3eb6af4,https://static.inaturalist.org/photos/23582638/medium.jpg,4793,Killdeer,data/new_raw/images/3e8ff8c4-f958-4922-bb85-260cf3eb6af4.jpg
44bacfba-a8c2-448d-b5a0-0c4a65a7678e,https://static.inaturalist.org/photos/23582642/medium.jpg,4793,Killdeer,data/new_raw/images/44bacfba-a8c2-448d-b5a0-0c4a65a7678e.jpg
80a02176-f191-41b1-9a90-f912684b0eec,https://static.inaturalist.org/photos/23582834/medium.jpg,47144,Domestic Dog,data/new_raw/images/80a02176-f191-41b1-9a90-f912684b0eec.jpg
cb7c5003-3583-4d82-840e-16df5b315ffd,https://static.inaturalist.org/photos/23582839/medium.jpg,6930,Mallard,data/new_raw/images/cb7c5003-3583-4d82-840e-16df5b315ffd.jpg
a8219e63-25b7-478e-a932-b6f1c0b6c24b,https://static.inaturalist.org/photos/23582838/medium.jpg,4793,Killdeer,data/new_raw/images/a8219e63-25b7-478e-a932-b6f1c0b6c24b.jpg
9632b481-ba52-41fb-bee6-5f4a9a64f0de,https://static.inaturalist.org/photos/23583022/medium.jpg,8021,American Crow,data/new_raw/images/9632b481-ba52-41fb-bee6-5f4a9a64f0de.jpg
de50bce4-e21f-49d9-a345-01f281a001e1,https://inaturalist-open-data.s3.amazonaws.com/photos/23583516/medium.jpeg,3,Birds,data/new_raw/images/de50bce4-e21f-49d9-a345-01f281a001e1.jpg
ed81119e-3bc5-4c85-ba30-aeaf436d2432,https://static.inaturalist.org/photos/23583524/medium.jpg,4956,Great Blue Heron,data/new_raw/images/ed81119e-3bc5-4c85-ba30-aeaf436d2432.jpg
2c3d4ff4-ee9a-4467-8406-f6d30ffa6296,https://inaturalist-open-data.s3.amazonaws.com/photos/23583552/medium.jpeg,7089,Canada Goose,data/new_raw/images/2c3d4ff4-ee9a-4467-8406-f6d30ffa6296.jpg
cb52ca02-49ea-42e5-96f7-136d96452b7b,https://static.inaturalist.org/photos/23583632/medium.jpg,7089,Canada Goose,data/new_raw/images/cb52ca02-49ea-42e5-96f7-136d96452b7b.jpg
e66272cf-0d51-432f-b181-577e419e3a5e,https://static.inaturalist.org/photos/23583717/medium.jpg,116999,Osprey,data/new_raw/images/e66272cf-0d51-432f-b181-577e419e3a5e.jpg
1b945499-0a1c-41c5-9e73-3ae5c96db0b2,https://static.inaturalist.org/photos/23583736/medium.jpg,7089,Canada Goose,data/new_raw/images/1b945499-0a1c-41c5-9e73-3ae5c96db0b2.jpg
2df037da-7895-469c-a9f8-71433442ebfa,https://inaturalist-open-data.s3.amazonaws.com/photos/23583800/medium.jpeg,7089,Canada Goose,data/new_raw/images/2df037da-7895-469c-a9f8-71433442ebfa.jpg
f6c65d87-abe1-44f1-befa-0c83797fbad6,https://static.inaturalist.org/photos/23583866/medium.jpg,43584,Human,data/new_raw/images/f6c65d87-abe1-44f1-befa-0c83797fbad6.jpg
f8f44107-2155-43c4-b913-f2846b7fbbce,https://static.inaturalist.org/photos/23583913/medium.jpg,11901,Barn Swallow,data/new_raw/images/f8f44107-2155-43c4-b913-f2846b7fbbce.jpg
febf9762-b1ef-4066-9758-26eda6fb280a,https://static.inaturalist.org/photos/23583944/medium.jpg,7089,Canada Goose,data/new_raw/images/febf9762-b1ef-4066-9758-26eda6fb280a.jpg
9010b785-921c-4f3b-ae19-c5de3b219e5d,https://static.inaturalist.org/photos/23584042/medium.jpg,7089,Canada Goose,data/new_raw/images/9010b785-921c-4f3b-ae19-c5de3b219e5d.jpg
44963003-e7c3-4d0c-8b5e-47c63487c2f0,https://static.inaturalist.org/photos/23584100/medium.jpg,7089,Canada Goose,data/new_raw/images/44963003-e7c3-4d0c-8b5e-47c63487c2f0.jpg
97abd6ef-67e8-4303-84b7-518150ba5d1f,https://static.inaturalist.org/photos/23584238/medium.jpg,11901,Barn Swallow,data/new_raw/images/97abd6ef-67e8-4303-84b7-518150ba5d1f.jpg
432f8a59-d69d-47f1-bdd6-ed4d9cf6cbe0,https://static.inaturalist.org/photos/23584690/medium.jpg,7089,Canada Goose,data/new_raw/images/432f8a59-d69d-47f1-bdd6-ed4d9cf6cbe0.jpg
a7125722-62ee-4e33-8dd5-7266c4907e38,https://static.inaturalist.org/photos/23584704/medium.jpg,7089,Canada Goose,data/new_raw/images/a7125722-62ee-4e33-8dd5-7266c4907e38.jpg
f26d3e25-6cc8-4d0f-9433-f852a72a00c2,https://static.inaturalist.org/photos/23584707/medium.jpg,7089,Canada Goose,data/new_raw/images/f26d3e25-6cc8-4d0f-9433-f852a72a00c2.jpg
0ce48f50-d909-450e-93d9-ffdecc9f9fe7,https://static.inaturalist.org/photos/23585371/medium.jpg,7089,Canada Goose,data/new_raw/images/0ce48f50-d909-450e-93d9-ffdecc9f9fe7.jpg
1026b1df-2915-4442-8ee6-398dfde549e3,https://static.inaturalist.org/photos/23585374/medium.jpg,7089,Canada Goose,data/new_raw/images/1026b1df-2915-4442-8ee6-398dfde549e3.jpg
c57eb37a-815f-4499-b472-44fee27aa4a1,https://static.inaturalist.org/photos/23585389/medium.jpg,7089,Canada Goose,data/new_raw/images/c57eb37a-815f-4499-b472-44fee27aa4a1.jpg
7b04a1c9-5f8b-4086-a805-063f272bda30,https://static.inaturalist.org/photos/23585447/medium.jpg,7089,Canada Goose,data/new_raw/images/7b04a1c9-5f8b-4086-a805-063f272bda30.jpg
9e6d14c1-3bd6-4ca2-9876-78bc6c130d52,https://static.inaturalist.org/photos/23585533/medium.jpg,7089,Canada Goose,data/new_raw/images/9e6d14c1-3bd6-4ca2-9876-78bc6c130d52.jpg
bdecaf14-c010-4947-9bdd-e4399f95281a,https://static.inaturalist.org/photos/23585567/medium.jpg,7089,Canada Goose,data/new_raw/images/bdecaf14-c010-4947-9bdd-e4399f95281a.jpg
dbd5918a-239a-4194-8494-c6f93a1b12af,https://static.inaturalist.org/photos/23585562/medium.jpg,7089,Canada Goose,data/new_raw/images/dbd5918a-239a-4194-8494-c6f93a1b12af.jpg
cee1ffd5-1a2a-4e82-93d6-3f31d8c6b9e9,https://static.inaturalist.org/photos/23585563/medium.jpg,7089,Canada Goose,data/new_raw/images/cee1ffd5-1a2a-4e82-93d6-3f31d8c6b9e9.jpg
9e6bdbb8-47f8-401f-83cd-ab38dfbaaca9,https://static.inaturalist.org/photos/23585601/medium.jpg,4364,Ring-billed Gull,data/new_raw/images/9e6bdbb8-47f8-401f-83cd-ab38dfbaaca9.jpg
bb404a7a-ae11-49ab-ad1d-02f2511e621e,https://static.inaturalist.org/photos/23585655/medium.jpg,7089,Canada Goose,data/new_raw/images/bb404a7a-ae11-49ab-ad1d-02f2511e621e.jpg
1d6370bd-176f-4fad-89b3-58fa20f9a1e5,https://static.inaturalist.org/photos/23585674/medium.jpg,7089,Canada Goose,data/new_raw/images/1d6370bd-176f-4fad-89b3-58fa20f9a1e5.jpg
b935ee08-0a7e-4d0e-9eaa-5b173d4d77e9,https://static.inaturalist.org/photos/23586143/medium.jpg,43584,Human,data/new_raw/images/b935ee08-0a7e-4d0e-9eaa-5b173d4d77e9.jpg
8c33b566-49ab-47df-8332-c97255c9351f,https://static.inaturalist.org/photos/23586306/medium.jpg,43584,Human,data/new_raw/images/8c33b566-49ab-47df-8332-c97255c9351f.jpg
2a83fd4d-1ba4-4f3c-a424-e42db4c3bf0c,https://static.inaturalist.org/photos/23586373/medium.jpg,43584,Human,data/new_raw/images/2a83fd4d-1ba4-4f3c-a424-e42db4c3bf0c.jpg
be7f5879-967a-4795-a701-6102414b357a,https://static.inaturalist.org/photos/23586397/medium.jpg,43584,Human,data/new_raw/images/be7f5879-967a-4795-a701-6102414b357a.jpg
1cd59e0f-872f-404f-981d-0be5be23a98f,https://static.inaturalist.org/photos/23586791/medium.jpg,43584,Human,data/new_raw/images/1cd59e0f-872f-404f-981d-0be5be23a98f.jpg
462225eb-ce09-41e8-ac27-1de26194e806,https://static.inaturalist.org/photos/23586854/medium.jpg,43584,Human,data/new_raw/images/462225eb-ce09-41e8-ac27-1de26194e806.jpg
e56974ad-3820-471a-a0aa-a3dcac7cc0da,https://static.inaturalist.org/photos/23586934/medium.jpg,7089,Canada Goose,data/new_raw/images/e56974ad-3820-471a-a0aa-a3dcac7cc0da.jpg
ccdb7f24-d6e8-4263-99fc-3e91fbf783ae,https://static.inaturalist.org/photos/23587001/medium.jpg,43584,Human,data/new_raw/images/ccdb7f24-d6e8-4263-99fc-3e91fbf783ae.jpg
0002b8e4-c6da-4a93-a8a1-0e2cd4e70e49,https://static.inaturalist.org/photos/23587140/medium.jpg,43584,Human,data/new_raw/images/0002b8e4-c6da-4a93-a8a1-0e2cd4e70e49.jpg
2664184a-863d-4520-ac68-2b4e1447d209,https://static.inaturalist.org/photos/23600056/medium.jpg,43111,Eastern Cottontail,data/new_raw/images/2664184a-863d-4520-ac68-2b4e1447d209.jpg
7212b868-cb0f-44cc-b72d-6fefde98ffea,https://static.inaturalist.org/photos/23600358/medium.jpg,13858,House Sparrow,data/new_raw/images/7212b868-cb0f-44cc-b72d-6fefde98ffea.jpg
7635c685-2d84-497b-af1c-db80fb42c727,https://inaturalist-open-data.s3.amazonaws.com/photos/23601951/medium.jpg,145310,American Goldfinch,data/new_raw/images/7635c685-2d84-497b-af1c-db80fb42c727.jpg
a8578a3d-a92b-4a3f-bb9f-ab880edbbcd6,https://static.inaturalist.org/photos/23614012/medium.jpeg,43584,Human,data/new_raw/images/a8578a3d-a92b-4a3f-bb9f-ab880edbbcd6.jpg
6480fa98-2a04-49fd-9452-7e35fbab7565,https://static.inaturalist.org/photos/23614028/medium.jpeg,43584,Human,data/new_raw/images/6480fa98-2a04-49fd-9452-7e35fbab7565.jpg
4ec7b728-a492-4e89-ab70-aec6bdea5d41,https://static.inaturalist.org/photos/23636610/medium.jpg,5212,Red-tailed Hawk,data/new_raw/images/4ec7b728-a492-4e89-ab70-aec6bdea5d41.jpg
a49ae538-8868-476b-aa00-43e37f562b59,https://static.inaturalist.org/photos/23640912/medium.jpg,144455,Great Egret,data/new_raw/images/a49ae538-8868-476b-aa00-43e37f562b59.jpg
366ac594-1297-4b0a-8f26-56f8baf5ff16,https://static.inaturalist.org/photos/23650639/medium.jpg,43584,Human,data/new_raw/images/366ac594-1297-4b0a-8f26-56f8baf5ff16.jpg
e34839e6-0711-49a7-9412-fab3c63ca6c8,https://static.inaturalist.org/photos/23671381/medium.jpg,7562,Northern House Wren,data/new_raw/images/e34839e6-0711-49a7-9412-fab3c63ca6c8.jpg
39c364fd-11bc-4e54-bf3e-615a8d3cee6b,https://static.inaturalist.org/photos/23671418/medium.jpg,6432,Ruby-throated Hummingbird,data/new_raw/images/39c364fd-11bc-4e54-bf3e-615a8d3cee6b.jpg
1057f66a-4b8b-483e-a38c-7758f5f08b1c,https://static.inaturalist.org/photos/23671539/medium.jpg,7089,Canada Goose,data/new_raw/images/1057f66a-4b8b-483e-a38c-7758f5f08b1c.jpg
f07ce386-070e-4910-8eb4-98e3ef25086f,https://static.inaturalist.org/photos/23685923/medium.jpg,43584,Human,data/new_raw/images/f07ce386-070e-4910-8eb4-98e3ef25086f.jpg
d53b31be-3424-4d34-b152-1f5191ce4011,https://static.inaturalist.org/photos/23686360/medium.jpg,43584,Human,data/new_raw/images/d53b31be-3424-4d34-b152-1f5191ce4011.jpg
a1499ceb-47b8-4bef-9ee3-9d30a27b5a71,https://static.inaturalist.org/photos/23691803/medium.jpg,145310,American Goldfinch,data/new_raw/images/a1499ceb-47b8-4bef-9ee3-9d30a27b5a71.jpg
2c7cf356-fde4-4ba5-8e40-7ff5d0ba0a79,https://static.inaturalist.org/photos/23693117/medium.jpg,43584,Human,data/new_raw/images/2c7cf356-fde4-4ba5-8e40-7ff5d0ba0a79.jpg
17c6e989-541d-43cc-94e7-aeb42dca910a,https://static.inaturalist.org/photos/23693124/medium.jpg,43584,Human,data/new_raw/images/17c6e989-541d-43cc-94e7-aeb42dca910a.jpg
ff180690-661b-4016-84a0-004dc3fe6a9a,https://static.inaturalist.org/photos/23693179/medium.jpg,43584,Human,data/new_raw/images/ff180690-661b-4016-84a0-004dc3fe6a9a.jpg
2b9ca6cc-92ce-4dbb-8cda-35fc48232a8f,https://static.inaturalist.org/photos/23695530/medium.jpg,43584,Human,data/new_raw/images/2b9ca6cc-92ce-4dbb-8cda-35fc48232a8f.jpg
161a9290-f9b5-414a-92d4-02009dda8816,https://inaturalist-open-data.s3.amazonaws.com/photos/23743351/medium.jpg,9721,Common Yellowthroat,data/new_raw/images/161a9290-f9b5-414a-92d4-02009dda8816.jpg
121826bf-3ef8-4bf0-aa57-19320b061a3e,https://static.inaturalist.org/photos/23743862/medium.jpg,7089,Canada Goose,data/new_raw/images/121826bf-3ef8-4bf0-aa57-19320b061a3e.jpg
763ece45-2034-4156-bfcd-acc32eefd85e,https://static.inaturalist.org/photos/23743865/medium.jpg,7089,Canada Goose,data/new_raw/images/763ece45-2034-4156-bfcd-acc32eefd85e.jpg
7a6aaf15-5e07-4fdb-845a-f3fe9d4f1886,https://static.inaturalist.org/photos/23743987/medium.jpeg,13858,House Sparrow,data/new_raw/images/7a6aaf15-5e07-4fdb-845a-f3fe9d4f1886.jpg
463be012-5800-4b13-b8ab-1f147e5e3bde,https://static.inaturalist.org/photos/23744324/medium.jpg,145310,American Goldfinch,data/new_raw/images/463be012-5800-4b13-b8ab-1f147e5e3bde.jpg
7185b712-0bcb-4311-a3ce-d370ff7cdd12,https://static.inaturalist.org/photos/23744395/medium.jpg,145310,American Goldfinch,data/new_raw/images/7185b712-0bcb-4311-a3ce-d370ff7cdd12.jpg
d8359539-0b96-471e-b6ac-8ecbb9fa8db0,https://static.inaturalist.org/photos/23759085/medium.jpg,4981,Black-crowned Night Heron,data/new_raw/images/d8359539-0b96-471e-b6ac-8ecbb9fa8db0.jpg
74f4597e-a92f-488a-9218-71b741daade5,https://static.inaturalist.org/photos/23761795/medium.jpeg,13858,House Sparrow,data/new_raw/images/74f4597e-a92f-488a-9218-71b741daade5.jpg
111c9da4-0025-4769-a579-436eaae5062e,https://inaturalist-open-data.s3.amazonaws.com/photos/23768119/medium.jpg,10227,Indigo Bunting,data/new_raw/images/111c9da4-0025-4769-a579-436eaae5062e.jpg
89b070a1-5735-4617-ae24-d613020cd8a7,https://inaturalist-open-data.s3.amazonaws.com/photos/23775276/medium.jpg,979756,Tennessee Warbler,data/new_raw/images/89b070a1-5735-4617-ae24-d613020cd8a7.jpg
25a1ce8a-1903-432f-aae6-95e152502267,https://inaturalist-open-data.s3.amazonaws.com/photos/23775724/medium.jpg,6432,Ruby-throated Hummingbird,data/new_raw/images/25a1ce8a-1903-432f-aae6-95e152502267.jpg
c5a746ca-1a3c-4cec-a1af-e40fa513ad9f,https://static.inaturalist.org/photos/23776782/medium.jpg,122767,Feral Pigeon,data/new_raw/images/c5a746ca-1a3c-4cec-a1af-e40fa513ad9f.jpg
f1e74c05-f833-4fe6-bdd7-f6e5ba69be4b,https://static.inaturalist.org/photos/23809014/medium.jpg,62550,Ovenbird,data/new_raw/images/f1e74c05-f833-4fe6-bdd7-f6e5ba69be4b.jpg
af48486f-4f4c-4a7b-bb0e-e712c0b5544a,https://inaturalist-open-data.s3.amazonaws.com/photos/23859043/medium.jpeg,19765,Eastern Screech-Owl,data/new_raw/images/af48486f-4f4c-4a7b-bb0e-e712c0b5544a.jpg
b37838bf-a213-4b46-8a56-41e2651fb55f,https://inaturalist-open-data.s3.amazonaws.com/photos/23860011/medium.jpeg,144883,Winter Wren,data/new_raw/images/b37838bf-a213-4b46-8a56-41e2651fb55f.jpg
10203001-daf8-47d4-b4dd-2b8e64651ee3,https://inaturalist-open-data.s3.amazonaws.com/photos/23860076/medium.jpeg,16782,Eastern Kingbird,data/new_raw/images/10203001-daf8-47d4-b4dd-2b8e64651ee3.jpg
4e0f69f6-32fb-4d1e-87c4-4d65e7bf3be8,https://inaturalist-open-data.s3.amazonaws.com/photos/23860152/medium.jpeg,11901,Barn Swallow,data/new_raw/images/4e0f69f6-32fb-4d1e-87c4-4d65e7bf3be8.jpg
007a9251-c7c4-40b9-b587-72bb97b206bc,https://inaturalist-open-data.s3.amazonaws.com/photos/23860842/medium.jpg,3845,Red Knot,data/new_raw/images/007a9251-c7c4-40b9-b587-72bb97b206bc.jpg
30ba6b46-fb5a-4ad5-8b09-4de1048fe162,https://inaturalist-open-data.s3.amazonaws.com/photos/23860876/medium.jpeg,5212,Red-tailed Hawk,data/new_raw/images/30ba6b46-fb5a-4ad5-8b09-4de1048fe162.jpg
7c1b545c-a9be-4763-8d96-da7c36c11b9c,https://inaturalist-open-data.s3.amazonaws.com/photos/23862649/medium.jpg,9148,Clay-colored Sparrow,data/new_raw/images/7c1b545c-a9be-4763-8d96-da7c36c11b9c.jpg
eeb2d804-f2c1-4c3d-b64f-d9ee76ee651b,https://inaturalist-open-data.s3.amazonaws.com/photos/23862819/medium.jpg,5020,Green Heron,data/new_raw/images/eeb2d804-f2c1-4c3d-b64f-d9ee76ee651b.jpg
0d27f5a7-5ef2-41fa-861a-5afb19048455,https://inaturalist-open-data.s3.amazonaws.com/photos/23862999/medium.jpg,145231,Cape May Warbler,data/new_raw/images/0d27f5a7-5ef2-41fa-861a-5afb19048455.jpg
4055c0ef-fb48-4687-a25a-db9014b3dd3b,https://inaturalist-open-data.s3.amazonaws.com/photos/23877262/medium.jpeg,73148,Louisiana Waterthrush,data/new_raw/images/4055c0ef-fb48-4687-a25a-db9014b3dd3b.jpg
6d5baad0-50cb-4b9c-98de-74cf683fdaae,https://inaturalist-open-data.s3.amazonaws.com/photos/23877418/medium.jpeg,558439,Gadwall,data/new_raw/images/6d5baad0-50cb-4b9c-98de-74cf683fdaae.jpg
0447ed6d-2400-4a5e-8789-c01d31686d7b,https://inaturalist-open-data.s3.amazonaws.com/photos/23877450/medium.jpeg,9744,Red-winged Blackbird,data/new_raw/images/0447ed6d-2400-4a5e-8789-c01d31686d7b.jpg
811450fc-7ffe-4d29-8d69-6e892f7d8ac8,https://inaturalist-open-data.s3.amazonaws.com/photos/23877525/medium.jpeg,199837,Eastern Whip-poor-will,data/new_raw/images/811450fc-7ffe-4d29-8d69-6e892f7d8ac8.jpg
2e573c21-9692-48a1-bfe4-3d286c14f1b9,https://inaturalist-open-data.s3.amazonaws.com/photos/23877579/medium.jpeg,7054,Lesser Scaup,data/new_raw/images/2e573c21-9692-48a1-bfe4-3d286c14f1b9.jpg
fa414138-2bae-4722-81df-a6c6c7aca30b,https://inaturalist-open-data.s3.amazonaws.com/photos/23877631/medium.jpg,6993,Bufflehead,data/new_raw/images/fa414138-2bae-4722-81df-a6c6c7aca30b.jpg
aeb76137-e1d3-4c7a-b7e4-9c887fb12cbd,https://static.inaturalist.org/photos/23893758/medium.jpeg,40522,Eastern Red Bat,data/new_raw/images/aeb76137-e1d3-4c7a-b7e4-9c887fb12cbd.jpg
41045b3b-b896-48ff-9016-92aea8c70ffc,https://inaturalist-open-data.s3.amazonaws.com/photos/23895104/medium.jpg,4981,Black-crowned Night Heron,data/new_raw/images/41045b3b-b896-48ff-9016-92aea8c70ffc.jpg
6d4cb335-0ee2-45ab-8031-95e124c4079c,https://inaturalist-open-data.s3.amazonaws.com/photos/23914850/medium.jpg,4665,American Kestrel,data/new_raw/images/6d4cb335-0ee2-45ab-8031-95e124c4079c.jpg
3d809e3d-8bfa-4d89-b560-2162b63cbb73,https://inaturalist-open-data.s3.amazonaws.com/photos/23927780/medium.jpeg,9092,Lincoln's Sparrow,data/new_raw/images/3d809e3d-8bfa-4d89-b560-2162b63cbb73.jpg
c84fe147-7d47-4b0a-af92-bc161f44caa0,https://inaturalist-open-data.s3.amazonaws.com/photos/23927791/medium.jpeg,4793,Killdeer,data/new_raw/images/c84fe147-7d47-4b0a-af92-bc161f44caa0.jpg
518ed16f-bbce-47f3-99c5-80f8e5dec540,https://inaturalist-open-data.s3.amazonaws.com/photos/23927799/medium.jpeg,9148,Clay-colored Sparrow,data/new_raw/images/518ed16f-bbce-47f3-99c5-80f8e5dec540.jpg
017f2d34-3dec-4138-993b-19a1f1d965e0,https://inaturalist-open-data.s3.amazonaws.com/photos/23927824/medium.jpeg,12883,Gray-cheeked Thrush,data/new_raw/images/017f2d34-3dec-4138-993b-19a1f1d965e0.jpg
885f74fa-7c62-4066-87e5-4d4e2a36bb9a,https://static.inaturalist.org/photos/23946233/medium.jpg,7428,Cedar Waxwing,data/new_raw/images/885f74fa-7c62-4066-87e5-4d4e2a36bb9a.jpg
dca8e786-897a-4f33-bccd-78b9e6250858,https://inaturalist-open-data.s3.amazonaws.com/photos/23956314/medium.jpg,145240,Blackpoll Warbler,data/new_raw/images/dca8e786-897a-4f33-bccd-78b9e6250858.jpg
63b38968-669a-4534-ba37-df54a5e0fe2a,https://static.inaturalist.org/photos/23981112/medium.jpg,145310,American Goldfinch,data/new_raw/images/63b38968-669a-4534-ba37-df54a5e0fe2a.jpg
22bbb6e7-62d4-4cf4-8982-6c43d73ffcd8,https://static.inaturalist.org/photos/23983220/medium.jpg,42223,White-tailed Deer,data/new_raw/images/22bbb6e7-62d4-4cf4-8982-6c43d73ffcd8.jpg
f27fce65-4dd3-4389-807d-6d72e5e778e6,https://inaturalist-open-data.s3.amazonaws.com/photos/24021139/medium.jpeg,72458,Spotted Sandpiper,data/new_raw/images/f27fce65-4dd3-4389-807d-6d72e5e778e6.jpg
6d0b9d2e-7c1f-4b43-85e1-7d9d5216522b,https://inaturalist-open-data.s3.amazonaws.com/photos/24023573/medium.jpeg,5020,Green Heron,data/new_raw/images/6d0b9d2e-7c1f-4b43-85e1-7d9d5216522b.jpg
5a5ef130-1b65-486f-96b4-5cc573432f62,https://static.inaturalist.org/photos/24033622/medium.jpg,5212,Red-tailed Hawk,data/new_raw/images/5a5ef130-1b65-486f-96b4-5cc573432f62.jpg
50a7b005-a5e9-4d9f-9462-32993e35955e,https://static.inaturalist.org/photos/24035294/medium.jpg,4956,Great Blue Heron,data/new_raw/images/50a7b005-a5e9-4d9f-9462-32993e35955e.jpg
2f927f9b-adce-4c1f-b8ef-3c675ea891ad,https://inaturalist-open-data.s3.amazonaws.com/photos/24052123/medium.jpg,7089,Canada Goose,data/new_raw/images/2f927f9b-adce-4c1f-b8ef-3c675ea891ad.jpg
a2c1a5f8-655d-4f09-86c1-c7ef20b6bbf9,https://inaturalist-open-data.s3.amazonaws.com/photos/24052430/medium.jpg,5020,Green Heron,data/new_raw/images/a2c1a5f8-655d-4f09-86c1-c7ef20b6bbf9.jpg
ded5f8ad-c2a1-4d12-b41d-80da6605defc,https://inaturalist-open-data.s3.amazonaws.com/photos/24052531/medium.jpg,46217,Eastern Chipmunk,data/new_raw/images/ded5f8ad-c2a1-4d12-b41d-80da6605defc.jpg
8604c1ca-2240-4ddf-85da-b6860abff825,https://inaturalist-open-data.s3.amazonaws.com/photos/24060398/medium.jpg,4364,Ring-billed Gull,data/new_raw/images/8604c1ca-2240-4ddf-85da-b6860abff825.jpg
51e3a7f1-93f6-46f7-9628-535d7cff3881,https://static.inaturalist.org/photos/24062882/medium.jpg,4981,Black-crowned Night Heron,data/new_raw/images/51e3a7f1-93f6-46f7-9628-535d7cff3881.jpg
f0d3aa93-544f-42e5-8694-0abebda6dadd,https://inaturalist-open-data.s3.amazonaws.com/photos/24074318/medium.jpg,46017,Eastern Gray Squirrel,data/new_raw/images/f0d3aa93-544f-42e5-8694-0abebda6dadd.jpg
13a4f978-27aa-4bf8-a70c-6c26288fb2bd,https://static.inaturalist.org/photos/24092830/medium.jpg,5212,Red-tailed Hawk,data/new_raw/images/13a4f978-27aa-4bf8-a70c-6c26288fb2bd.jpg
1a467c06-1113-4f95-8961-83f30f904f00,https://inaturalist-open-data.s3.amazonaws.com/photos/24092929/medium.jpg,145310,American Goldfinch,data/new_raw/images/1a467c06-1113-4f95-8961-83f30f904f00.jpg
67ec2a88-9f63-46e1-bf0f-dc667a1d2f73,https://inaturalist-open-data.s3.amazonaws.com/photos/24096043/medium.jpeg,3,Birds,data/new_raw/images/67ec2a88-9f63-46e1-bf0f-dc667a1d2f73.jpg
a1871760-fab5-448b-997e-6a15e0fdcf9c,https://inaturalist-open-data.s3.amazonaws.com/photos/24096080/medium.jpeg,7089,Canada Goose,data/new_raw/images/a1871760-fab5-448b-997e-6a15e0fdcf9c.jpg
68d94786-c216-4813-b065-fc5baa7cd8e0,https://inaturalist-open-data.s3.amazonaws.com/photos/24121135/medium.jpg,144815,Black-capped Chickadee,data/new_raw/images/68d94786-c216-4813-b065-fc5baa7cd8e0.jpg
c3549c1a-3b2c-4229-8278-25c2f22165ad,https://inaturalist-open-data.s3.amazonaws.com/photos/24136297/medium.jpeg,122767,Feral Pigeon,data/new_raw/images/c3549c1a-3b2c-4229-8278-25c2f22165ad.jpg
0e7ba3bb-fd5b-4c99-8868-8535a2d5d047,https://inaturalist-open-data.s3.amazonaws.com/photos/24147554/medium.jpg,42223,White-tailed Deer,data/new_raw/images/0e7ba3bb-fd5b-4c99-8868-8535a2d5d047.jpg
b1758e41-66a7-4092-82a8-3681df77a609,https://inaturalist-open-data.s3.amazonaws.com/photos/24162273/medium.jpeg,19577,Common Nighthawk,data/new_raw/images/b1758e41-66a7-4092-82a8-3681df77a609.jpg
0d90d507-eae3-434f-b19f-6acfcd682809,https://inaturalist-open-data.s3.amazonaws.com/photos/24164127/medium.jpg,4364,Ring-billed Gull,data/new_raw/images/0d90d507-eae3-434f-b19f-6acfcd682809.jpg
05e805ca-6b8a-48d3-9fe2-6b91afdb7eca,https://inaturalist-open-data.s3.amazonaws.com/photos/24164220/medium.jpg,42223,White-tailed Deer,data/new_raw/images/05e805ca-6b8a-48d3-9fe2-6b91afdb7eca.jpg
5895f750-f4ef-4993-bb1a-2b80eea0eb17,https://inaturalist-open-data.s3.amazonaws.com/photos/24164222/medium.jpg,46017,Eastern Gray Squirrel,data/new_raw/images/5895f750-f4ef-4993-bb1a-2b80eea0eb17.jpg
350154fc-36df-47fe-8cd8-147dd270a396,https://inaturalist-open-data.s3.amazonaws.com/photos/24199230/medium.jpg,3845,Red Knot,data/new_raw/images/350154fc-36df-47fe-8cd8-147dd270a396.jpg
37b67358-ffa9-46d8-9149-bbf510e231ef,https://inaturalist-open-data.s3.amazonaws.com/photos/24199298/medium.jpg,10373,Brown-headed Cowbird,data/new_raw/images/37b67358-ffa9-46d8-9149-bbf510e231ef.jpg
9197a6d5-215e-431e-bc88-611058152da6,https://static.inaturalist.org/photos/24202807/medium.jpeg,9744,Red-winged Blackbird,data/new_raw/images/9197a6d5-215e-431e-bc88-611058152da6.jpg
543360b0-8bac-47d6-8eca-2a860e14c8cf,https://inaturalist-open-data.s3.amazonaws.com/photos/24203131/medium.jpg,3845,Red Knot,data/new_raw/images/543360b0-8bac-47d6-8eca-2a860e14c8cf.jpg
79ddd9ce-13f3-4bb4-9830-cefbfc0a719a,https://inaturalist-open-data.s3.amazonaws.com/photos/24224105/medium.jpg,145310,American Goldfinch,data/new_raw/images/79ddd9ce-13f3-4bb4-9830-cefbfc0a719a.jpg
44f376a2-f1de-43f8-a05a-939184084bad,https://inaturalist-open-data.s3.amazonaws.com/photos/24227661/medium.jpeg,13858,House Sparrow,data/new_raw/images/44f376a2-f1de-43f8-a05a-939184084bad.jpg
efe53b94-5c87-46b1-990c-1dae0c81b424,https://inaturalist-open-data.s3.amazonaws.com/photos/24227828/medium.jpeg,13858,House Sparrow,data/new_raw/images/efe53b94-5c87-46b1-990c-1dae0c81b424.jpg
3a30091f-e1a3-43e0-9240-c937b81747d3,https://inaturalist-open-data.s3.amazonaws.com/photos/24228352/medium.jpeg,5020,Green Heron,data/new_raw/images/3a30091f-e1a3-43e0-9240-c937b81747d3.jpg
0c0f54d9-87dd-4010-a931-c28f3978d5d9,https://inaturalist-open-data.s3.amazonaws.com/photos/24228581/medium.jpg,42051,Coyote,data/new_raw/images/0c0f54d9-87dd-4010-a931-c28f3978d5d9.jpg
ce70bfe4-cd64-44e2-a8c5-24943c950570,https://inaturalist-open-data.s3.amazonaws.com/photos/24265935/medium.jpg,6432,Ruby-throated Hummingbird,data/new_raw/images/ce70bfe4-cd64-44e2-a8c5-24943c950570.jpg
f45848f7-b5fb-4d54-a51b-92b813e2b230,https://inaturalist-open-data.s3.amazonaws.com/photos/24278161/medium.jpg,9100,Song Sparrow,data/new_raw/images/f45848f7-b5fb-4d54-a51b-92b813e2b230.jpg
5c8d78d4-f2d2-4678-9979-2cca9c993a3c,https://inaturalist-open-data.s3.amazonaws.com/photos/24342553/medium.jpg,12878,Swainson's Thrush,data/new_raw/images/5c8d78d4-f2d2-4678-9979-2cca9c993a3c.jpg
fa43e2f2-48e7-47db-bbbf-6657cff7f6ba,https://static.inaturalist.org/photos/24357451/medium.jpg,43584,Human,data/new_raw/images/fa43e2f2-48e7-47db-bbbf-6657cff7f6ba.jpg
929889e9-2a73-4832-9dee-38885782c17d,https://static.inaturalist.org/photos/24372063/medium.jpg,43584,Human,data/new_raw/images/929889e9-2a73-4832-9dee-38885782c17d.jpg
b51eaf80-e3f9-4a91-9a23-a4625b95c31b,https://static.inaturalist.org/photos/24372132/medium.jpg,43584,Human,data/new_raw/images/b51eaf80-e3f9-4a91-9a23-a4625b95c31b.jpg
ffcec814-2fa6-4ad0-9dcf-91ff9a768664,https://static.inaturalist.org/photos/24372167/medium.jpg,43584,Human,data/new_raw/images/ffcec814-2fa6-4ad0-9dcf-91ff9a768664.jpg
999daeda-3a1b-4c9f-8bc0-f28c2ad44599,https://static.inaturalist.org/photos/24372190/medium.jpg,43584,Human,data/new_raw/images/999daeda-3a1b-4c9f-8bc0-f28c2ad44599.jpg
b9ed660f-0c79-498f-a813-fa4e08c52135,https://static.inaturalist.org/photos/24372223/medium.jpg,43584,Human,data/new_raw/images/b9ed660f-0c79-498f-a813-fa4e08c52135.jpg
180928f4-8bcd-4cc3-89fc-93054fae25b5,https://static.inaturalist.org/photos/24372220/medium.jpg,43584,Human,data/new_raw/images/180928f4-8bcd-4cc3-89fc-93054fae25b5.jpg
4f1d9edf-a8b8-4e99-a9ea-7f28b4f7534b,https://static.inaturalist.org/photos/24372253/medium.jpg,43584,Human,data/new_raw/images/4f1d9edf-a8b8-4e99-a9ea-7f28b4f7534b.jpg
89ebe7a8-2d41-4e06-b260-1c1d414aba3b,https://static.inaturalist.org/photos/24372313/medium.jpg,43584,Human,data/new_raw/images/89ebe7a8-2d41-4e06-b260-1c1d414aba3b.jpg
f2d8b7ae-6f5f-4080-9a80-0e3ee3bd7210,https://static.inaturalist.org/photos/24372408/medium.jpg,43584,Human,data/new_raw/images/f2d8b7ae-6f5f-4080-9a80-0e3ee3bd7210.jpg
74a66eb7-fc42-4844-be7b-f22d6d9a2594,https://static.inaturalist.org/photos/24372429/medium.jpg,43584,Human,data/new_raw/images/74a66eb7-fc42-4844-be7b-f22d6d9a2594.jpg
d857bb11-931a-4925-b465-2d34a1e12ced,https://static.inaturalist.org/photos/24372453/medium.jpg,43584,Human,data/new_raw/images/d857bb11-931a-4925-b465-2d34a1e12ced.jpg
5b31445d-1137-4673-981f-fd3fd113acc5,https://static.inaturalist.org/photos/24374524/medium.jpg,43584,Human,data/new_raw/images/5b31445d-1137-4673-981f-fd3fd113acc5.jpg
e71fad9d-61aa-4055-b7e6-8a69af402f5a,https://static.inaturalist.org/photos/24408289/medium.jpeg,122767,Feral Pigeon,data/new_raw/images/e71fad9d-61aa-4055-b7e6-8a69af402f5a.jpg
ed32da1f-c15a-4594-8264-e09fb27e237d,https://static.inaturalist.org/photos/24421780/medium.jpeg,7089,Canada Goose,data/new_raw/images/ed32da1f-c15a-4594-8264-e09fb27e237d.jpg
657cdcdd-78ad-4f4f-b752-bb6224d15e72,https://static.inaturalist.org/photos/24421800/medium.jpeg,6930,Mallard,data/new_raw/images/657cdcdd-78ad-4f4f-b752-bb6224d15e72.jpg
acd5479c-4682-4d38-82d5-683b4d370c24,https://static.inaturalist.org/photos/24421817/medium.jpeg,122767,Feral Pigeon,data/new_raw/images/acd5479c-4682-4d38-82d5-683b4d370c24.jpg
07628032-37d0-4ac2-87f3-b44a869fbea9,https://static.inaturalist.org/photos/24421950/medium.jpeg,4364,Ring-billed Gull,data/new_raw/images/07628032-37d0-4ac2-87f3-b44a869fbea9.jpg
ef32fae7-678f-4f6d-ab1c-248737e3611e,https://inaturalist-open-data.s3.amazonaws.com/photos/24439309/medium.jpeg,505478,Domestic Chicken,data/new_raw/images/ef32fae7-678f-4f6d-ab1c-248737e3611e.jpg
0f10cbcc-977a-4746-819d-8cfe842caec0,https://static.inaturalist.org/photos/24459260/medium.jpg,47144,Domestic Dog,data/new_raw/images/0f10cbcc-977a-4746-819d-8cfe842caec0.jpg
9ecb5a1d-0e1c-4853-9802-8d905ed50c7e,https://static.inaturalist.org/photos/24471578/medium.jpg,41880,Striped Skunk,data/new_raw/images/9ecb5a1d-0e1c-4853-9802-8d905ed50c7e.jpg
5dcf497d-b788-465a-ba66-9e9faf507542,https://inaturalist-open-data.s3.amazonaws.com/photos/24475143/medium.jpg,5020,Green Heron,data/new_raw/images/5dcf497d-b788-465a-ba66-9e9faf507542.jpg
292ef7e5-9db6-48df-8b90-8f02421f8ec0,https://static.inaturalist.org/photos/24517101/medium.jpg,46020,Eastern Fox Squirrel,data/new_raw/images/292ef7e5-9db6-48df-8b90-8f02421f8ec0.jpg
680b8095-e684-410c-b908-3e4f862295ef,https://static.inaturalist.org/photos/24522460/medium.jpg,7251,Perching Birds,data/new_raw/images/680b8095-e684-410c-b908-3e4f862295ef.jpg
016ce241-0f37-4ca9-98b1-0bda03e136e0,https://static.inaturalist.org/photos/24524418/medium.jpeg,46017,Eastern Gray Squirrel,data/new_raw/images/016ce241-0f37-4ca9-98b1-0bda03e136e0.jpg
b1cc4d8c-6dc4-4281-82aa-65a3a80558ea,https://static.inaturalist.org/photos/24524960/medium.jpeg,46017,Eastern Gray Squirrel,data/new_raw/images/b1cc4d8c-6dc4-4281-82aa-65a3a80558ea.jpg
49c1c36b-d237-433d-85ef-cd5e32ddf051,https://static.inaturalist.org/photos/24533361/medium.jpg,4665,American Kestrel,data/new_raw/images/49c1c36b-d237-433d-85ef-cd5e32ddf051.jpg
f6133182-2af2-44bf-aaad-712a7828410c,https://inaturalist-open-data.s3.amazonaws.com/photos/24541432/medium.jpg,1579017,Cooper's Hawk,data/new_raw/images/f6133182-2af2-44bf-aaad-712a7828410c.jpg
1fc3a2d4-460d-4576-913f-da23f173112a,https://inaturalist-open-data.s3.amazonaws.com/photos/24542104/medium.jpeg,4956,Great Blue Heron,data/new_raw/images/1fc3a2d4-460d-4576-913f-da23f173112a.jpg
b6f542b6-2cbd-472e-995f-fd469bdcbb1a,https://inaturalist-open-data.s3.amazonaws.com/photos/24550997/medium.jpg,12878,Swainson's Thrush,data/new_raw/images/b6f542b6-2cbd-472e-995f-fd469bdcbb1a.jpg
4916e05d-58a1-433a-8018-8bbd019809c9,https://inaturalist-open-data.s3.amazonaws.com/photos/24551315/medium.jpg,1431621,Western Meadow Vole,data/new_raw/images/4916e05d-58a1-433a-8018-8bbd019809c9.jpg
7af5be5b-6e88-4dd9-9342-b50e7272836c,https://inaturalist-open-data.s3.amazonaws.com/photos/24551359/medium.jpg,43111,Eastern Cottontail,data/new_raw/images/7af5be5b-6e88-4dd9-9342-b50e7272836c.jpg
64431ac1-b58d-48fb-b9bd-c0c59dd7e6b5,https://inaturalist-open-data.s3.amazonaws.com/photos/24552968/medium.jpg,12878,Swainson's Thrush,data/new_raw/images/64431ac1-b58d-48fb-b9bd-c0c59dd7e6b5.jpg
1e8f3eeb-ae9f-4a83-a202-e2b9cc233a80,https://static.inaturalist.org/photos/24554770/medium.jpg,199916,Black-throated Blue Warbler,data/new_raw/images/1e8f3eeb-ae9f-4a83-a202-e2b9cc233a80.jpg
e710cb0f-6af5-4b3e-bb27-62ab8e81d042,https://inaturalist-open-data.s3.amazonaws.com/photos/24556831/medium.jpg,12878,Swainson's Thrush,data/new_raw/images/e710cb0f-6af5-4b3e-bb27-62ab8e81d042.jpg
94ebe001-04d9-418b-94c7-64d5efa59e1f,https://inaturalist-open-data.s3.amazonaws.com/photos/24556963/medium.jpeg,12878,Swainson's Thrush,data/new_raw/images/94ebe001-04d9-418b-94c7-64d5efa59e1f.jpg
deae91ff-607a-4b2b-b40d-ed10db044081,https://inaturalist-open-data.s3.amazonaws.com/photos/24557109/medium.jpeg,14823,Red-breasted Nuthatch,data/new_raw/images/deae91ff-607a-4b2b-b40d-ed10db044081.jpg
0137de95-8293-435b-8024-04b582601e07,https://inaturalist-open-data.s3.amazonaws.com/photos/24557151/medium.jpeg,16028,Great Crested Flycatcher,data/new_raw/images/0137de95-8293-435b-8024-04b582601e07.jpg
570ad572-6280-4c73-8ac0-62906a385b12,https://inaturalist-open-data.s3.amazonaws.com/photos/24557913/medium.jpg,145235,Magnolia Warbler,data/new_raw/images/570ad572-6280-4c73-8ac0-62906a385b12.jpg
37877382-1956-41b1-9301-1b1568c59959,https://inaturalist-open-data.s3.amazonaws.com/photos/24559082/medium.jpeg,16597,Empidonax Flycatchers,data/new_raw/images/37877382-1956-41b1-9301-1b1568c59959.jpg
dfac7f44-4ea8-4e99-82ea-24ebd039878f,https://static.inaturalist.org/photos/24564867/medium.jpg,4665,American Kestrel,data/new_raw/images/dfac7f44-4ea8-4e99-82ea-24ebd039878f.jpg
1312267a-7062-40b6-97fc-13ac4df3f489,https://static.inaturalist.org/photos/24572722/medium.jpg,13858,House Sparrow,data/new_raw/images/1312267a-7062-40b6-97fc-13ac4df3f489.jpg
dc2434d8-5f2a-4695-8deb-93bc988e4e9f,https://static.inaturalist.org/photos/24586055/medium.jpg,4981,Black-crowned Night Heron,data/new_raw/images/dc2434d8-5f2a-4695-8deb-93bc988e4e9f.jpg
0a089d0d-2b67-45e8-bb07-74431cab216c,https://static.inaturalist.org/photos/32649324/medium.jpg,14823,Red-breasted Nuthatch,data/new_raw/images/0a089d0d-2b67-45e8-bb07-74431cab216c.jpg
3777dd29-9577-41cd-a23f-8af1e6983458,https://inaturalist-open-data.s3.amazonaws.com/photos/24615808/medium.jpg,555736,Northern Yellow-shafted Flicker,data/new_raw/images/3777dd29-9577-41cd-a23f-8af1e6983458.jpg
e694701c-89c2-4678-b5bf-7cf5db5f4fbb,https://inaturalist-open-data.s3.amazonaws.com/photos/24618317/medium.jpeg,145242,Palm Warbler,data/new_raw/images/e694701c-89c2-4678-b5bf-7cf5db5f4fbb.jpg
7b8249db-7bac-4649-955d-060ed9857365,https://inaturalist-open-data.s3.amazonaws.com/photos/24618853/medium.jpg,145242,Palm Warbler,data/new_raw/images/7b8249db-7bac-4649-955d-060ed9857365.jpg
af403eee-fde9-4273-91be-301b32d10f8f,https://inaturalist-open-data.s3.amazonaws.com/photos/24619310/medium.jpeg,145242,Palm Warbler,data/new_raw/images/af403eee-fde9-4273-91be-301b32d10f8f.jpg
28c1ea28-dba1-4485-b326-73c2298976ac,https://inaturalist-open-data.s3.amazonaws.com/photos/24620414/medium.jpeg,14995,Gray Catbird,data/new_raw/images/28c1ea28-dba1-4485-b326-73c2298976ac.jpg
b80de5c2-6f7c-4159-a145-ebb111e804e6,https://inaturalist-open-data.s3.amazonaws.com/photos/24621380/medium.jpeg,10247,American Redstart,data/new_raw/images/b80de5c2-6f7c-4159-a145-ebb111e804e6.jpg
02fdaa03-8807-4b90-9804-661b60ee0159,https://inaturalist-open-data.s3.amazonaws.com/photos/24621521/medium.jpeg,145276,Wilson's Warbler,data/new_raw/images/02fdaa03-8807-4b90-9804-661b60ee0159.jpg
a13398aa-f9dc-4578-9e56-707021561ca3,https://inaturalist-open-data.s3.amazonaws.com/photos/24631773/medium.jpg,979753,Nashville Warbler,data/new_raw/images/a13398aa-f9dc-4578-9e56-707021561ca3.jpg
6389ffad-4afb-48e4-9cb4-90f6781f80c8,https://inaturalist-open-data.s3.amazonaws.com/photos/24631999/medium.jpg,12878,Swainson's Thrush,data/new_raw/images/6389ffad-4afb-48e4-9cb4-90f6781f80c8.jpg
14b91527-e1c6-433d-b968-e77f9f4eb4ba,https://inaturalist-open-data.s3.amazonaws.com/photos/24632478/medium.jpg,62550,Ovenbird,data/new_raw/images/14b91527-e1c6-433d-b968-e77f9f4eb4ba.jpg
033e0905-9a7c-4edf-af80-d2508a592c43,https://inaturalist-open-data.s3.amazonaws.com/photos/24632559/medium.jpg,12878,Swainson's Thrush,data/new_raw/images/033e0905-9a7c-4edf-af80-d2508a592c43.jpg
b6ddc25d-de46-4b61-a6d9-a3c64388d947,https://static.inaturalist.org/photos/24657555/medium.jpg,43584,Human,data/new_raw/images/b6ddc25d-de46-4b61-a6d9-a3c64388d947.jpg
b85e264c-ad42-4eb7-9c2a-4bc80e549db4,https://static.inaturalist.org/photos/24657726/medium.jpg,43584,Human,data/new_raw/images/b85e264c-ad42-4eb7-9c2a-4bc80e549db4.jpg
dbd4f1b4-f7ca-484c-a3c8-18502228127b,https://static.inaturalist.org/photos/24657786/medium.jpg,43584,Human,data/new_raw/images/dbd4f1b4-f7ca-484c-a3c8-18502228127b.jpg
bfb94985-cec4-498a-a0e9-ede04d8fc64c,https://static.inaturalist.org/photos/24659854/medium.jpg,5212,Red-tailed Hawk,data/new_raw/images/bfb94985-cec4-498a-a0e9-ede04d8fc64c.jpg
a7491dd1-df03-4442-8855-a3c2363972b6,https://inaturalist-open-data.s3.amazonaws.com/photos/24678868/medium.jpg,10227,Indigo Bunting,data/new_raw/images/a7491dd1-df03-4442-8855-a3c2363972b6.jpg
a60093b1-b292-45be-bd9d-a128d79ceae2,https://inaturalist-open-data.s3.amazonaws.com/photos/24681075/medium.jpg,10247,American Redstart,data/new_raw/images/a60093b1-b292-45be-bd9d-a128d79ceae2.jpg
a523c39d-0d55-492c-8cbe-a5b4beb714fb,https://inaturalist-open-data.s3.amazonaws.com/photos/24682625/medium.jpg,9092,Lincoln's Sparrow,data/new_raw/images/a523c39d-0d55-492c-8cbe-a5b4beb714fb.jpg
9ed67419-b990-4cc7-ae7a-7de72ce91f6a,https://static.inaturalist.org/photos/24683298/medium.jpg,41663,Common Raccoon,data/new_raw/images/9ed67419-b990-4cc7-ae7a-7de72ce91f6a.jpg
f14ef116-338d-4de2-a806-48d3e8291845,https://inaturalist-open-data.s3.amazonaws.com/photos/24683846/medium.jpg,122767,Feral Pigeon,data/new_raw/images/f14ef116-338d-4de2-a806-48d3e8291845.jpg
5f9271c6-0ed3-4b0b-9637-f588a8420697,https://inaturalist-open-data.s3.amazonaws.com/photos/24686869/medium.jpg,145310,American Goldfinch,data/new_raw/images/5f9271c6-0ed3-4b0b-9637-f588a8420697.jpg
4d551e07-b8f4-4f15-b7ca-4b0fcfd5ddf8,https://inaturalist-open-data.s3.amazonaws.com/photos/24688191/medium.jpeg,46217,Eastern Chipmunk,data/new_raw/images/4d551e07-b8f4-4f15-b7ca-4b0fcfd5ddf8.jpg
4e51d02c-2865-4a41-a39c-17ca484c9abe,https://static.inaturalist.org/photos/24699754/medium.jpg,43584,Human,data/new_raw/images/4e51d02c-2865-4a41-a39c-17ca484c9abe.jpg
40c1a5c1-2fd0-469a-bc88-e3e13e68b7f7,https://static.inaturalist.org/photos/24700456/medium.jpg,46017,Eastern Gray Squirrel,data/new_raw/images/40c1a5c1-2fd0-469a-bc88-e3e13e68b7f7.jpg
2a4c3a39-2e75-48ae-a18e-922ca37a99de,https://static.inaturalist.org/photos/24700499/medium.jpg,46017,Eastern Gray Squirrel,data/new_raw/images/2a4c3a39-2e75-48ae-a18e-922ca37a99de.jpg
0a43d601-c67b-43e0-8690-9e1349c4bfbc,https://static.inaturalist.org/photos/24701066/medium.jpg,979756,Tennessee Warbler,data/new_raw/images/0a43d601-c67b-43e0-8690-9e1349c4bfbc.jpg
499edca7-50c7-46db-863e-6850cf0ed0e5,https://inaturalist-open-data.s3.amazonaws.com/photos/24705182/medium.jpg,979756,Tennessee Warbler,data/new_raw/images/499edca7-50c7-46db-863e-6850cf0ed0e5.jpg
411acc25-0b1d-4e04-be63-a30110df6364,https://static.inaturalist.org/photos/24710569/medium.jpg,43584,Human,data/new_raw/images/411acc25-0b1d-4e04-be63-a30110df6364.jpg
cf6f90a7-899d-4a47-ac47-d95b54acaf90,https://static.inaturalist.org/photos/24710657/medium.jpg,43584,Human,data/new_raw/images/cf6f90a7-899d-4a47-ac47-d95b54acaf90.jpg
1ce728f4-f00e-4713-841b-bfba040b947a,https://static.inaturalist.org/photos/24710852/medium.jpg,43584,Human,data/new_raw/images/1ce728f4-f00e-4713-841b-bfba040b947a.jpg
f21fb00e-d561-423c-8c14-bf08f2725fb1,https://static.inaturalist.org/photos/24712363/medium.jpg,43584,Human,data/new_raw/images/f21fb00e-d561-423c-8c14-bf08f2725fb1.jpg
60530505-f00e-4736-84c7-d9398a5c042e,https://static.inaturalist.org/photos/24720248/medium.jpg,43584,Human,data/new_raw/images/60530505-f00e-4736-84c7-d9398a5c042e.jpg
343b8834-16e4-4722-aeeb-a012bc54dfdf,https://inaturalist-open-data.s3.amazonaws.com/photos/24741866/medium.jpeg,9721,Common Yellowthroat,data/new_raw/images/343b8834-16e4-4722-aeeb-a012bc54dfdf.jpg
1012c46f-7e50-4f51-b9b4-6e75f44cd1e3,https://inaturalist-open-data.s3.amazonaws.com/photos/24753431/medium.jpg,14823,Red-breasted Nuthatch,data/new_raw/images/1012c46f-7e50-4f51-b9b4-6e75f44cd1e3.jpg
2d33b675-dbb5-45b3-a6f8-1fd1c52beff1,https://static.inaturalist.org/photos/24762607/medium.jpg,4956,Great Blue Heron,data/new_raw/images/2d33b675-dbb5-45b3-a6f8-1fd1c52beff1.jpg
feb06288-8393-4e03-81b5-28ff9db4075c,https://inaturalist-open-data.s3.amazonaws.com/photos/24771196/medium.jpg,4981,Black-crowned Night Heron,data/new_raw/images/feb06288-8393-4e03-81b5-28ff9db4075c.jpg
ac89168d-6113-4a0d-9739-0508899bf619,https://inaturalist-open-data.s3.amazonaws.com/photos/24771288/medium.jpg,46217,Eastern Chipmunk,data/new_raw/images/ac89168d-6113-4a0d-9739-0508899bf619.jpg
389e26ef-9fdd-46e1-b69b-cfe366772968,https://inaturalist-open-data.s3.amazonaws.com/photos/24772241/medium.jpg,46017,Eastern Gray Squirrel,data/new_raw/images/389e26ef-9fdd-46e1-b69b-cfe366772968.jpg
07ecab6d-8b9f-4951-afcb-931c43ba662c,https://inaturalist-open-data.s3.amazonaws.com/photos/24787643/medium.jpg,3849,Sanderling,data/new_raw/images/07ecab6d-8b9f-4951-afcb-931c43ba662c.jpg
c6c72bbf-be76-4064-b253-17f04e953789,https://static.inaturalist.org/photos/24799697/medium.jpg,145310,American Goldfinch,data/new_raw/images/c6c72bbf-be76-4064-b253-17f04e953789.jpg
67918b39-aa71-47ab-866b-1977d14b87f1,https://inaturalist-open-data.s3.amazonaws.com/photos/24812972/medium.jpg,7089,Canada Goose,data/new_raw/images/67918b39-aa71-47ab-866b-1977d14b87f1.jpg
21eecdf7-ac40-46de-860e-e1df426a4ac4,https://static.inaturalist.org/photos/24817294/medium.jpeg,40522,Eastern Red Bat,data/new_raw/images/21eecdf7-ac40-46de-860e-e1df426a4ac4.jpg
0de3eb4f-3871-4243-bc79-1302d01bb31e,https://inaturalist-open-data.s3.amazonaws.com/photos/24817343/medium.jpg,40522,Eastern Red Bat,data/new_raw/images/0de3eb4f-3871-4243-bc79-1302d01bb31e.jpg
11a0b8bf-0ddc-4fbc-9b4a-061795cae1d1,https://static.inaturalist.org/photos/24818257/medium.jpg,4665,American Kestrel,data/new_raw/images/11a0b8bf-0ddc-4fbc-9b4a-061795cae1d1.jpg
082d5e7e-d11b-4587-8cf1-2096d2903e9a,https://static.inaturalist.org/photos/24819944/medium.jpg,13858,House Sparrow,data/new_raw/images/082d5e7e-d11b-4587-8cf1-2096d2903e9a.jpg
f3f746de-6ad5-47b5-b7e6-33c7514a9c7d,https://static.inaturalist.org/photos/24957955/medium.jpg,46017,Eastern Gray Squirrel,data/new_raw/images/f3f746de-6ad5-47b5-b7e6-33c7514a9c7d.jpg
59cf9a5b-1061-4c4c-b129-9158d6fdc6c3,https://inaturalist-open-data.s3.amazonaws.com/photos/24855736/medium.jpg,5020,Green Heron,data/new_raw/images/59cf9a5b-1061-4c4c-b129-9158d6fdc6c3.jpg
a8073be2-0602-4ae7-a150-eeee68a9da99,https://inaturalist-open-data.s3.amazonaws.com/photos/24855981/medium.jpg,10373,Brown-headed Cowbird,data/new_raw/images/a8073be2-0602-4ae7-a150-eeee68a9da99.jpg
83986b9d-948d-464f-a137-a441e72f2a93,https://inaturalist-open-data.s3.amazonaws.com/photos/24855998/medium.jpg,4981,Black-crowned Night Heron,data/new_raw/images/83986b9d-948d-464f-a137-a441e72f2a93.jpg
96cd8abf-65f0-4edc-88cc-135c0cfd3646,https://inaturalist-open-data.s3.amazonaws.com/photos/24856927/medium.jpg,4981,Black-crowned Night Heron,data/new_raw/images/96cd8abf-65f0-4edc-88cc-135c0cfd3646.jpg
50a1ec60-02ac-4b45-b281-0d79cb60e04c,https://inaturalist-open-data.s3.amazonaws.com/photos/24856977/medium.jpg,9176,White-crowned Sparrow,data/new_raw/images/50a1ec60-02ac-4b45-b281-0d79cb60e04c.jpg
f8cc35e9-5e5b-4b10-8a7b-d837e39f87ce,https://inaturalist-open-data.s3.amazonaws.com/photos/24856981/medium.jpg,9744,Red-winged Blackbird,data/new_raw/images/f8cc35e9-5e5b-4b10-8a7b-d837e39f87ce.jpg
024dabd7-98cf-4f30-a42f-26c35e39c293,https://inaturalist-open-data.s3.amazonaws.com/photos/24856987/medium.jpg,11970,Northern Rough-winged Swallow,data/new_raw/images/024dabd7-98cf-4f30-a42f-26c35e39c293.jpg
78810c1f-e179-4efa-9aa1-db63821a5a0e,https://inaturalist-open-data.s3.amazonaws.com/photos/24856991/medium.jpg,72458,Spotted Sandpiper,data/new_raw/images/78810c1f-e179-4efa-9aa1-db63821a5a0e.jpg
9e30e66f-1697-4bed-9d25-94e271775509,https://inaturalist-open-data.s3.amazonaws.com/photos/24857010/medium.jpg,4793,Killdeer,data/new_raw/images/9e30e66f-1697-4bed-9d25-94e271775509.jpg
42444d25-b9ce-4b4c-a2b7-6ed2de4a7151,https://inaturalist-open-data.s3.amazonaws.com/photos/24857015/medium.jpg,46217,Eastern Chipmunk,data/new_raw/images/42444d25-b9ce-4b4c-a2b7-6ed2de4a7151.jpg
b3a73a01-c700-4ef2-bbd0-ebdc441445c5,https://inaturalist-open-data.s3.amazonaws.com/photos/24857242/medium.jpg,18236,Northern Flicker,data/new_raw/images/b3a73a01-c700-4ef2-bbd0-ebdc441445c5.jpg
a54962c5-c925-4b46-9059-3c119d847a2b,https://inaturalist-open-data.s3.amazonaws.com/photos/24857282/medium.jpg,72458,Spotted Sandpiper,data/new_raw/images/a54962c5-c925-4b46-9059-3c119d847a2b.jpg
206bf5d1-3d8e-4385-8c78-b46e41f020ee,https://inaturalist-open-data.s3.amazonaws.com/photos/24857287/medium.jpg,7107,Wood Duck,data/new_raw/images/206bf5d1-3d8e-4385-8c78-b46e41f020ee.jpg
5206e584-a293-40b0-a545-c711721e451c,https://inaturalist-open-data.s3.amazonaws.com/photos/24857309/medium.jpg,473,American Coot,data/new_raw/images/5206e584-a293-40b0-a545-c711721e451c.jpg
d77ac449-ba72-4961-b5ac-402dfee753cf,https://inaturalist-open-data.s3.amazonaws.com/photos/24857315/medium.jpg,9176,White-crowned Sparrow,data/new_raw/images/d77ac449-ba72-4961-b5ac-402dfee753cf.jpg
8ca3c462-72f4-4b79-bcac-2c477a19c40e,https://inaturalist-open-data.s3.amazonaws.com/photos/24857320/medium.jpg,9083,Northern Cardinal,data/new_raw/images/8ca3c462-72f4-4b79-bcac-2c477a19c40e.jpg
466cb600-ab05-4350-9823-90eecf3377bc,https://inaturalist-open-data.s3.amazonaws.com/photos/24857330/medium.jpg,7458,Brown Creeper,data/new_raw/images/466cb600-ab05-4350-9823-90eecf3377bc.jpg
1c2e43e3-3d64-4c7c-a915-90e0740dc8be,https://inaturalist-open-data.s3.amazonaws.com/photos/24857334/medium.jpg,1454382,Double-crested Cormorant,data/new_raw/images/1c2e43e3-3d64-4c7c-a915-90e0740dc8be.jpg
1acbfd38-18c3-4625-97bb-39f213f64eaf,https://inaturalist-open-data.s3.amazonaws.com/photos/24857454/medium.jpg,6996,Red-breasted Merganser,data/new_raw/images/1acbfd38-18c3-4625-97bb-39f213f64eaf.jpg
8c346636-8209-4079-a07b-fe9fff8658f1,https://inaturalist-open-data.s3.amazonaws.com/photos/24857677/medium.jpg,792988,Downy Woodpecker,data/new_raw/images/8c346636-8209-4079-a07b-fe9fff8658f1.jpg
88a817d3-9f7e-412b-a0dd-22c43b06e223,https://inaturalist-open-data.s3.amazonaws.com/photos/24857904/medium.jpg,4981,Black-crowned Night Heron,data/new_raw/images/88a817d3-9f7e-412b-a0dd-22c43b06e223.jpg
75ebea00-136f-4be7-9ef9-3a6e028f58e8,https://inaturalist-open-data.s3.amazonaws.com/photos/24857911/medium.jpg,4956,Great Blue Heron,data/new_raw/images/75ebea00-136f-4be7-9ef9-3a6e028f58e8.jpg
4381b1fc-9052-4009-8f2b-7f813d1e6cfc,https://inaturalist-open-data.s3.amazonaws.com/photos/24872343/medium.jpg,46017,Eastern Gray Squirrel,data/new_raw/images/4381b1fc-9052-4009-8f2b-7f813d1e6cfc.jpg
802e998a-6ec5-4644-a4e7-54eec1dff6e8,https://inaturalist-open-data.s3.amazonaws.com/photos/24872666/medium.jpg,13858,House Sparrow,data/new_raw/images/802e998a-6ec5-4644-a4e7-54eec1dff6e8.jpg
ae5e598a-9dd7-4067-b01a-80e942963644,https://inaturalist-open-data.s3.amazonaws.com/photos/24872677/medium.jpg,13858,House Sparrow,data/new_raw/images/ae5e598a-9dd7-4067-b01a-80e942963644.jpg
cb9096c4-7a03-4d21-94e0-de344e08e966,https://inaturalist-open-data.s3.amazonaws.com/photos/24876294/medium.jpg,47144,Domestic Dog,data/new_raw/images/cb9096c4-7a03-4d21-94e0-de344e08e966.jpg
71e3006b-18f3-4dc3-92ba-f112d38be2ac,https://inaturalist-open-data.s3.amazonaws.com/photos/24876567/medium.jpg,47144,Domestic Dog,data/new_raw/images/71e3006b-18f3-4dc3-92ba-f112d38be2ac.jpg
754f55d5-c2ba-4c1d-bf2c-ac8bd9d81464,https://static.inaturalist.org/photos/24879452/medium.jpg,43584,Human,data/new_raw/images/754f55d5-c2ba-4c1d-bf2c-ac8bd9d81464.jpg
be370c19-1c70-45a9-9d65-c750902e0d63,https://inaturalist-open-data.s3.amazonaws.com/photos/24879709/medium.jpeg,122767,Feral Pigeon,data/new_raw/images/be370c19-1c70-45a9-9d65-c750902e0d63.jpg
eef14122-3106-43fb-ad79-f6cb6ea55fde,https://static.inaturalist.org/photos/24884929/medium.jpg,40269,Evening Bats,data/new_raw/images/eef14122-3106-43fb-ad79-f6cb6ea55fde.jpg
e34ad440-d339-45d6-99e2-a746e8638358,https://static.inaturalist.org/photos/24888828/medium.jpeg,43584,Human,data/new_raw/images/e34ad440-d339-45d6-99e2-a746e8638358.jpg
04b3b382-d405-488c-a060-a1649e8e139c,https://static.inaturalist.org/photos/24888845/medium.jpeg,43584,Human,data/new_raw/images/04b3b382-d405-488c-a060-a1649e8e139c.jpg
b452d3c7-a762-45ae-bec9-682a9be32ed4,https://static.inaturalist.org/photos/24888858/medium.jpeg,43584,Human,data/new_raw/images/b452d3c7-a762-45ae-bec9-682a9be32ed4.jpg
bfbe066f-5378-43cf-ae10-8d50115f2ccc,https://static.inaturalist.org/photos/24889198/medium.jpeg,43584,Human,data/new_raw/images/bfbe066f-5378-43cf-ae10-8d50115f2ccc.jpg
e365686e-5d6f-4153-b035-273d2313a633,https://static.inaturalist.org/photos/24889246/medium.jpeg,43584,Human,data/new_raw/images/e365686e-5d6f-4153-b035-273d2313a633.jpg
4a418cca-7069-4fa5-80d5-88a83f027459,https://static.inaturalist.org/photos/24889341/medium.jpeg,43584,Human,data/new_raw/images/4a418cca-7069-4fa5-80d5-88a83f027459.jpg
41df64b2-8407-4a1e-8160-f2fd06175595,https://static.inaturalist.org/photos/24889402/medium.jpeg,43584,Human,data/new_raw/images/41df64b2-8407-4a1e-8160-f2fd06175595.jpg
0dfe184d-d734-4dc8-9e42-12da39188c49,https://static.inaturalist.org/photos/24889466/medium.jpeg,43584,Human,data/new_raw/images/0dfe184d-d734-4dc8-9e42-12da39188c49.jpg
9fd75865-fd7d-45e0-b6a7-59400625dcb4,https://static.inaturalist.org/photos/24889515/medium.jpeg,43584,Human,data/new_raw/images/9fd75865-fd7d-45e0-b6a7-59400625dcb4.jpg
b6abe8d9-ef1b-468c-a1ff-0768524254a1,https://static.inaturalist.org/photos/24889539/medium.jpeg,43584,Human,data/new_raw/images/b6abe8d9-ef1b-468c-a1ff-0768524254a1.jpg
78872d87-3f57-49c4-b30c-897a388b72e1,https://inaturalist-open-data.s3.amazonaws.com/photos/24896096/medium.jpeg,792988,Downy Woodpecker,data/new_raw/images/78872d87-3f57-49c4-b30c-897a388b72e1.jpg
c865b454-eada-461d-ae8c-dfef429344a7,https://static.inaturalist.org/photos/24897436/medium.jpg,144455,Great Egret,data/new_raw/images/c865b454-eada-461d-ae8c-dfef429344a7.jpg
a26d6a6b-4eba-4197-85e5-08592c07a506,https://static.inaturalist.org/photos/24933244/medium.jpg,4981,Black-crowned Night Heron,data/new_raw/images/a26d6a6b-4eba-4197-85e5-08592c07a506.jpg
e7c8bd28-e4c5-4582-8525-34c3c82f2deb,https://inaturalist-open-data.s3.amazonaws.com/photos/24937479/medium.jpg,42223,White-tailed Deer,data/new_raw/images/e7c8bd28-e4c5-4582-8525-34c3c82f2deb.jpg
28f5cbd9-8c17-4544-9ab9-184bb8d7863d,https://static.inaturalist.org/photos/24939242/medium.jpg,4981,Black-crowned Night Heron,data/new_raw/images/28f5cbd9-8c17-4544-9ab9-184bb8d7863d.jpg
b068e3c7-59ec-4491-860f-2d00978c4151,https://static.inaturalist.org/photos/24946228/medium.jpg,47144,Domestic Dog,data/new_raw/images/b068e3c7-59ec-4491-860f-2d00978c4151.jpg
504104fa-7555-4f6e-b82c-c14c79c80262,https://static.inaturalist.org/photos/24946287/medium.jpg,118552,Domestic Cat,data/new_raw/images/504104fa-7555-4f6e-b82c-c14c79c80262.jpg
2642d52a-ecb8-4f38-93d3-5c56ae57e5b2,https://static.inaturalist.org/photos/24958523/medium.jpg,4364,Ring-billed Gull,data/new_raw/images/2642d52a-ecb8-4f38-93d3-5c56ae57e5b2.jpg
68ad5b4f-4366-45b9-927c-aca47e7d7624,https://inaturalist-open-data.s3.amazonaws.com/photos/24962614/medium.jpeg,43584,Human,data/new_raw/images/68ad5b4f-4366-45b9-927c-aca47e7d7624.jpg
586ca6a1-e18e-451e-bacf-906de4d6167e,https://inaturalist-open-data.s3.amazonaws.com/photos/24968188/medium.jpeg,145231,Cape May Warbler,data/new_raw/images/586ca6a1-e18e-451e-bacf-906de4d6167e.jpg
ad9e9c2e-1c1f-407e-9ddf-3b867c1d8ff0,https://inaturalist-open-data.s3.amazonaws.com/photos/24968207/medium.jpeg,12727,American Robin,data/new_raw/images/ad9e9c2e-1c1f-407e-9ddf-3b867c1d8ff0.jpg
512f7eb4-13e3-4c7c-88b9-653b4c5dcb6c,https://inaturalist-open-data.s3.amazonaws.com/photos/24968210/medium.jpeg,145304,Pine Siskin,data/new_raw/images/512f7eb4-13e3-4c7c-88b9-653b4c5dcb6c.jpg
a81d12f2-6d93-45d3-8b94-657bfd55fd5c,https://inaturalist-open-data.s3.amazonaws.com/photos/24968214/medium.jpeg,10271,Rose-breasted Grosbeak,data/new_raw/images/a81d12f2-6d93-45d3-8b94-657bfd55fd5c.jpg
45a3ee97-d1a9-467a-b98e-1e702f641b2a,https://inaturalist-open-data.s3.amazonaws.com/photos/24968217/medium.jpeg,145276,Wilson's Warbler,data/new_raw/images/45a3ee97-d1a9-467a-b98e-1e702f641b2a.jpg
a1d11282-c4e5-41f7-a787-d676d3f5998c,https://inaturalist-open-data.s3.amazonaws.com/photos/24968219/medium.jpeg,979753,Nashville Warbler,data/new_raw/images/a1d11282-c4e5-41f7-a787-d676d3f5998c.jpg
d3591842-6e40-4916-b502-d1f3482da4f7,https://inaturalist-open-data.s3.amazonaws.com/photos/24968221/medium.jpeg,10227,Indigo Bunting,data/new_raw/images/d3591842-6e40-4916-b502-d1f3482da4f7.jpg
21bbc09e-8e4d-4e4b-ad61-af0cdfb47c9b,https://inaturalist-open-data.s3.amazonaws.com/photos/24968228/medium.jpeg,145275,Canada Warbler,data/new_raw/images/21bbc09e-8e4d-4e4b-ad61-af0cdfb47c9b.jpg
b540a6c9-e06f-4147-9faa-bf99a7441261,https://inaturalist-open-data.s3.amazonaws.com/photos/24968234/medium.jpeg,16602,Least Flycatcher,data/new_raw/images/b540a6c9-e06f-4147-9faa-bf99a7441261.jpg
ae1685dc-c564-4d94-8a0d-2a3603b26295,https://inaturalist-open-data.s3.amazonaws.com/photos/24968805/medium.jpeg,13270,Wood Thrush,data/new_raw/images/ae1685dc-c564-4d94-8a0d-2a3603b26295.jpg
78e27fd3-1da9-4f0f-9db3-cc8e5736f2a6,https://inaturalist-open-data.s3.amazonaws.com/photos/25038100/medium.jpeg,43584,Human,data/new_raw/images/78e27fd3-1da9-4f0f-9db3-cc8e5736f2a6.jpg
453efa54-2e9a-4f27-9818-6b1db4f62e18,https://static.inaturalist.org/photos/25006426/medium.jpg,59815,Masked Shrew,data/new_raw/images/453efa54-2e9a-4f27-9818-6b1db4f62e18.jpg
01ce36df-b409-4e89-af35-9b2cb5b80c3b,https://inaturalist-open-data.s3.amazonaws.com/photos/25012129/medium.jpeg,4981,Black-crowned Night Heron,data/new_raw/images/01ce36df-b409-4e89-af35-9b2cb5b80c3b.jpg
d7a2b320-b921-4ace-919f-5720807637b7,https://inaturalist-open-data.s3.amazonaws.com/photos/25024071/medium.jpg,979753,Nashville Warbler,data/new_raw/images/d7a2b320-b921-4ace-919f-5720807637b7.jpg
0631432b-2421-4c25-bdf2-106eb36a5ed1,https://inaturalist-open-data.s3.amazonaws.com/photos/25034119/medium.jpeg,3875,Solitary Sandpiper,data/new_raw/images/0631432b-2421-4c25-bdf2-106eb36a5ed1.jpg
c290431f-3c6e-4e5d-99a8-1007548f7e10,https://inaturalist-open-data.s3.amazonaws.com/photos/25034136/medium.jpeg,14801,White-breasted Nuthatch,data/new_raw/images/c290431f-3c6e-4e5d-99a8-1007548f7e10.jpg
4a396e4a-d4f3-4126-bbf6-d6d02c7651c3,https://inaturalist-open-data.s3.amazonaws.com/photos/25055940/medium.jpeg,43584,Human,data/new_raw/images/4a396e4a-d4f3-4126-bbf6-d6d02c7651c3.jpg
22e82d08-99f6-4f4b-8b6b-d883fc47bee4,https://inaturalist-open-data.s3.amazonaws.com/photos/25088832/medium.jpg,145242,Palm Warbler,data/new_raw/images/22e82d08-99f6-4f4b-8b6b-d883fc47bee4.jpg
8ba4fc11-307a-4948-957d-7d582dd51dbc,https://inaturalist-open-data.s3.amazonaws.com/photos/25090771/medium.jpg,43111,Eastern Cottontail,data/new_raw/images/8ba4fc11-307a-4948-957d-7d582dd51dbc.jpg
a8fc8cab-425d-49dc-9c8b-927ef49b0566,https://static.inaturalist.org/photos/25096130/medium.jpg,41644,Polar Bear,data/new_raw/images/a8fc8cab-425d-49dc-9c8b-927ef49b0566.jpg
2d6d086b-7db3-4207-8a0f-44465746f809,https://static.inaturalist.org/photos/25110683/medium.jpg,16597,Empidonax Flycatchers,data/new_raw/images/2d6d086b-7db3-4207-8a0f-44465746f809.jpg
fa554a98-56f4-4b0c-81ef-3c5c575fe91c,https://inaturalist-open-data.s3.amazonaws.com/photos/25121541/medium.jpg,145240,Blackpoll Warbler,data/new_raw/images/fa554a98-56f4-4b0c-81ef-3c5c575fe91c.jpg
618a187f-0eca-44a1-859e-4041e5d589b5,https://inaturalist-open-data.s3.amazonaws.com/photos/25121622/medium.jpg,979753,Nashville Warbler,data/new_raw/images/618a187f-0eca-44a1-859e-4041e5d589b5.jpg
b471b11e-280e-4923-86bf-7591a0afbff5,https://inaturalist-open-data.s3.amazonaws.com/photos/25133484/medium.jpeg,43584,Human,data/new_raw/images/b471b11e-280e-4923-86bf-7591a0afbff5.jpg
2f1ec289-1bf9-4e15-b597-6f1464375ee7,https://inaturalist-open-data.s3.amazonaws.com/photos/25133493/medium.jpeg,43584,Human,data/new_raw/images/2f1ec289-1bf9-4e15-b597-6f1464375ee7.jpg
226ef10a-1716-405c-bcdd-7ad7d1929c63,https://static.inaturalist.org/photos/25133544/medium.jpg,43584,Human,data/new_raw/images/226ef10a-1716-405c-bcdd-7ad7d1929c63.jpg
d07ea8d9-1842-423d-8993-d19a891c8101,https://static.inaturalist.org/photos/25133575/medium.jpg,43584,Human,data/new_raw/images/d07ea8d9-1842-423d-8993-d19a891c8101.jpg
35453160-3278-48fa-95b1-ef7100055396,https://static.inaturalist.org/photos/25133618/medium.jpg,43584,Human,data/new_raw/images/35453160-3278-48fa-95b1-ef7100055396.jpg
2f016bcf-46b7-4bb6-89c6-86cc621aac85,https://static.inaturalist.org/photos/25133808/medium.jpg,43584,Human,data/new_raw/images/2f016bcf-46b7-4bb6-89c6-86cc621aac85.jpg
5e50e4c1-cd56-401a-9e9e-be4351017ae2,https://inaturalist-open-data.s3.amazonaws.com/photos/25133821/medium.jpeg,43584,Human,data/new_raw/images/5e50e4c1-cd56-401a-9e9e-be4351017ae2.jpg
f3977d71-6c95-41c0-8585-13c3f996582f,https://inaturalist-open-data.s3.amazonaws.com/photos/25133855/medium.jpeg,43584,Human,data/new_raw/images/f3977d71-6c95-41c0-8585-13c3f996582f.jpg
770cbca4-a6a1-4861-9cb1-e4c95abd5da7,https://static.inaturalist.org/photos/25133861/medium.jpg,43584,Human,data/new_raw/images/770cbca4-a6a1-4861-9cb1-e4c95abd5da7.jpg
14a5e235-6509-4b15-b957-d6630e17f62d,https://inaturalist-open-data.s3.amazonaws.com/photos/25133905/medium.jpeg,43584,Human,data/new_raw/images/14a5e235-6509-4b15-b957-d6630e17f62d.jpg
9e3c89b8-6303-4baa-bed5-1e0b2d1fd21b,https://static.inaturalist.org/photos/25133954/medium.jpg,43584,Human,data/new_raw/images/9e3c89b8-6303-4baa-bed5-1e0b2d1fd21b.jpg
56cb70c5-f8d8-4591-9034-f0fd38853e22,https://inaturalist-open-data.s3.amazonaws.com/photos/25133962/medium.jpeg,43584,Human,data/new_raw/images/56cb70c5-f8d8-4591-9034-f0fd38853e22.jpg
d63ca07b-84e9-4d88-87af-5813d35047c4,https://inaturalist-open-data.s3.amazonaws.com/photos/25134038/medium.jpeg,43584,Human,data/new_raw/images/d63ca07b-84e9-4d88-87af-5813d35047c4.jpg
34a63504-babc-40c8-998b-b4b91b06013a,https://inaturalist-open-data.s3.amazonaws.com/photos/25134067/medium.jpeg,43584,Human,data/new_raw/images/34a63504-babc-40c8-998b-b4b91b06013a.jpg
4d57bfe5-2f6b-4050-9c02-1c7bead63846,https://inaturalist-open-data.s3.amazonaws.com/photos/25138907/medium.jpg,144455,Great Egret,data/new_raw/images/4d57bfe5-2f6b-4050-9c02-1c7bead63846.jpg
94c98117-f6a5-47e5-b2d3-fd9302eb87be,https://inaturalist-open-data.s3.amazonaws.com/photos/25144832/medium.jpg,792988,Downy Woodpecker,data/new_raw/images/94c98117-f6a5-47e5-b2d3-fd9302eb87be.jpg
67980840-7418-401e-a98d-8df715556cc4,https://static.inaturalist.org/photos/25152903/medium.jpg,145242,Palm Warbler,data/new_raw/images/67980840-7418-401e-a98d-8df715556cc4.jpg
1eb3cc72-950c-4255-820f-bbda765fda0e,https://static.inaturalist.org/photos/25177343/medium.jpeg,9083,Northern Cardinal,data/new_raw/images/1eb3cc72-950c-4255-820f-bbda765fda0e.jpg
bbbfe6b4-29d4-49a0-8088-3fc067438aea,https://static.inaturalist.org/photos/25183904/medium.jpg,43584,Human,data/new_raw/images/bbbfe6b4-29d4-49a0-8088-3fc067438aea.jpg
cb1247b5-fb69-4629-9f67-97f0118289e1,https://static.inaturalist.org/photos/25183942/medium.jpg,43584,Human,data/new_raw/images/cb1247b5-fb69-4629-9f67-97f0118289e1.jpg
5c67d55d-c937-432e-9116-25b2c6a3ce52,https://static.inaturalist.org/photos/25184203/medium.jpg,979756,Tennessee Warbler,data/new_raw/images/5c67d55d-c937-432e-9116-25b2c6a3ce52.jpg
5c4780af-bd3a-4099-bced-1b7760293792,https://inaturalist-open-data.s3.amazonaws.com/photos/25202676/medium.jpeg,145310,American Goldfinch,data/new_raw/images/5c4780af-bd3a-4099-bced-1b7760293792.jpg
38f0072c-6235-45aa-bb87-14bacd73835f,https://inaturalist-open-data.s3.amazonaws.com/photos/25202775/medium.jpeg,9744,Red-winged Blackbird,data/new_raw/images/38f0072c-6235-45aa-bb87-14bacd73835f.jpg
31de5fc0-86ed-443f-91c0-773fae0d1299,https://inaturalist-open-data.s3.amazonaws.com/photos/25209454/medium.jpeg,42223,White-tailed Deer,data/new_raw/images/31de5fc0-86ed-443f-91c0-773fae0d1299.jpg
a940f24e-9cff-44a3-80fa-42570ec46166,https://inaturalist-open-data.s3.amazonaws.com/photos/25209549/medium.jpeg,42223,White-tailed Deer,data/new_raw/images/a940f24e-9cff-44a3-80fa-42570ec46166.jpg
cf838278-0177-46ba-8ca9-2c60ca23ec65,https://static.inaturalist.org/photos/25212476/medium.jpg,41880,Striped Skunk,data/new_raw/images/cf838278-0177-46ba-8ca9-2c60ca23ec65.jpg
302a4d3d-5e69-444f-a700-d232eabe6438,https://static.inaturalist.org/photos/25212606/medium.jpg,41880,Striped Skunk,data/new_raw/images/302a4d3d-5e69-444f-a700-d232eabe6438.jpg
411dd61b-2cbf-4be0-9ca6-f5d6e87a8091,https://static.inaturalist.org/photos/25220124/medium.jpg,8021,American Crow,data/new_raw/images/411dd61b-2cbf-4be0-9ca6-f5d6e87a8091.jpg
d78acced-516c-46b5-bfa3-d488aa654641,https://static.inaturalist.org/photos/25220174/medium.jpg,13858,House Sparrow,data/new_raw/images/d78acced-516c-46b5-bfa3-d488aa654641.jpg
f246857d-6a36-450f-9692-d5855c5b8fd3,https://static.inaturalist.org/photos/25220416/medium.jpg,13858,House Sparrow,data/new_raw/images/f246857d-6a36-450f-9692-d5855c5b8fd3.jpg
e6c36337-6001-4f3e-927b-c19639d9f5f9,https://static.inaturalist.org/photos/25220749/medium.jpg,8021,American Crow,data/new_raw/images/e6c36337-6001-4f3e-927b-c19639d9f5f9.jpg
5cbb5ed6-4c6f-4745-933d-88ad99e241f6,https://static.inaturalist.org/photos/25220945/medium.jpg,13858,House Sparrow,data/new_raw/images/5cbb5ed6-4c6f-4745-933d-88ad99e241f6.jpg
37d3d6d8-6da9-4044-8c4a-5ae7b695f9d4,https://inaturalist-open-data.s3.amazonaws.com/photos/25223627/medium.jpg,46017,Eastern Gray Squirrel,data/new_raw/images/37d3d6d8-6da9-4044-8c4a-5ae7b695f9d4.jpg
0dcec4c0-6f10-4aff-beda-d386460fb843,https://inaturalist-open-data.s3.amazonaws.com/photos/25224001/medium.jpg,46017,Eastern Gray Squirrel,data/new_raw/images/0dcec4c0-6f10-4aff-beda-d386460fb843.jpg
521e5b99-7cc1-4836-bffa-aa73648cfc3e,https://static.inaturalist.org/photos/25225313/medium.jpeg,46017,Eastern Gray Squirrel,data/new_raw/images/521e5b99-7cc1-4836-bffa-aa73648cfc3e.jpg
d1f555ee-5133-4631-82d4-bbe8c48afacd,https://static.inaturalist.org/photos/25225374/medium.jpeg,13858,House Sparrow,data/new_raw/images/d1f555ee-5133-4631-82d4-bbe8c48afacd.jpg
8cf22e08-c985-4f7e-b253-e4c74edaff1f,https://inaturalist-open-data.s3.amazonaws.com/photos/25225564/medium.jpg,18236,Northern Flicker,data/new_raw/images/8cf22e08-c985-4f7e-b253-e4c74edaff1f.jpg
803daaf9-b8f7-45f0-a993-5b9ae571701e,https://static.inaturalist.org/photos/25243814/medium.jpeg,43584,Human,data/new_raw/images/803daaf9-b8f7-45f0-a993-5b9ae571701e.jpg
3eb45982-6156-472b-9c1b-3a410714ae5b,https://inaturalist-open-data.s3.amazonaws.com/photos/25247931/medium.jpg,1579017,Cooper's Hawk,data/new_raw/images/3eb45982-6156-472b-9c1b-3a410714ae5b.jpg
6c884c57-4744-40b8-9d9b-bbda677fa8a6,https://static.inaturalist.org/photos/25281216/medium.jpg,122767,Feral Pigeon,data/new_raw/images/6c884c57-4744-40b8-9d9b-bbda677fa8a6.jpg
9adadc00-7ba3-45aa-82cb-2720958de8b2,https://inaturalist-open-data.s3.amazonaws.com/photos/25287662/medium.jpg,979756,Tennessee Warbler,data/new_raw/images/9adadc00-7ba3-45aa-82cb-2720958de8b2.jpg
09a61968-1885-4dfe-a02b-4e55498502bb,https://inaturalist-open-data.s3.amazonaws.com/photos/25288252/medium.jpg,145236,Bay-breasted Warbler,data/new_raw/images/09a61968-1885-4dfe-a02b-4e55498502bb.jpg
e14a9b76-d9c0-43b3-b39a-af6fe2d024aa,https://inaturalist-open-data.s3.amazonaws.com/photos/25289744/medium.jpg,979756,Tennessee Warbler,data/new_raw/images/e14a9b76-d9c0-43b3-b39a-af6fe2d024aa.jpg
edaf457a-166d-488e-b924-8ff1bfe189bd,https://inaturalist-open-data.s3.amazonaws.com/photos/25293127/medium.jpeg,47144,Domestic Dog,data/new_raw/images/edaf457a-166d-488e-b924-8ff1bfe189bd.jpg
b32b6a50-5540-4202-840e-c3e5e938b0b8,https://inaturalist-open-data.s3.amazonaws.com/photos/25308133/medium.jpeg,1579017,Cooper's Hawk,data/new_raw/images/b32b6a50-5540-4202-840e-c3e5e938b0b8.jpg
e7d9104e-ab77-48dc-a274-416a507215f3,https://inaturalist-open-data.s3.amazonaws.com/photos/25308169/medium.jpeg,144815,Black-capped Chickadee,data/new_raw/images/e7d9104e-ab77-48dc-a274-416a507215f3.jpg
cbb4acd2-4d79-4ab4-b00c-507a604fcbe1,https://inaturalist-open-data.s3.amazonaws.com/photos/25308182/medium.jpeg,46217,Eastern Chipmunk,data/new_raw/images/cbb4acd2-4d79-4ab4-b00c-507a604fcbe1.jpg
5a75ef4f-6a8e-457f-83c5-270f033830b3,https://inaturalist-open-data.s3.amazonaws.com/photos/25308187/medium.jpeg,792988,Downy Woodpecker,data/new_raw/images/5a75ef4f-6a8e-457f-83c5-270f033830b3.jpg
b12903d3-c42c-4b62-b263-5439f41f24c4,https://inaturalist-open-data.s3.amazonaws.com/photos/25317732/medium.jpeg,199916,Black-throated Blue Warbler,data/new_raw/images/b12903d3-c42c-4b62-b263-5439f41f24c4.jpg
a09efed9-b670-45c5-b252-337952f2b65a,https://static.inaturalist.org/photos/25351124/medium.jpg,4956,Great Blue Heron,data/new_raw/images/a09efed9-b670-45c5-b252-337952f2b65a.jpg
3b6a5ff9-7e31-4917-bf3e-88ebb2135e91,https://inaturalist-open-data.s3.amazonaws.com/photos/25354358/medium.jpg,145310,American Goldfinch,data/new_raw/images/3b6a5ff9-7e31-4917-bf3e-88ebb2135e91.jpg
c3f6a7af-ccf5-4baf-af16-e79960f47194,https://static.inaturalist.org/photos/25354385/medium.jpg,145310,American Goldfinch,data/new_raw/images/c3f6a7af-ccf5-4baf-af16-e79960f47194.jpg
412670f6-d6a0-4797-93bc-7cdcdcc1df6a,https://static.inaturalist.org/photos/25354396/medium.jpg,145310,American Goldfinch,data/new_raw/images/412670f6-d6a0-4797-93bc-7cdcdcc1df6a.jpg
a7c08c85-60be-4e8a-b197-c9434acfe0d5,https://inaturalist-open-data.s3.amazonaws.com/photos/25354738/medium.jpeg,47144,Domestic Dog,data/new_raw/images/a7c08c85-60be-4e8a-b197-c9434acfe0d5.jpg
f8dece17-5ca9-4695-8d66-1b7f5da3d70b,https://inaturalist-open-data.s3.amazonaws.com/photos/25355013/medium.jpg,145310,American Goldfinch,data/new_raw/images/f8dece17-5ca9-4695-8d66-1b7f5da3d70b.jpg
bd1a30ea-f023-4177-a9da-bb013546828e,https://inaturalist-open-data.s3.amazonaws.com/photos/25355534/medium.jpg,145310,American Goldfinch,data/new_raw/images/bd1a30ea-f023-4177-a9da-bb013546828e.jpg
313be86b-7769-48ed-bc0e-6d124b84547e,https://inaturalist-open-data.s3.amazonaws.com/photos/25356275/medium.jpg,6930,Mallard,data/new_raw/images/313be86b-7769-48ed-bc0e-6d124b84547e.jpg
a407cba7-24bc-4e68-a010-6092cfee63a9,https://static.inaturalist.org/photos/25356346/medium.jpg,145310,American Goldfinch,data/new_raw/images/a407cba7-24bc-4e68-a010-6092cfee63a9.jpg
decf9f05-1db3-4c8c-8892-39d9ecb8e94d,https://inaturalist-open-data.s3.amazonaws.com/photos/25356320/medium.jpeg,7089,Canada Goose,data/new_raw/images/decf9f05-1db3-4c8c-8892-39d9ecb8e94d.jpg
b9e2378e-24d3-4e6a-a790-30791313d1de,https://inaturalist-open-data.s3.amazonaws.com/photos/25356603/medium.jpg,7089,Canada Goose,data/new_raw/images/b9e2378e-24d3-4e6a-a790-30791313d1de.jpg
9e70e44b-9fe2-42c6-9073-23566cdaf708,https://inaturalist-open-data.s3.amazonaws.com/photos/25356631/medium.jpg,7089,Canada Goose,data/new_raw/images/9e70e44b-9fe2-42c6-9073-23566cdaf708.jpg
0fd6d537-d757-4055-9614-a3d7ad51656b,https://inaturalist-open-data.s3.amazonaws.com/photos/25356943/medium.jpg,145310,American Goldfinch,data/new_raw/images/0fd6d537-d757-4055-9614-a3d7ad51656b.jpg
14bb3bd1-a126-4f64-9e4b-744cf0ca1029,https://inaturalist-open-data.s3.amazonaws.com/photos/25357194/medium.jpeg,46017,Eastern Gray Squirrel,data/new_raw/images/14bb3bd1-a126-4f64-9e4b-744cf0ca1029.jpg
3774c380-f4b5-4821-91c5-608532d42fee,https://inaturalist-open-data.s3.amazonaws.com/photos/25359135/medium.jpg,6930,Mallard,data/new_raw/images/3774c380-f4b5-4821-91c5-608532d42fee.jpg
6b3f49e6-74a5-48c3-b90c-b6c982587743,https://static.inaturalist.org/photos/25367452/medium.jpg,7107,Wood Duck,data/new_raw/images/6b3f49e6-74a5-48c3-b90c-b6c982587743.jpg
33280b87-626f-454b-9123-9731d1a8db2b,https://static.inaturalist.org/photos/25369397/medium.jpg,6930,Mallard,data/new_raw/images/33280b87-626f-454b-9123-9731d1a8db2b.jpg
63346bc6-87c5-4bba-a6bc-385a36032873,https://inaturalist-open-data.s3.amazonaws.com/photos/25419372/medium.jpg,238505,Western Palm Warbler,data/new_raw/images/63346bc6-87c5-4bba-a6bc-385a36032873.jpg
3533b82a-87ad-4d38-a73f-2d244655c455,https://inaturalist-open-data.s3.amazonaws.com/photos/25423582/medium.jpg,6432,Ruby-throated Hummingbird,data/new_raw/images/3533b82a-87ad-4d38-a73f-2d244655c455.jpg
5effb79a-55e3-4784-9500-502634458137,https://inaturalist-open-data.s3.amazonaws.com/photos/25423681/medium.jpg,144815,Black-capped Chickadee,data/new_raw/images/5effb79a-55e3-4784-9500-502634458137.jpg
b0ee5dd9-9cac-4bd2-b5ed-116452365124,https://inaturalist-open-data.s3.amazonaws.com/photos/25423966/medium.jpg,14823,Red-breasted Nuthatch,data/new_raw/images/b0ee5dd9-9cac-4bd2-b5ed-116452365124.jpg
7df97955-e897-4aa5-a275-aa6a47832ca4,https://inaturalist-open-data.s3.amazonaws.com/photos/25424054/medium.jpg,555736,Northern Yellow-shafted Flicker,data/new_raw/images/7df97955-e897-4aa5-a275-aa6a47832ca4.jpg
4727f73e-378b-416e-9917-8809b2def77b,https://inaturalist-open-data.s3.amazonaws.com/photos/25424199/medium.jpg,9981,Savannah Sparrow,data/new_raw/images/4727f73e-378b-416e-9917-8809b2def77b.jpg
b34715be-4cc7-4548-a665-853a11804a9a,https://inaturalist-open-data.s3.amazonaws.com/photos/25426500/medium.jpg,12878,Swainson's Thrush,data/new_raw/images/b34715be-4cc7-4548-a665-853a11804a9a.jpg
72961e5b-4379-4c84-b761-177d09047999,https://inaturalist-open-data.s3.amazonaws.com/photos/25426628/medium.jpg,14995,Gray Catbird,data/new_raw/images/72961e5b-4379-4c84-b761-177d09047999.jpg
9ccbb26d-0ab8-49f3-936b-b2cbc07819d8,https://inaturalist-open-data.s3.amazonaws.com/photos/25426796/medium.jpg,144455,Great Egret,data/new_raw/images/9ccbb26d-0ab8-49f3-936b-b2cbc07819d8.jpg
fd2d19be-32d3-4284-aa72-885bdd59efee,https://static.inaturalist.org/photos/25431255/medium.jpg,144455,Great Egret,data/new_raw/images/fd2d19be-32d3-4284-aa72-885bdd59efee.jpg
2e09b828-fb2a-489c-9253-ce5103753231,https://static.inaturalist.org/photos/25432042/medium.jpg,4956,Great Blue Heron,data/new_raw/images/2e09b828-fb2a-489c-9253-ce5103753231.jpg
e0fd4d01-cb9d-48f8-baf7-ebca9019a068,https://inaturalist-open-data.s3.amazonaws.com/photos/25441504/medium.jpeg,5212,Red-tailed Hawk,data/new_raw/images/e0fd4d01-cb9d-48f8-baf7-ebca9019a068.jpg
ac2189f8-3343-45fa-9013-42d680a5e4e1,https://inaturalist-open-data.s3.amazonaws.com/photos/25448618/medium.jpg,43111,Eastern Cottontail,data/new_raw/images/ac2189f8-3343-45fa-9013-42d680a5e4e1.jpg
5130c14e-4bca-4e7e-82eb-71f208788326,https://inaturalist-open-data.s3.amazonaws.com/photos/25451688/medium.jpeg,5020,Green Heron,data/new_raw/images/5130c14e-4bca-4e7e-82eb-71f208788326.jpg
bec7d639-6b96-45c4-aa2a-ec390a380479,https://inaturalist-open-data.s3.amazonaws.com/photos/25467803/medium.jpeg,9602,Common Grackle,data/new_raw/images/bec7d639-6b96-45c4-aa2a-ec390a380479.jpg
d272ac3c-d90a-4c88-a42d-e3ebe83a010f,https://static.inaturalist.org/photos/25478393/medium.jpg,4343,Large White-headed Gulls,data/new_raw/images/d272ac3c-d90a-4c88-a42d-e3ebe83a010f.jpg
be96d63b-12e7-453f-855b-31c532938908,https://static.inaturalist.org/photos/25478387/medium.jpg,13858,House Sparrow,data/new_raw/images/be96d63b-12e7-453f-855b-31c532938908.jpg
85dcaf4c-dd49-4b26-acc7-50d3332ea8fb,https://inaturalist-open-data.s3.amazonaws.com/photos/25478510/medium.jpg,13858,House Sparrow,data/new_raw/images/85dcaf4c-dd49-4b26-acc7-50d3332ea8fb.jpg
71057e9e-a0ff-4ee8-ae12-0063659c6aad,https://static.inaturalist.org/photos/25478533/medium.jpg,4343,Large White-headed Gulls,data/new_raw/images/71057e9e-a0ff-4ee8-ae12-0063659c6aad.jpg
110ea64e-af7e-4dda-862d-b589b6e42b50,https://static.inaturalist.org/photos/25478753/medium.jpg,18236,Northern Flicker,data/new_raw/images/110ea64e-af7e-4dda-862d-b589b6e42b50.jpg
31ed1304-6da4-4098-90b9-5e4026199c99,https://inaturalist-open-data.s3.amazonaws.com/photos/25484582/medium.jpg,46017,Eastern Gray Squirrel,data/new_raw/images/31ed1304-6da4-4098-90b9-5e4026199c99.jpg
f1441c83-c8fc-4adb-8148-45911c270fe9,https://inaturalist-open-data.s3.amazonaws.com/photos/25484915/medium.jpg,45933,Squirrels,data/new_raw/images/f1441c83-c8fc-4adb-8148-45911c270fe9.jpg
734078c0-ee9a-4f41-b1d0-2fb1dcd76e3f,https://inaturalist-open-data.s3.amazonaws.com/photos/25484962/medium.jpg,45994,Tree Squirrels,data/new_raw/images/734078c0-ee9a-4f41-b1d0-2fb1dcd76e3f.jpg
fa198785-3e77-42f8-97ba-0c85839481ff,https://inaturalist-open-data.s3.amazonaws.com/photos/25484993/medium.jpg,47144,Domestic Dog,data/new_raw/images/fa198785-3e77-42f8-97ba-0c85839481ff.jpg
70c49c3d-6ee4-4134-813e-7bc6738d84c5,https://inaturalist-open-data.s3.amazonaws.com/photos/25485174/medium.jpg,43584,Human,data/new_raw/images/70c49c3d-6ee4-4134-813e-7bc6738d84c5.jpg
b9a1e05a-b672-4ea2-8974-0586cfc6f10b,https://inaturalist-open-data.s3.amazonaws.com/photos/25488671/medium.jpg,46017,Eastern Gray Squirrel,data/new_raw/images/b9a1e05a-b672-4ea2-8974-0586cfc6f10b.jpg
fd526fa2-fadd-499c-93dd-0946555d1bbf,https://inaturalist-open-data.s3.amazonaws.com/photos/25488692/medium.jpg,46017,Eastern Gray Squirrel,data/new_raw/images/fd526fa2-fadd-499c-93dd-0946555d1bbf.jpg
70167579-04e2-4698-b5e2-2576326ded19,https://inaturalist-open-data.s3.amazonaws.com/photos/25488965/medium.jpg,46017,Eastern Gray Squirrel,data/new_raw/images/70167579-04e2-4698-b5e2-2576326ded19.jpg
b44f9112-6456-4a6e-a72e-9747b87302af,https://inaturalist-open-data.s3.amazonaws.com/photos/25489134/medium.jpg,47144,Domestic Dog,data/new_raw/images/b44f9112-6456-4a6e-a72e-9747b87302af.jpg
0ba52ba0-85b4-46bc-b1a7-11fee6ab65c0,https://inaturalist-open-data.s3.amazonaws.com/photos/25489195/medium.jpg,47144,Domestic Dog,data/new_raw/images/0ba52ba0-85b4-46bc-b1a7-11fee6ab65c0.jpg
f4d9d72a-8f93-4fbd-8538-79ea577e245c,https://inaturalist-open-data.s3.amazonaws.com/photos/25489155/medium.jpg,47144,Domestic Dog,data/new_raw/images/f4d9d72a-8f93-4fbd-8538-79ea577e245c.jpg
9f48bb85-e6f8-4720-af8e-a8211d29b98e,https://inaturalist-open-data.s3.amazonaws.com/photos/25489211/medium.jpg,46017,Eastern Gray Squirrel,data/new_raw/images/9f48bb85-e6f8-4720-af8e-a8211d29b98e.jpg
a9d8e998-ba40-4eb5-b440-f700089fbfdb,https://inaturalist-open-data.s3.amazonaws.com/photos/25490023/medium.jpg,145310,American Goldfinch,data/new_raw/images/a9d8e998-ba40-4eb5-b440-f700089fbfdb.jpg
fc63f554-fe7b-4121-a98b-cbb582b87540,https://inaturalist-open-data.s3.amazonaws.com/photos/25490288/medium.jpg,14995,Gray Catbird,data/new_raw/images/fc63f554-fe7b-4121-a98b-cbb582b87540.jpg
c6cc3a00-3644-4753-9cde-6eabdabb2afa,https://inaturalist-open-data.s3.amazonaws.com/photos/25490377/medium.jpg,145310,American Goldfinch,data/new_raw/images/c6cc3a00-3644-4753-9cde-6eabdabb2afa.jpg
44c9b2cf-0f23-436a-8311-3f79be0d7a78,https://inaturalist-open-data.s3.amazonaws.com/photos/25504007/medium.jpeg,3849,Sanderling,data/new_raw/images/44c9b2cf-0f23-436a-8311-3f79be0d7a78.jpg
a89f2b18-f79e-4da8-84df-9e0558ffb482,https://inaturalist-open-data.s3.amazonaws.com/photos/25509035/medium.jpg,145240,Blackpoll Warbler,data/new_raw/images/a89f2b18-f79e-4da8-84df-9e0558ffb482.jpg
dab177d6-f28a-47cb-835b-e35ededed215,https://inaturalist-open-data.s3.amazonaws.com/photos/25509216/medium.jpg,12878,Swainson's Thrush,data/new_raw/images/dab177d6-f28a-47cb-835b-e35ededed215.jpg
222f83b1-c805-49bd-a9c4-24d87a320260,https://static.inaturalist.org/photos/25524391/medium.jpg,41880,Striped Skunk,data/new_raw/images/222f83b1-c805-49bd-a9c4-24d87a320260.jpg
5ce18f8f-3f64-4335-9661-3b1358ac1c47,https://static.inaturalist.org/photos/25528522/medium.jpeg,7089,Canada Goose,data/new_raw/images/5ce18f8f-3f64-4335-9661-3b1358ac1c47.jpg
40c83371-9b85-48ad-af2a-9a98838f78bc,https://static.inaturalist.org/photos/25534079/medium.jpg,13858,House Sparrow,data/new_raw/images/40c83371-9b85-48ad-af2a-9a98838f78bc.jpg
4d0d7694-c574-499b-9a6e-cdc6dfc17890,https://static.inaturalist.org/photos/25534247/medium.jpg,8021,American Crow,data/new_raw/images/4d0d7694-c574-499b-9a6e-cdc6dfc17890.jpg
5ecdfa32-98ea-46ee-afd4-0db70d28a8e7,https://static.inaturalist.org/photos/25534298/medium.jpg,19349,Monk Parakeet,data/new_raw/images/5ecdfa32-98ea-46ee-afd4-0db70d28a8e7.jpg
1b4c82b6-6b2f-40fd-8db8-44d59e19c7f2,https://static.inaturalist.org/photos/25534270/medium.jpg,13858,House Sparrow,data/new_raw/images/1b4c82b6-6b2f-40fd-8db8-44d59e19c7f2.jpg
af7bbad6-02ed-4bd4-8a19-87bbc1547c3f,https://static.inaturalist.org/photos/25534355/medium.jpg,9083,Northern Cardinal,data/new_raw/images/af7bbad6-02ed-4bd4-8a19-87bbc1547c3f.jpg
5e8f7f77-0c38-4304-b783-557d79d55b2f,https://static.inaturalist.org/photos/25534431/medium.jpeg,13858,House Sparrow,data/new_raw/images/5e8f7f77-0c38-4304-b783-557d79d55b2f.jpg
0959b5e6-84ba-450d-a280-69a48704d4df,https://static.inaturalist.org/photos/25534470/medium.jpeg,13858,House Sparrow,data/new_raw/images/0959b5e6-84ba-450d-a280-69a48704d4df.jpg
4d6da002-8296-4cc0-b32d-b3d3de5da666,https://static.inaturalist.org/photos/27451107/medium.jpeg,13858,House Sparrow,data/new_raw/images/4d6da002-8296-4cc0-b32d-b3d3de5da666.jpg
56d38313-bf3c-4077-95e0-3aaeb207c348,https://static.inaturalist.org/photos/25534740/medium.jpg,792988,Downy Woodpecker,data/new_raw/images/56d38313-bf3c-4077-95e0-3aaeb207c348.jpg
cc766a9f-a3f2-42bd-9574-3c14d6787b74,https://static.inaturalist.org/photos/25535964/medium.jpg,7089,Canada Goose,data/new_raw/images/cc766a9f-a3f2-42bd-9574-3c14d6787b74.jpg
c258567e-273c-47bf-9172-790b0884dd4d,https://static.inaturalist.org/photos/25536533/medium.jpg,43584,Human,data/new_raw/images/c258567e-273c-47bf-9172-790b0884dd4d.jpg
dea96f20-c53a-4260-bd7c-6d220ff3c2ef,https://static.inaturalist.org/photos/25536542/medium.jpg,43584,Human,data/new_raw/images/dea96f20-c53a-4260-bd7c-6d220ff3c2ef.jpg
a7d49ba1-6f7b-404c-ad2b-a4b457c99028,https://inaturalist-open-data.s3.amazonaws.com/photos/25536944/medium.jpeg,13858,House Sparrow,data/new_raw/images/a7d49ba1-6f7b-404c-ad2b-a4b457c99028.jpg
91b1a575-88e6-4ae7-b731-ab4eb7e07013,https://static.inaturalist.org/photos/25537174/medium.jpg,47144,Domestic Dog,data/new_raw/images/91b1a575-88e6-4ae7-b731-ab4eb7e07013.jpg
ec6a2cc1-8de4-4294-a385-391bbd2e07d0,https://static.inaturalist.org/photos/25537182/medium.jpeg,145310,American Goldfinch,data/new_raw/images/ec6a2cc1-8de4-4294-a385-391bbd2e07d0.jpg
f6ac0150-c15e-4cba-bb99-cdabfa4e6c10,https://static.inaturalist.org/photos/25537207/medium.jpeg,47144,Domestic Dog,data/new_raw/images/f6ac0150-c15e-4cba-bb99-cdabfa4e6c10.jpg
f9abe1c0-b7c6-4980-b84b-82a71a0ab9b3,https://static.inaturalist.org/photos/25537280/medium.jpg,46017,Eastern Gray Squirrel,data/new_raw/images/f9abe1c0-b7c6-4980-b84b-82a71a0ab9b3.jpg
61ff8ca2-c2ef-44e2-80b5-d6def2350014,https://static.inaturalist.org/photos/25537314/medium.jpg,13858,House Sparrow,data/new_raw/images/61ff8ca2-c2ef-44e2-80b5-d6def2350014.jpg
639f0389-c190-471d-9aec-6f2949096de8,https://static.inaturalist.org/photos/25537302/medium.jpg,43584,Human,data/new_raw/images/639f0389-c190-471d-9aec-6f2949096de8.jpg
463e4451-bd6b-47a2-8a69-77a58be0f45c,https://static.inaturalist.org/photos/25537343/medium.jpg,46017,Eastern Gray Squirrel,data/new_raw/images/463e4451-bd6b-47a2-8a69-77a58be0f45c.jpg
b1dfe010-5fb6-4696-a459-03bae6c7b071,https://static.inaturalist.org/photos/25537381/medium.jpg,43584,Human,data/new_raw/images/b1dfe010-5fb6-4696-a459-03bae6c7b071.jpg
805422e3-1e9e-49fa-ac12-a737594e5b3b,https://static.inaturalist.org/photos/25537529/medium.jpg,46017,Eastern Gray Squirrel,data/new_raw/images/805422e3-1e9e-49fa-ac12-a737594e5b3b.jpg
9b87db22-e763-4c6d-91fa-ca5d504e35d3,https://static.inaturalist.org/photos/25537533/medium.jpg,46017,Eastern Gray Squirrel,data/new_raw/images/9b87db22-e763-4c6d-91fa-ca5d504e35d3.jpg
4cd1c7d6-4e33-4731-828d-d816ffd09c1b,https://static.inaturalist.org/photos/25537636/medium.jpg,6930,Mallard,data/new_raw/images/4cd1c7d6-4e33-4731-828d-d816ffd09c1b.jpg
f4e1dab4-a94e-4961-97f8-879a20d062af,https://static.inaturalist.org/photos/25537640/medium.jpg,6930,Mallard,data/new_raw/images/f4e1dab4-a94e-4961-97f8-879a20d062af.jpg
bd0be4f9-ba4d-46e0-903e-fdf60535910f,https://inaturalist-open-data.s3.amazonaws.com/photos/25537735/medium.jpeg,6930,Mallard,data/new_raw/images/bd0be4f9-ba4d-46e0-903e-fdf60535910f.jpg
9631b36d-a95b-46f4-8b70-9641b0ec9a32,https://static.inaturalist.org/photos/25538493/medium.jpg,1541538,Typical Hawks and Harriers,data/new_raw/images/9631b36d-a95b-46f4-8b70-9641b0ec9a32.jpg
4a74a528-43cd-46a6-8ce8-21f5956e233c,https://static.inaturalist.org/photos/25537977/medium.jpg,41964,Lion,data/new_raw/images/4a74a528-43cd-46a6-8ce8-21f5956e233c.jpg
e46eea49-aedd-4d4b-a063-0ad6dff3bb5f,https://static.inaturalist.org/photos/25537970/medium.jpg,3,Birds,data/new_raw/images/e46eea49-aedd-4d4b-a063-0ad6dff3bb5f.jpg
80c28970-659a-49fc-8f5f-a10166e0d911,https://static.inaturalist.org/photos/25537982/medium.jpg,13858,House Sparrow,data/new_raw/images/80c28970-659a-49fc-8f5f-a10166e0d911.jpg
2801df50-9651-49e5-89be-7b9cdd4c9d7f,https://static.inaturalist.org/photos/25537993/medium.jpeg,13858,House Sparrow,data/new_raw/images/2801df50-9651-49e5-89be-7b9cdd4c9d7f.jpg
f2b72173-933a-4641-85c1-d34fe8430044,https://static.inaturalist.org/photos/25538042/medium.jpg,41964,Lion,data/new_raw/images/f2b72173-933a-4641-85c1-d34fe8430044.jpg
14ea76bd-897e-44e7-aadb-1436a424d78d,https://inaturalist-open-data.s3.amazonaws.com/photos/25538044/medium.jpeg,46017,Eastern Gray Squirrel,data/new_raw/images/14ea76bd-897e-44e7-aadb-1436a424d78d.jpg
663e62f2-c442-45b9-a98e-25e9881e1eef,https://static.inaturalist.org/photos/25538050/medium.jpg,47144,Domestic Dog,data/new_raw/images/663e62f2-c442-45b9-a98e-25e9881e1eef.jpg
e94cf4a5-8f74-4fbe-8e87-c2aa09c0f457,https://static.inaturalist.org/photos/25538053/medium.jpg,41964,Lion,data/new_raw/images/e94cf4a5-8f74-4fbe-8e87-c2aa09c0f457.jpg
628e5b5b-eb22-4064-b92a-34f719e8b163,https://static.inaturalist.org/photos/25538128/medium.jpg,47144,Domestic Dog,data/new_raw/images/628e5b5b-eb22-4064-b92a-34f719e8b163.jpg
3e46d1b2-3a18-4989-950f-285d4f5ad67e,https://static.inaturalist.org/photos/25538143/medium.jpeg,7251,Perching Birds,data/new_raw/images/3e46d1b2-3a18-4989-950f-285d4f5ad67e.jpg
590e12b3-bf6c-4208-ac4c-94498c0d4ccc,https://static.inaturalist.org/photos/25538204/medium.jpg,9083,Northern Cardinal,data/new_raw/images/590e12b3-bf6c-4208-ac4c-94498c0d4ccc.jpg
e8cebdac-43c3-4abc-aa2a-2498f4e29a8f,https://static.inaturalist.org/photos/25538311/medium.jpg,41964,Lion,data/new_raw/images/e8cebdac-43c3-4abc-aa2a-2498f4e29a8f.jpg
405895a0-1f8d-42a5-bffd-0dddd453ac7e,https://static.inaturalist.org/photos/25538323/medium.jpg,40151,Mammals,data/new_raw/images/405895a0-1f8d-42a5-bffd-0dddd453ac7e.jpg
71867b14-2e67-44b6-bc7b-ecfb988308d3,https://static.inaturalist.org/photos/25538951/medium.jpg,43584,Human,data/new_raw/images/71867b14-2e67-44b6-bc7b-ecfb988308d3.jpg
c047a8e6-36a0-4adb-889a-845e07a08bd3,https://static.inaturalist.org/photos/25539025/medium.jpg,6930,Mallard,data/new_raw/images/c047a8e6-36a0-4adb-889a-845e07a08bd3.jpg
d36163c8-87da-4b6b-ae7a-367b8a2b94cf,https://static.inaturalist.org/photos/25539033/medium.jpg,46017,Eastern Gray Squirrel,data/new_raw/images/d36163c8-87da-4b6b-ae7a-367b8a2b94cf.jpg
e182cf67-407b-4e50-8f44-698da2af0526,https://static.inaturalist.org/photos/25539074/medium.jpg,6930,Mallard,data/new_raw/images/e182cf67-407b-4e50-8f44-698da2af0526.jpg
ff464541-d821-40d6-9d6b-638ee9c9642d,https://static.inaturalist.org/photos/25539275/medium.jpg,13858,House Sparrow,data/new_raw/images/ff464541-d821-40d6-9d6b-638ee9c9642d.jpg
eb081d3c-594d-45c9-b682-4e68d5844310,https://static.inaturalist.org/photos/25539316/medium.jpg,9083,Northern Cardinal,data/new_raw/images/eb081d3c-594d-45c9-b682-4e68d5844310.jpg
bda8b67e-dc46-4a7f-ba9a-d4975ed387e2,https://inaturalist-open-data.s3.amazonaws.com/photos/25539568/medium.jpeg,10247,American Redstart,data/new_raw/images/bda8b67e-dc46-4a7f-ba9a-d4975ed387e2.jpg
3b47f848-4f3a-4494-9568-5006112c6186,https://static.inaturalist.org/photos/25539993/medium.jpeg,40151,Mammals,data/new_raw/images/3b47f848-4f3a-4494-9568-5006112c6186.jpg
79ca5f67-a3d4-4325-bcd4-1ec2d3831865,https://static.inaturalist.org/photos/25540008/medium.jpeg,13858,House Sparrow,data/new_raw/images/79ca5f67-a3d4-4325-bcd4-1ec2d3831865.jpg
537bb6cd-e97e-443a-843b-c32de5d03cf7,https://static.inaturalist.org/photos/25540030/medium.jpeg,13858,House Sparrow,data/new_raw/images/537bb6cd-e97e-443a-843b-c32de5d03cf7.jpg
7979a18e-373f-46ba-859c-455c182c69e9,https://static.inaturalist.org/photos/25540074/medium.jpg,3,Birds,data/new_raw/images/7979a18e-373f-46ba-859c-455c182c69e9.jpg
7baa0b0c-51a5-4445-8d4e-27c0fcdbe9f0,https://static.inaturalist.org/photos/25540155/medium.jpeg,40151,Mammals,data/new_raw/images/7baa0b0c-51a5-4445-8d4e-27c0fcdbe9f0.jpg
fbf774c9-9df9-48ea-86da-ff7d48706ad3,https://static.inaturalist.org/photos/25540186/medium.jpg,40151,Mammals,data/new_raw/images/fbf774c9-9df9-48ea-86da-ff7d48706ad3.jpg
523fe588-bf12-434e-88b9-da6ad8d76d85,https://static.inaturalist.org/photos/25540189/medium.jpg,13858,House Sparrow,data/new_raw/images/523fe588-bf12-434e-88b9-da6ad8d76d85.jpg
d431533d-21bb-4e96-ad18-cc41fe1e684b,https://static.inaturalist.org/photos/25540196/medium.jpeg,40151,Mammals,data/new_raw/images/d431533d-21bb-4e96-ad18-cc41fe1e684b.jpg
63c2ea9a-05b0-49c4-b378-e4f06f2256ba,https://static.inaturalist.org/photos/25540256/medium.jpg,40151,Mammals,data/new_raw/images/63c2ea9a-05b0-49c4-b378-e4f06f2256ba.jpg
f415180a-6d83-4261-90c1-9e366b4b9064,https://static.inaturalist.org/photos/25540264/medium.jpeg,40151,Mammals,data/new_raw/images/f415180a-6d83-4261-90c1-9e366b4b9064.jpg
e6087c06-0356-4b91-afae-4d05a6ae68d1,https://static.inaturalist.org/photos/25540291/medium.jpg,40151,Mammals,data/new_raw/images/e6087c06-0356-4b91-afae-4d05a6ae68d1.jpg
52d62d32-2ee5-4628-a32e-c429e7ed1c9d,https://static.inaturalist.org/photos/25540299/medium.jpg,43339,Grévy's Zebra,data/new_raw/images/52d62d32-2ee5-4628-a32e-c429e7ed1c9d.jpg
3ab15b28-e73c-4a75-910b-3ac0864127eb,https://static.inaturalist.org/photos/25540343/medium.jpg,6930,Mallard,data/new_raw/images/3ab15b28-e73c-4a75-910b-3ac0864127eb.jpg
0d107491-4611-479b-89f7-cb033cc0a862,https://static.inaturalist.org/photos/25540357/medium.jpg,6930,Mallard,data/new_raw/images/0d107491-4611-479b-89f7-cb033cc0a862.jpg
1133e807-0469-4965-b6fa-3aabf6e926a7,https://static.inaturalist.org/photos/25540917/medium.jpg,147662,Western Lowland Gorilla,data/new_raw/images/1133e807-0469-4965-b6fa-3aabf6e926a7.jpg
4fadac06-c5dd-4c08-8ed8-4dc9e84126a4,https://static.inaturalist.org/photos/25540898/medium.jpeg,147662,Western Lowland Gorilla,data/new_raw/images/4fadac06-c5dd-4c08-8ed8-4dc9e84126a4.jpg
a713e052-25ce-4a20-8cae-07029b3c803a,https://static.inaturalist.org/photos/25540949/medium.jpg,147662,Western Lowland Gorilla,data/new_raw/images/a713e052-25ce-4a20-8cae-07029b3c803a.jpg
5b06d68c-3cf8-4f29-8d2e-be9c93bfeb1a,https://static.inaturalist.org/photos/25541011/medium.jpg,147662,Western Lowland Gorilla,data/new_raw/images/5b06d68c-3cf8-4f29-8d2e-be9c93bfeb1a.jpg
2720fb6c-de18-4efc-8128-773db417de86,https://static.inaturalist.org/photos/25541152/medium.jpg,147662,Western Lowland Gorilla,data/new_raw/images/2720fb6c-de18-4efc-8128-773db417de86.jpg
a06da6f5-29c1-4638-97ba-6bcb5e3e1c25,https://static.inaturalist.org/photos/25541300/medium.jpg,46017,Eastern Gray Squirrel,data/new_raw/images/a06da6f5-29c1-4638-97ba-6bcb5e3e1c25.jpg
a0122300-0857-4b64-b9a6-eff20d0b4a26,https://static.inaturalist.org/photos/25541356/medium.jpg,40151,Mammals,data/new_raw/images/a0122300-0857-4b64-b9a6-eff20d0b4a26.jpg
1f18a349-dde5-4e83-ab0a-f88e36c7b022,https://static.inaturalist.org/photos/25541380/medium.jpg,40151,Mammals,data/new_raw/images/1f18a349-dde5-4e83-ab0a-f88e36c7b022.jpg
79f4d82f-3769-4b16-a852-afcaf483bdff,https://static.inaturalist.org/photos/25541392/medium.jpg,40151,Mammals,data/new_raw/images/79f4d82f-3769-4b16-a852-afcaf483bdff.jpg
50b8f442-af27-4875-9fad-9a662bdaac2b,https://static.inaturalist.org/photos/25541398/medium.jpg,40151,Mammals,data/new_raw/images/50b8f442-af27-4875-9fad-9a662bdaac2b.jpg
e35b31f2-d958-4145-b3cd-e387882eae83,https://static.inaturalist.org/photos/25541464/medium.jpg,40151,Mammals,data/new_raw/images/e35b31f2-d958-4145-b3cd-e387882eae83.jpg
815a688c-6a85-44a9-95af-87fa3a1848a1,https://static.inaturalist.org/photos/25541629/medium.jpg,6930,Mallard,data/new_raw/images/815a688c-6a85-44a9-95af-87fa3a1848a1.jpg
10fa0b32-b0f7-4df5-887c-d48a45825f5f,https://static.inaturalist.org/photos/25543394/medium.jpg,6930,Mallard,data/new_raw/images/10fa0b32-b0f7-4df5-887c-d48a45825f5f.jpg
b70e9a0d-cff8-4b4c-915d-63da4216421b,https://static.inaturalist.org/photos/25541724/medium.jpeg,6930,Mallard,data/new_raw/images/b70e9a0d-cff8-4b4c-915d-63da4216421b.jpg
27990f63-9807-4547-acc2-a0b3dbd7284e,https://static.inaturalist.org/photos/25541775/medium.jpeg,6913,True Swans,data/new_raw/images/27990f63-9807-4547-acc2-a0b3dbd7284e.jpg
90417738-eb2b-43c3-bbda-5db51205bc44,https://static.inaturalist.org/photos/25542865/medium.jpg,13858,House Sparrow,data/new_raw/images/90417738-eb2b-43c3-bbda-5db51205bc44.jpg
81ee700b-3362-41af-88a6-a945fd0885ba,https://static.inaturalist.org/photos/25543051/medium.jpg,13858,House Sparrow,data/new_raw/images/81ee700b-3362-41af-88a6-a945fd0885ba.jpg
101108fa-a6fd-44b7-b3a7-db50025b1149,https://inaturalist-open-data.s3.amazonaws.com/photos/25543225/medium.jpeg,13858,House Sparrow,data/new_raw/images/101108fa-a6fd-44b7-b3a7-db50025b1149.jpg
b823b406-5625-41c5-be0d-53a3d91c3923,https://static.inaturalist.org/photos/25543320/medium.jpg,13858,House Sparrow,data/new_raw/images/b823b406-5625-41c5-be0d-53a3d91c3923.jpg
79a40540-1ed5-4e50-9577-d05f5764aa74,https://static.inaturalist.org/photos/25543569/medium.jpg,13858,House Sparrow,data/new_raw/images/79a40540-1ed5-4e50-9577-d05f5764aa74.jpg
c657078c-9993-409e-bb7d-36cf3a2daefd,https://static.inaturalist.org/photos/25543366/medium.jpg,13858,House Sparrow,data/new_raw/images/c657078c-9993-409e-bb7d-36cf3a2daefd.jpg
d03f4f17-bd24-4a07-892d-d7043dd9ac49,https://static.inaturalist.org/photos/25543526/medium.jpg,40151,Mammals,data/new_raw/images/d03f4f17-bd24-4a07-892d-d7043dd9ac49.jpg
512a1154-4fec-4945-94ff-695e93286f04,https://static.inaturalist.org/photos/25544614/medium.jpg,40151,Mammals,data/new_raw/images/512a1154-4fec-4945-94ff-695e93286f04.jpg
670f1482-832d-4507-bdc5-b8ef78730092,https://static.inaturalist.org/photos/25544531/medium.jpg,3,Birds,data/new_raw/images/670f1482-832d-4507-bdc5-b8ef78730092.jpg
e40101da-eb48-4f70-be08-7c9948f7f5da,https://static.inaturalist.org/photos/25544543/medium.jpg,6930,Mallard,data/new_raw/images/e40101da-eb48-4f70-be08-7c9948f7f5da.jpg
41a17cdf-4b16-4932-a0a6-861d91159d86,https://static.inaturalist.org/photos/25544698/medium.jpg,43584,Human,data/new_raw/images/41a17cdf-4b16-4932-a0a6-861d91159d86.jpg
164bbcb5-76b3-4298-a2ce-4d9db19b1963,https://static.inaturalist.org/photos/25544921/medium.jpg,13858,House Sparrow,data/new_raw/images/164bbcb5-76b3-4298-a2ce-4d9db19b1963.jpg
0cd7f281-3c81-4caf-9f84-92e8fd6ebaae,https://static.inaturalist.org/photos/25545013/medium.jpg,13858,House Sparrow,data/new_raw/images/0cd7f281-3c81-4caf-9f84-92e8fd6ebaae.jpg
9ecbe773-ea9e-4f13-9a41-2ce21232d984,https://static.inaturalist.org/photos/25545845/medium.jpeg,43584,Human,data/new_raw/images/9ecbe773-ea9e-4f13-9a41-2ce21232d984.jpg
54507b38-9419-4912-90fc-167a2b3f3de9,https://static.inaturalist.org/photos/25546867/medium.jpg,47144,Domestic Dog,data/new_raw/images/54507b38-9419-4912-90fc-167a2b3f3de9.jpg
e8c234ff-7681-483d-920e-b57249f5dd99,https://static.inaturalist.org/photos/25547148/medium.jpg,43584,Human,data/new_raw/images/e8c234ff-7681-483d-920e-b57249f5dd99.jpg
ab6831ba-8283-4bd5-a739-f6213444a9a9,https://static.inaturalist.org/photos/25548055/medium.jpg,122767,Feral Pigeon,data/new_raw/images/ab6831ba-8283-4bd5-a739-f6213444a9a9.jpg
7ed279b3-5596-4dc8-af29-17db6b30a43d,https://static.inaturalist.org/photos/25548110/medium.jpg,13858,House Sparrow,data/new_raw/images/7ed279b3-5596-4dc8-af29-17db6b30a43d.jpg
e2a7366e-508b-4587-b70b-9ec0122157a4,https://static.inaturalist.org/photos/25548488/medium.jpg,7251,Perching Birds,data/new_raw/images/e2a7366e-508b-4587-b70b-9ec0122157a4.jpg
0b66dfa2-82cd-435e-a6ed-e81460741b79,https://static.inaturalist.org/photos/25548507/medium.jpg,7251,Perching Birds,data/new_raw/images/0b66dfa2-82cd-435e-a6ed-e81460741b79.jpg
d483f69a-5ce1-4295-b6ff-f945d8a335a8,https://static.inaturalist.org/photos/25548534/medium.jpg,13858,House Sparrow,data/new_raw/images/d483f69a-5ce1-4295-b6ff-f945d8a335a8.jpg
899e92ed-6e6a-47db-816f-8d0bf413d044,https://inaturalist-open-data.s3.amazonaws.com/photos/25553594/medium.jpg,3454,Mourning Dove,data/new_raw/images/899e92ed-6e6a-47db-816f-8d0bf413d044.jpg
47dd5d60-8276-415d-9340-8ad0ee27b72c,https://static.inaturalist.org/photos/25554953/medium.jpeg,43584,Human,data/new_raw/images/47dd5d60-8276-415d-9340-8ad0ee27b72c.jpg
f5ba5794-8c3c-4b71-886c-478b4f9ffbef,https://static.inaturalist.org/photos/25557651/medium.jpeg,47144,Domestic Dog,data/new_raw/images/f5ba5794-8c3c-4b71-886c-478b4f9ffbef.jpg
0486b393-b486-46ba-b87b-fa0a496c2679,https://static.inaturalist.org/photos/25588679/medium.jpg,13858,House Sparrow,data/new_raw/images/0486b393-b486-46ba-b87b-fa0a496c2679.jpg
9e0ea548-fcf1-46a1-bf6a-310b1c2efe0f,https://static.inaturalist.org/photos/25588693/medium.jpg,13858,House Sparrow,data/new_raw/images/9e0ea548-fcf1-46a1-bf6a-310b1c2efe0f.jpg
214e8790-4606-45b4-99dd-0b4799bdbabb,https://static.inaturalist.org/photos/25588709/medium.jpg,13858,House Sparrow,data/new_raw/images/214e8790-4606-45b4-99dd-0b4799bdbabb.jpg
355bba30-a52b-4be6-b1e4-6d07b51e4d98,https://static.inaturalist.org/photos/25588814/medium.jpg,13858,House Sparrow,data/new_raw/images/355bba30-a52b-4be6-b1e4-6d07b51e4d98.jpg
7e64c30f-bbf4-4105-8a50-edcbc4871ca0,https://inaturalist-open-data.s3.amazonaws.com/photos/25588846/medium.jpeg,47144,Domestic Dog,data/new_raw/images/7e64c30f-bbf4-4105-8a50-edcbc4871ca0.jpg
93b31810-3411-41a7-8e04-44ce35ba4a62,https://static.inaturalist.org/photos/25589072/medium.jpeg,13858,House Sparrow,data/new_raw/images/93b31810-3411-41a7-8e04-44ce35ba4a62.jpg
9b08cf32-d53e-4d71-9343-e3f4d3a331d0,https://static.inaturalist.org/photos/25620221/medium.jpg,13858,House Sparrow,data/new_raw/images/9b08cf32-d53e-4d71-9343-e3f4d3a331d0.jpg
bb14fbbe-da66-4fcf-ad77-8ac5910c5ac7,https://static.inaturalist.org/photos/25589223/medium.jpg,13858,House Sparrow,data/new_raw/images/bb14fbbe-da66-4fcf-ad77-8ac5910c5ac7.jpg
4c8f4f65-69fc-49f5-85a1-d1b08a326b4b,https://static.inaturalist.org/photos/25589244/medium.jpeg,13858,House Sparrow,data/new_raw/images/4c8f4f65-69fc-49f5-85a1-d1b08a326b4b.jpg
48c0cf19-4f76-4151-9040-fb478dfbf7d6,https://static.inaturalist.org/photos/25589524/medium.jpg,46017,Eastern Gray Squirrel,data/new_raw/images/48c0cf19-4f76-4151-9040-fb478dfbf7d6.jpg
88dfef80-f013-4d6f-b0be-75547105472c,https://static.inaturalist.org/photos/25595416/medium.jpg,6930,Mallard,data/new_raw/images/88dfef80-f013-4d6f-b0be-75547105472c.jpg
45bcb44b-78aa-41c3-9c8a-e8c70a9b0c8b,https://static.inaturalist.org/photos/25589948/medium.jpg,6930,Mallard,data/new_raw/images/45bcb44b-78aa-41c3-9c8a-e8c70a9b0c8b.jpg
5951d63f-960e-471b-bdfb-0eea84f3ab1a,https://static.inaturalist.org/photos/25589648/medium.jpeg,6930,Mallard,data/new_raw/images/5951d63f-960e-471b-bdfb-0eea84f3ab1a.jpg
9414df71-9277-49a7-838a-408e32ad5ecc,https://static.inaturalist.org/photos/25589765/medium.jpeg,7089,Canada Goose,data/new_raw/images/9414df71-9277-49a7-838a-408e32ad5ecc.jpg
cca9b70e-333b-4791-8411-e7f7b4ae7705,https://static.inaturalist.org/photos/25589880/medium.jpg,7089,Canada Goose,data/new_raw/images/cca9b70e-333b-4791-8411-e7f7b4ae7705.jpg
a11bd0b9-d11d-4aee-b702-706912aa1fc7,https://static.inaturalist.org/photos/25589990/medium.jpg,6930,Mallard,data/new_raw/images/a11bd0b9-d11d-4aee-b702-706912aa1fc7.jpg
11d4f347-3194-4947-9d72-1930c0b840b5,https://static.inaturalist.org/photos/25590001/medium.jpg,6930,Mallard,data/new_raw/images/11d4f347-3194-4947-9d72-1930c0b840b5.jpg
b959fbb9-ab51-4999-816b-9ff5b8e2a032,https://static.inaturalist.org/photos/25590013/medium.jpeg,7089,Canada Goose,data/new_raw/images/b959fbb9-ab51-4999-816b-9ff5b8e2a032.jpg
035e1287-c5e4-48a1-8013-6dbbb9aa494c,https://static.inaturalist.org/photos/25590021/medium.jpeg,7089,Canada Goose,data/new_raw/images/035e1287-c5e4-48a1-8013-6dbbb9aa494c.jpg
622a0f6c-8e46-4881-a208-6570c9230592,https://static.inaturalist.org/photos/25590056/medium.jpg,7089,Canada Goose,data/new_raw/images/622a0f6c-8e46-4881-a208-6570c9230592.jpg
aa625e6a-596e-4662-bd12-9c9049ad30bf,https://static.inaturalist.org/photos/25590065/medium.jpg,6930,Mallard,data/new_raw/images/aa625e6a-596e-4662-bd12-9c9049ad30bf.jpg
7ca18627-a342-4676-ac2c-9105205c85b3,https://static.inaturalist.org/photos/25590124/medium.jpg,6930,Mallard,data/new_raw/images/7ca18627-a342-4676-ac2c-9105205c85b3.jpg
e37145e0-0a9d-41c7-800a-c0fbf6e50975,https://static.inaturalist.org/photos/25590200/medium.jpeg,6930,Mallard,data/new_raw/images/e37145e0-0a9d-41c7-800a-c0fbf6e50975.jpg
d5b8bfbd-5afa-4676-a532-44e1ece59a9a,https://static.inaturalist.org/photos/25590213/medium.jpg,13858,House Sparrow,data/new_raw/images/d5b8bfbd-5afa-4676-a532-44e1ece59a9a.jpg
5af383b3-3a19-49f2-b8eb-22ae6fae53a5,https://static.inaturalist.org/photos/25590214/medium.jpg,7089,Canada Goose,data/new_raw/images/5af383b3-3a19-49f2-b8eb-22ae6fae53a5.jpg
f05a467d-2199-4b7b-b45d-f9b0cafdf031,https://static.inaturalist.org/photos/25590242/medium.jpeg,6930,Mallard,data/new_raw/images/f05a467d-2199-4b7b-b45d-f9b0cafdf031.jpg
62a6a149-03fd-4946-aed1-d024ec3b8f63,https://static.inaturalist.org/photos/25590259/medium.jpg,7089,Canada Goose,data/new_raw/images/62a6a149-03fd-4946-aed1-d024ec3b8f63.jpg
e4eec47e-4374-46c5-abc2-c19703031193,https://static.inaturalist.org/photos/25590264/medium.jpeg,6930,Mallard,data/new_raw/images/e4eec47e-4374-46c5-abc2-c19703031193.jpg
7ae58deb-2636-4168-8802-ce167262ab77,https://static.inaturalist.org/photos/25590277/medium.jpeg,6930,Mallard,data/new_raw/images/7ae58deb-2636-4168-8802-ce167262ab77.jpg
a4942385-b640-4644-b7dd-e2e84a93f818,https://static.inaturalist.org/photos/25590284/medium.jpeg,6930,Mallard,data/new_raw/images/a4942385-b640-4644-b7dd-e2e84a93f818.jpg
86cf4dd6-6e61-4898-964d-2da62dac3f42,https://static.inaturalist.org/photos/25590296/medium.jpg,13858,House Sparrow,data/new_raw/images/86cf4dd6-6e61-4898-964d-2da62dac3f42.jpg
269470e8-8175-41d5-9863-cd94c547d15d,https://static.inaturalist.org/photos/25590317/medium.jpg,43339,Grévy's Zebra,data/new_raw/images/269470e8-8175-41d5-9863-cd94c547d15d.jpg
0401e768-c0a3-4cd1-a32d-a63d523340ab,https://static.inaturalist.org/photos/25590311/medium.jpg,6930,Mallard,data/new_raw/images/0401e768-c0a3-4cd1-a32d-a63d523340ab.jpg
38863fc1-59e1-496a-ba45-3ace341328b4,https://static.inaturalist.org/photos/25590308/medium.jpeg,6930,Mallard,data/new_raw/images/38863fc1-59e1-496a-ba45-3ace341328b4.jpg
cbf30983-9eb9-4f4f-85ac-19dbde2ac624,https://static.inaturalist.org/photos/25590343/medium.jpg,7089,Canada Goose,data/new_raw/images/cbf30983-9eb9-4f4f-85ac-19dbde2ac624.jpg
bd7ab0ee-4c11-410a-97cb-6d48dc745302,https://static.inaturalist.org/photos/25590337/medium.jpg,6930,Mallard,data/new_raw/images/bd7ab0ee-4c11-410a-97cb-6d48dc745302.jpg
67af1d1f-8a22-41e0-99b6-45b7db36b2ed,https://static.inaturalist.org/photos/25590350/medium.jpeg,6930,Mallard,data/new_raw/images/67af1d1f-8a22-41e0-99b6-45b7db36b2ed.jpg
830ebf3f-e737-467f-9933-e8bb74eb561d,https://static.inaturalist.org/photos/25590411/medium.jpeg,6930,Mallard,data/new_raw/images/830ebf3f-e737-467f-9933-e8bb74eb561d.jpg
7e4f873c-bdf7-4198-a849-c296f4850009,https://static.inaturalist.org/photos/25590461/medium.jpg,13858,House Sparrow,data/new_raw/images/7e4f873c-bdf7-4198-a849-c296f4850009.jpg
c387fcaa-c568-4542-aae5-4464a4fce8ab,https://static.inaturalist.org/photos/25590623/medium.jpg,6930,Mallard,data/new_raw/images/c387fcaa-c568-4542-aae5-4464a4fce8ab.jpg
538dd64a-d1a3-4dde-bcf9-6c311270f541,https://static.inaturalist.org/photos/25590653/medium.jpg,6930,Mallard,data/new_raw/images/538dd64a-d1a3-4dde-bcf9-6c311270f541.jpg
31481485-86c8-405e-9830-d484d14cb84a,https://static.inaturalist.org/photos/25590678/medium.jpg,6930,Mallard,data/new_raw/images/31481485-86c8-405e-9830-d484d14cb84a.jpg
41869c63-5ebe-46de-aed7-8c347ca8358e,https://static.inaturalist.org/photos/25590708/medium.jpg,6930,Mallard,data/new_raw/images/41869c63-5ebe-46de-aed7-8c347ca8358e.jpg
9652c2b8-547d-4ee6-9f02-3494ab90a1cc,https://static.inaturalist.org/photos/25591461/medium.jpg,13858,House Sparrow,data/new_raw/images/9652c2b8-547d-4ee6-9f02-3494ab90a1cc.jpg
086d5081-ff42-47ac-9c28-8f0e4d3565e2,https://static.inaturalist.org/photos/25591076/medium.jpg,7089,Canada Goose,data/new_raw/images/086d5081-ff42-47ac-9c28-8f0e4d3565e2.jpg
65621ef0-6e4c-45b7-87bb-dccee740001a,https://static.inaturalist.org/photos/25590998/medium.jpeg,13858,House Sparrow,data/new_raw/images/65621ef0-6e4c-45b7-87bb-dccee740001a.jpg
3d74c3b9-9c8e-49cf-abfd-24d38b55dc91,https://static.inaturalist.org/photos/25591075/medium.jpg,6915,Trumpeter Swan,data/new_raw/images/3d74c3b9-9c8e-49cf-abfd-24d38b55dc91.jpg
e6dab960-6907-4c76-af1e-554775875f04,https://static.inaturalist.org/photos/25591257/medium.jpg,7089,Canada Goose,data/new_raw/images/e6dab960-6907-4c76-af1e-554775875f04.jpg
d838ad99-6b67-4f4d-ba78-0f4208522d0e,https://static.inaturalist.org/photos/25591160/medium.jpg,13858,House Sparrow,data/new_raw/images/d838ad99-6b67-4f4d-ba78-0f4208522d0e.jpg
c7c94958-dca0-4e7c-829a-a91533ef07b0,https://static.inaturalist.org/photos/25591201/medium.jpg,13858,House Sparrow,data/new_raw/images/c7c94958-dca0-4e7c-829a-a91533ef07b0.jpg
d704188c-3286-455b-b538-95daa6ab5032,https://static.inaturalist.org/photos/25591231/medium.jpg,13858,House Sparrow,data/new_raw/images/d704188c-3286-455b-b538-95daa6ab5032.jpg
225916e5-6c6c-44e6-94bf-a78c8885b203,https://static.inaturalist.org/photos/25591245/medium.jpg,13858,House Sparrow,data/new_raw/images/225916e5-6c6c-44e6-94bf-a78c8885b203.jpg
fab99b91-7607-4592-9cc5-dd7aa4319622,https://static.inaturalist.org/photos/25591272/medium.jpeg,13858,House Sparrow,data/new_raw/images/fab99b91-7607-4592-9cc5-dd7aa4319622.jpg
c3ab3110-8f1f-42fa-907f-e6c645e285bd,https://static.inaturalist.org/photos/25591327/medium.jpg,13858,House Sparrow,data/new_raw/images/c3ab3110-8f1f-42fa-907f-e6c645e285bd.jpg
ba7b2611-0bf3-467f-a685-a88523a8cb09,https://static.inaturalist.org/photos/25591345/medium.jpg,6930,Mallard,data/new_raw/images/ba7b2611-0bf3-467f-a685-a88523a8cb09.jpg
221e3cd2-398b-4105-b2b7-8d30429ca275,https://static.inaturalist.org/photos/25591700/medium.jpg,7089,Canada Goose,data/new_raw/images/221e3cd2-398b-4105-b2b7-8d30429ca275.jpg
05e91939-ba23-44dd-9dc7-5a8ed518caef,https://static.inaturalist.org/photos/25591389/medium.jpg,6930,Mallard,data/new_raw/images/05e91939-ba23-44dd-9dc7-5a8ed518caef.jpg
09b72610-7c97-4d79-8be6-83aca71c797a,https://static.inaturalist.org/photos/25591390/medium.jpg,6930,Mallard,data/new_raw/images/09b72610-7c97-4d79-8be6-83aca71c797a.jpg
c568ec40-1a8d-4f1d-b95e-23817dd91c1e,https://static.inaturalist.org/photos/25591407/medium.jpg,6930,Mallard,data/new_raw/images/c568ec40-1a8d-4f1d-b95e-23817dd91c1e.jpg
f67ca145-0841-46af-8cd0-238b6e07a1b9,https://static.inaturalist.org/photos/25591421/medium.jpg,6930,Mallard,data/new_raw/images/f67ca145-0841-46af-8cd0-238b6e07a1b9.jpg
855f4f04-5d8b-418b-9e14-22f8258ab2a4,https://static.inaturalist.org/photos/25591457/medium.jpg,6915,Trumpeter Swan,data/new_raw/images/855f4f04-5d8b-418b-9e14-22f8258ab2a4.jpg
d6851d40-6925-45e6-ba55-d0379fc016e9,https://static.inaturalist.org/photos/25591491/medium.jpg,6930,Mallard,data/new_raw/images/d6851d40-6925-45e6-ba55-d0379fc016e9.jpg
476d7a6c-6719-4bc8-9be3-12ae8b644a3f,https://static.inaturalist.org/photos/25591509/medium.jpg,7109,Hooded Merganser,data/new_raw/images/476d7a6c-6719-4bc8-9be3-12ae8b644a3f.jpg
7d40078e-b573-44fc-8e19-09f72b1fad08,https://static.inaturalist.org/photos/25591529/medium.jpg,4258,Chilean Flamingo,data/new_raw/images/7d40078e-b573-44fc-8e19-09f72b1fad08.jpg
43b85680-f880-457c-a465-b9278d46fcbf,https://static.inaturalist.org/photos/25591522/medium.jpg,13858,House Sparrow,data/new_raw/images/43b85680-f880-457c-a465-b9278d46fcbf.jpg
2b13208c-912b-43aa-b26d-976ca825a86a,https://static.inaturalist.org/photos/25591603/medium.jpg,4258,Chilean Flamingo,data/new_raw/images/2b13208c-912b-43aa-b26d-976ca825a86a.jpg
ae6112b6-e725-4ee7-bf24-37e63d5c71f6,https://static.inaturalist.org/photos/25591572/medium.jpg,7089,Canada Goose,data/new_raw/images/ae6112b6-e725-4ee7-bf24-37e63d5c71f6.jpg
84cd2db3-05b2-4b7f-82cc-0887d12c9f07,https://static.inaturalist.org/photos/25591614/medium.jpg,7089,Canada Goose,data/new_raw/images/84cd2db3-05b2-4b7f-82cc-0887d12c9f07.jpg
34e6e7a8-a4b5-4a0d-bf99-65a059b8fbe6,https://static.inaturalist.org/photos/25591619/medium.jpg,6915,Trumpeter Swan,data/new_raw/images/34e6e7a8-a4b5-4a0d-bf99-65a059b8fbe6.jpg
43c48ba5-34e5-4330-ae03-efd16ddb5708,https://static.inaturalist.org/photos/25591652/medium.jpg,7089,Canada Goose,data/new_raw/images/43c48ba5-34e5-4330-ae03-efd16ddb5708.jpg
2eeffc08-ce27-4d56-9e19-5d09a92d2d33,https://static.inaturalist.org/photos/25591797/medium.jpeg,6930,Mallard,data/new_raw/images/2eeffc08-ce27-4d56-9e19-5d09a92d2d33.jpg
a31a1770-7358-4c37-b6a2-8e5bd7c923a3,https://static.inaturalist.org/photos/25591820/medium.jpeg,4258,Chilean Flamingo,data/new_raw/images/a31a1770-7358-4c37-b6a2-8e5bd7c923a3.jpg
0571ab32-2a62-4983-8bf4-be797fadee1e,https://static.inaturalist.org/photos/25592944/medium.jpg,13858,House Sparrow,data/new_raw/images/0571ab32-2a62-4983-8bf4-be797fadee1e.jpg
dcf00fdb-7000-458a-b93a-331855e15192,https://static.inaturalist.org/photos/25592965/medium.jpg,145310,American Goldfinch,data/new_raw/images/dcf00fdb-7000-458a-b93a-331855e15192.jpg
5099b2ad-1dbb-4190-b71d-19df85bb853c,https://static.inaturalist.org/photos/25592996/medium.jpg,13858,House Sparrow,data/new_raw/images/5099b2ad-1dbb-4190-b71d-19df85bb853c.jpg
97fd5220-532d-48b4-bb90-112ca5110903,https://static.inaturalist.org/photos/25592988/medium.jpg,145310,American Goldfinch,data/new_raw/images/97fd5220-532d-48b4-bb90-112ca5110903.jpg
84008d54-a347-45e3-a904-664888679237,https://static.inaturalist.org/photos/25592994/medium.jpg,13858,House Sparrow,data/new_raw/images/84008d54-a347-45e3-a904-664888679237.jpg
1980c28b-43f2-43b0-a8d8-7440c10c3a79,https://static.inaturalist.org/photos/25593007/medium.jpg,145310,American Goldfinch,data/new_raw/images/1980c28b-43f2-43b0-a8d8-7440c10c3a79.jpg
b36addda-ab62-43db-b4d7-5870495c91d0,https://static.inaturalist.org/photos/25593044/medium.jpg,145310,American Goldfinch,data/new_raw/images/b36addda-ab62-43db-b4d7-5870495c91d0.jpg
e90e1f5a-1eeb-4a2a-9c51-d620f31f3dda,https://static.inaturalist.org/photos/25593074/medium.jpg,13858,House Sparrow,data/new_raw/images/e90e1f5a-1eeb-4a2a-9c51-d620f31f3dda.jpg
08dbf93e-b7ba-4f86-98c3-a162b1c365a7,https://static.inaturalist.org/photos/25593082/medium.jpg,145310,American Goldfinch,data/new_raw/images/08dbf93e-b7ba-4f86-98c3-a162b1c365a7.jpg
1771ea0d-dc50-4c7a-bb5e-228f917832a3,https://static.inaturalist.org/photos/25593084/medium.jpg,145310,American Goldfinch,data/new_raw/images/1771ea0d-dc50-4c7a-bb5e-228f917832a3.jpg
36317a44-e1b0-4f45-890e-3f14acc927ea,https://static.inaturalist.org/photos/25593332/medium.jpg,13858,House Sparrow,data/new_raw/images/36317a44-e1b0-4f45-890e-3f14acc927ea.jpg
8f8afa08-1521-4522-999a-2560b0f495ec,https://static.inaturalist.org/photos/25593375/medium.jpeg,145310,American Goldfinch,data/new_raw/images/8f8afa08-1521-4522-999a-2560b0f495ec.jpg
4eca6be4-56ca-44af-8537-f426d6777716,https://static.inaturalist.org/photos/25593442/medium.jpeg,7089,Canada Goose,data/new_raw/images/4eca6be4-56ca-44af-8537-f426d6777716.jpg
34c3f37b-8d2e-4b01-ba3a-3d2a3e9d2533,https://static.inaturalist.org/photos/25593815/medium.jpg,6930,Mallard,data/new_raw/images/34c3f37b-8d2e-4b01-ba3a-3d2a3e9d2533.jpg
72cca4da-3e02-4446-9f2e-045ae0f48f9a,https://static.inaturalist.org/photos/25593812/medium.jpeg,7089,Canada Goose,data/new_raw/images/72cca4da-3e02-4446-9f2e-045ae0f48f9a.jpg
6cdbbdf2-42f1-47a3-801f-8a8024aa5dcf,https://static.inaturalist.org/photos/25593834/medium.jpg,7089,Canada Goose,data/new_raw/images/6cdbbdf2-42f1-47a3-801f-8a8024aa5dcf.jpg
b61746d0-a566-483b-b9fb-a5a9bcd18ce4,https://static.inaturalist.org/photos/25594060/medium.jpg,7089,Canada Goose,data/new_raw/images/b61746d0-a566-483b-b9fb-a5a9bcd18ce4.jpg
abc6a826-f4ec-4bdf-8fd9-477d74fe17c6,https://static.inaturalist.org/photos/25593959/medium.jpeg,7089,Canada Goose,data/new_raw/images/abc6a826-f4ec-4bdf-8fd9-477d74fe17c6.jpg
bbd86774-7a17-4e01-9859-012004b3cad2,https://static.inaturalist.org/photos/25593932/medium.jpg,7089,Canada Goose,data/new_raw/images/bbd86774-7a17-4e01-9859-012004b3cad2.jpg
99949296-ce1a-488f-b2a1-97883f64ad78,https://static.inaturalist.org/photos/25593936/medium.jpg,7089,Canada Goose,data/new_raw/images/99949296-ce1a-488f-b2a1-97883f64ad78.jpg
31f9cb0b-9b96-4874-a451-8a29297df802,https://static.inaturalist.org/photos/25593946/medium.jpg,7089,Canada Goose,data/new_raw/images/31f9cb0b-9b96-4874-a451-8a29297df802.jpg
83cf6d1f-b950-4e75-afb0-2473e5dce445,https://static.inaturalist.org/photos/25593952/medium.jpg,46017,Eastern Gray Squirrel,data/new_raw/images/83cf6d1f-b950-4e75-afb0-2473e5dce445.jpg
a3ac49bc-54bd-4d69-9867-f5f9b38f664e,https://static.inaturalist.org/photos/25594343/medium.jpg,7089,Canada Goose,data/new_raw/images/a3ac49bc-54bd-4d69-9867-f5f9b38f664e.jpg
20905be0-859a-494b-8c23-9bb3c0b8d86c,https://static.inaturalist.org/photos/25594392/medium.jpg,43339,Grévy's Zebra,data/new_raw/images/20905be0-859a-494b-8c23-9bb3c0b8d86c.jpg
4722fa51-59a1-4d9b-a0ab-92ab9e39767a,https://static.inaturalist.org/photos/25594397/medium.jpg,6930,Mallard,data/new_raw/images/4722fa51-59a1-4d9b-a0ab-92ab9e39767a.jpg
8f2c60c6-9636-4692-a045-71e42560cd2e,https://static.inaturalist.org/photos/25594416/medium.jpg,6930,Mallard,data/new_raw/images/8f2c60c6-9636-4692-a045-71e42560cd2e.jpg
784199f1-db7b-46d5-8dd6-86598f0e2d4d,https://static.inaturalist.org/photos/25594528/medium.jpg,7089,Canada Goose,data/new_raw/images/784199f1-db7b-46d5-8dd6-86598f0e2d4d.jpg
00ec01c1-3a4e-4839-adc3-7a9cd6ecf6c3,https://static.inaturalist.org/photos/25594589/medium.jpg,46017,Eastern Gray Squirrel,data/new_raw/images/00ec01c1-3a4e-4839-adc3-7a9cd6ecf6c3.jpg
cdd7144d-c04a-4d73-85fa-89f5289fc36b,https://static.inaturalist.org/photos/25594698/medium.jpg,13858,House Sparrow,data/new_raw/images/cdd7144d-c04a-4d73-85fa-89f5289fc36b.jpg
cc961338-ae11-43f4-b770-2d8f1143349d,https://static.inaturalist.org/photos/25595140/medium.jpg,6915,Trumpeter Swan,data/new_raw/images/cc961338-ae11-43f4-b770-2d8f1143349d.jpg
13cf80e7-71ea-452e-a7ab-dd5769b497d5,https://static.inaturalist.org/photos/25595148/medium.jpg,6930,Mallard,data/new_raw/images/13cf80e7-71ea-452e-a7ab-dd5769b497d5.jpg
557d9a86-2949-4b4f-90aa-2d2f7cd43767,https://static.inaturalist.org/photos/25595167/medium.jpg,6930,Mallard,data/new_raw/images/557d9a86-2949-4b4f-90aa-2d2f7cd43767.jpg
588253ba-3168-45d9-b6cb-7b41f7d083bc,https://static.inaturalist.org/photos/25595239/medium.jpg,6915,Trumpeter Swan,data/new_raw/images/588253ba-3168-45d9-b6cb-7b41f7d083bc.jpg
4561767c-1fd4-469b-82de-2819cf87a686,https://static.inaturalist.org/photos/25595240/medium.jpg,4258,Chilean Flamingo,data/new_raw/images/4561767c-1fd4-469b-82de-2819cf87a686.jpg
b6e56683-18c2-4f92-947d-4cd0149aa97a,https://static.inaturalist.org/photos/25595268/medium.jpg,4258,Chilean Flamingo,data/new_raw/images/b6e56683-18c2-4f92-947d-4cd0149aa97a.jpg
c3954424-6264-4acd-aff7-5766c362ad58,https://static.inaturalist.org/photos/25595971/medium.jpeg,3,Birds,data/new_raw/images/c3954424-6264-4acd-aff7-5766c362ad58.jpg
830da9a9-c7f5-4d17-b685-3a30b7ceb965,https://static.inaturalist.org/photos/25596331/medium.jpg,13858,House Sparrow,data/new_raw/images/830da9a9-c7f5-4d17-b685-3a30b7ceb965.jpg
4fc5ba90-fba8-4f87-98c2-1f0f63dad502,https://static.inaturalist.org/photos/25596732/medium.jpg,6930,Mallard,data/new_raw/images/4fc5ba90-fba8-4f87-98c2-1f0f63dad502.jpg
7739a2de-5522-4ec8-b272-b0ebb366a799,https://static.inaturalist.org/photos/25596737/medium.jpeg,13858,House Sparrow,data/new_raw/images/7739a2de-5522-4ec8-b272-b0ebb366a799.jpg
31539ca4-3222-4785-b343-df5ea5da8447,https://static.inaturalist.org/photos/25597045/medium.jpeg,6915,Trumpeter Swan,data/new_raw/images/31539ca4-3222-4785-b343-df5ea5da8447.jpg
8e1cc5ce-0dd5-4b72-9990-5a70356127f3,https://inaturalist-open-data.s3.amazonaws.com/photos/25607336/medium.jpg,7458,Brown Creeper,data/new_raw/images/8e1cc5ce-0dd5-4b72-9990-5a70356127f3.jpg
181f6820-163e-4143-a967-4d8f45f9db9c,https://static.inaturalist.org/photos/25609306/medium.jpg,4258,Chilean Flamingo,data/new_raw/images/181f6820-163e-4143-a967-4d8f45f9db9c.jpg
b6b1f5e6-6ff3-47cf-afbe-ee4f35cf0a44,https://static.inaturalist.org/photos/25609319/medium.jpg,6930,Mallard,data/new_raw/images/b6b1f5e6-6ff3-47cf-afbe-ee4f35cf0a44.jpg
6f8a15a7-428b-40ed-aed5-4f443414bbcb,https://static.inaturalist.org/photos/25609327/medium.jpg,6930,Mallard,data/new_raw/images/6f8a15a7-428b-40ed-aed5-4f443414bbcb.jpg
dccd33ef-b2d4-49ba-83a1-89a7e3f061e2,https://static.inaturalist.org/photos/25609441/medium.jpg,145310,American Goldfinch,data/new_raw/images/dccd33ef-b2d4-49ba-83a1-89a7e3f061e2.jpg
52850717-d403-420d-8477-abf6c6a9a453,https://static.inaturalist.org/photos/25609512/medium.jpg,13858,House Sparrow,data/new_raw/images/52850717-d403-420d-8477-abf6c6a9a453.jpg
87651927-1cdc-45bc-8971-51234b266a58,https://inaturalist-open-data.s3.amazonaws.com/photos/25612660/medium.jpeg,42223,White-tailed Deer,data/new_raw/images/87651927-1cdc-45bc-8971-51234b266a58.jpg
4b676d39-5a31-49cd-a412-dd702117d184,https://inaturalist-open-data.s3.amazonaws.com/photos/25612763/medium.jpeg,42223,White-tailed Deer,data/new_raw/images/4b676d39-5a31-49cd-a412-dd702117d184.jpg
f01f9d9a-a345-49c8-81be-b0b1b1f5f49d,https://static.inaturalist.org/photos/25616019/medium.jpeg,7089,Canada Goose,data/new_raw/images/f01f9d9a-a345-49c8-81be-b0b1b1f5f49d.jpg
1fb772b5-65b1-4fda-b392-d8db80d61d8a,https://static.inaturalist.org/photos/25621200/medium.jpg,3734,African Spoonbill,data/new_raw/images/1fb772b5-65b1-4fda-b392-d8db80d61d8a.jpg
1dcb1e5a-f4c1-4531-9c7c-6d2a8e4c3bc4,https://static.inaturalist.org/photos/25621208/medium.jpg,3734,African Spoonbill,data/new_raw/images/1dcb1e5a-f4c1-4531-9c7c-6d2a8e4c3bc4.jpg
cce6bdae-288b-4548-bda1-92771dbfd0f2,https://static.inaturalist.org/photos/25626916/medium.jpeg,3812,Magellanic Penguin,data/new_raw/images/cce6bdae-288b-4548-bda1-92771dbfd0f2.jpg
535ec667-f2ef-473d-8ad7-e7fc088e2f39,https://static.inaturalist.org/photos/25628929/medium.jpg,41880,Striped Skunk,data/new_raw/images/535ec667-f2ef-473d-8ad7-e7fc088e2f39.jpg
f1e7f5a6-9d07-48d7-819d-039573a8e88d,https://inaturalist-open-data.s3.amazonaws.com/photos/25636427/medium.jpg,43111,Eastern Cottontail,data/new_raw/images/f1e7f5a6-9d07-48d7-819d-039573a8e88d.jpg
4d723f4b-979c-44c2-b038-b12d33fd42da,https://inaturalist-open-data.s3.amazonaws.com/photos/25636858/medium.jpg,2548,Belted Kingfisher,data/new_raw/images/4d723f4b-979c-44c2-b038-b12d33fd42da.jpg
2044bc7e-dcca-4e8c-a6f0-b86d17140549,https://inaturalist-open-data.s3.amazonaws.com/photos/25636920/medium.jpg,12878,Swainson's Thrush,data/new_raw/images/2044bc7e-dcca-4e8c-a6f0-b86d17140549.jpg
cd0c351a-002e-4a32-b91d-8643f484c797,https://inaturalist-open-data.s3.amazonaws.com/photos/25638190/medium.jpeg,46017,Eastern Gray Squirrel,data/new_raw/images/cd0c351a-002e-4a32-b91d-8643f484c797.jpg
e99508b6-071f-43e4-956c-00095dba55f0,https://inaturalist-open-data.s3.amazonaws.com/photos/25638206/medium.jpg,46017,Eastern Gray Squirrel,data/new_raw/images/e99508b6-071f-43e4-956c-00095dba55f0.jpg
3fd85f96-8799-43e8-9919-ba637e7f4a9d,https://inaturalist-open-data.s3.amazonaws.com/photos/25638266/medium.jpg,13858,House Sparrow,data/new_raw/images/3fd85f96-8799-43e8-9919-ba637e7f4a9d.jpg
e220e523-6d7f-44b0-9de7-f4d0f790ea70,https://inaturalist-open-data.s3.amazonaws.com/photos/25638699/medium.jpg,13858,House Sparrow,data/new_raw/images/e220e523-6d7f-44b0-9de7-f4d0f790ea70.jpg
2e822717-aa48-4534-8391-3c9b309860c2,https://inaturalist-open-data.s3.amazonaws.com/photos/25638879/medium.jpg,13858,House Sparrow,data/new_raw/images/2e822717-aa48-4534-8391-3c9b309860c2.jpg
56ed7012-126c-4241-a2e4-04f0c64f6091,https://inaturalist-open-data.s3.amazonaws.com/photos/25640913/medium.jpeg,18463,Yellow-bellied Sapsucker,data/new_raw/images/56ed7012-126c-4241-a2e4-04f0c64f6091.jpg
3c4a2f9a-dd48-4a4d-949f-56f2b1f5c2dc,https://static.inaturalist.org/photos/25645534/medium.jpg,46017,Eastern Gray Squirrel,data/new_raw/images/3c4a2f9a-dd48-4a4d-949f-56f2b1f5c2dc.jpg
3974babb-079d-43b8-9554-83304e8b5378,https://inaturalist-open-data.s3.amazonaws.com/photos/25647707/medium.jpg,12883,Gray-cheeked Thrush,data/new_raw/images/3974babb-079d-43b8-9554-83304e8b5378.jpg
c518b3d6-bf88-4c07-a958-37fe545e48a9,https://inaturalist-open-data.s3.amazonaws.com/photos/25649559/medium.jpeg,145310,American Goldfinch,data/new_raw/images/c518b3d6-bf88-4c07-a958-37fe545e48a9.jpg
ef695e51-1a98-488d-a512-60abd27b62ca,https://static.inaturalist.org/photos/25652144/medium.jpg,14850,European Starling,data/new_raw/images/ef695e51-1a98-488d-a512-60abd27b62ca.jpg
4381bc5c-27c0-4d25-9199-ce91b362dc3b,https://static.inaturalist.org/photos/25665367/medium.jpg,145245,Yellow-rumped Warbler,data/new_raw/images/4381bc5c-27c0-4d25-9199-ce91b362dc3b.jpg
6f317193-6d42-4e3c-b3fe-b9ce773afa8b,https://static.inaturalist.org/photos/25665555/medium.jpg,14823,Red-breasted Nuthatch,data/new_raw/images/6f317193-6d42-4e3c-b3fe-b9ce773afa8b.jpg
33181c64-3d3d-48e9-8dd0-49cfd22b2ad6,https://static.inaturalist.org/photos/25665607/medium.jpg,145258,Black-throated Green Warbler,data/new_raw/images/33181c64-3d3d-48e9-8dd0-49cfd22b2ad6.jpg
d96c2202-558c-4fbe-b8cb-3e06c18a8143,https://static.inaturalist.org/photos/25674034/medium.jpg,43111,Eastern Cottontail,data/new_raw/images/d96c2202-558c-4fbe-b8cb-3e06c18a8143.jpg
e9d8c59b-f95e-4ae6-a93e-f3a03af2d844,https://inaturalist-open-data.s3.amazonaws.com/photos/25752187/medium.jpg,18463,Yellow-bellied Sapsucker,data/new_raw/images/e9d8c59b-f95e-4ae6-a93e-f3a03af2d844.jpg
e88dd45a-2b53-4d48-ab7c-373bb4fb9be1,https://static.inaturalist.org/photos/25683126/medium.jpg,46017,Eastern Gray Squirrel,data/new_raw/images/e88dd45a-2b53-4d48-ab7c-373bb4fb9be1.jpg
6085bcf5-a63d-4ad1-9af7-a3067290f70c,https://static.inaturalist.org/photos/25683149/medium.jpg,7089,Canada Goose,data/new_raw/images/6085bcf5-a63d-4ad1-9af7-a3067290f70c.jpg
0a1b3e05-da7d-4384-b504-f648e9c68672,https://static.inaturalist.org/photos/25698941/medium.jpeg,46017,Eastern Gray Squirrel,data/new_raw/images/0a1b3e05-da7d-4384-b504-f648e9c68672.jpg
c605cd57-e4d4-4a4c-81cf-b9d88c6afa41,https://inaturalist-open-data.s3.amazonaws.com/photos/25702505/medium.jpg,73149,Northern Waterthrush,data/new_raw/images/c605cd57-e4d4-4a4c-81cf-b9d88c6afa41.jpg
c9a1ede2-6895-48d6-b003-b81741f2f1db,https://static.inaturalist.org/photos/25706052/medium.jpg,43584,Human,data/new_raw/images/c9a1ede2-6895-48d6-b003-b81741f2f1db.jpg
d2ee1e93-aa87-423a-ac5c-5c4b4a10756f,https://static.inaturalist.org/photos/25706495/medium.jpg,18463,Yellow-bellied Sapsucker,data/new_raw/images/d2ee1e93-aa87-423a-ac5c-5c4b4a10756f.jpg
e9229fec-00b8-44a7-b674-054315ed7f9a,https://inaturalist-open-data.s3.amazonaws.com/photos/25709397/medium.jpeg,7089,Canada Goose,data/new_raw/images/e9229fec-00b8-44a7-b674-054315ed7f9a.jpg
05b9a6e5-2829-4f5f-b8b8-77eca81f4767,https://static.inaturalist.org/photos/25714871/medium.jpg,5212,Red-tailed Hawk,data/new_raw/images/05b9a6e5-2829-4f5f-b8b8-77eca81f4767.jpg
0f629c1b-568d-467d-af37-35c7d7da10d5,https://static.inaturalist.org/photos/25731287/medium.jpg,6915,Trumpeter Swan,data/new_raw/images/0f629c1b-568d-467d-af37-35c7d7da10d5.jpg
6fe33311-a353-4daa-b1cc-564bc8cc351f,https://static.inaturalist.org/photos/25731345/medium.jpg,4258,Chilean Flamingo,data/new_raw/images/6fe33311-a353-4daa-b1cc-564bc8cc351f.jpg
354605fa-d653-41e0-a9e6-43b6612394a0,https://inaturalist-open-data.s3.amazonaws.com/photos/25735026/medium.jpg,4956,Great Blue Heron,data/new_raw/images/354605fa-d653-41e0-a9e6-43b6612394a0.jpg
2500abde-c997-40e4-aef0-ca45d898a83f,https://inaturalist-open-data.s3.amazonaws.com/photos/25736107/medium.jpg,12901,Veery,data/new_raw/images/2500abde-c997-40e4-aef0-ca45d898a83f.jpg
11b116a2-6f16-49f5-ab91-8cfba886d0ae,https://static.inaturalist.org/photos/25738622/medium.jpeg,43339,Grévy's Zebra,data/new_raw/images/11b116a2-6f16-49f5-ab91-8cfba886d0ae.jpg
4c797671-4aa7-4fb6-9fee-eeba525d257a,https://inaturalist-open-data.s3.amazonaws.com/photos/25752483/medium.jpg,4793,Killdeer,data/new_raw/images/4c797671-4aa7-4fb6-9fee-eeba525d257a.jpg
67f3acf7-982d-4751-9d92-0e81ae215de8,https://inaturalist-open-data.s3.amazonaws.com/photos/25753432/medium.jpg,4956,Great Blue Heron,data/new_raw/images/67f3acf7-982d-4751-9d92-0e81ae215de8.jpg
f86302f0-8331-4d6b-b139-23dcb1f961d2,https://inaturalist-open-data.s3.amazonaws.com/photos/25765015/medium.jpeg,16597,Empidonax Flycatchers,data/new_raw/images/f86302f0-8331-4d6b-b139-23dcb1f961d2.jpg
1635b780-152f-4ec2-82a7-c2bd99606f0a,https://static.inaturalist.org/photos/25769610/medium.jpeg,46017,Eastern Gray Squirrel,data/new_raw/images/1635b780-152f-4ec2-82a7-c2bd99606f0a.jpg
fe8d4e32-e8a1-4d8c-8cc9-441d0a2f9527,https://inaturalist-open-data.s3.amazonaws.com/photos/25771286/medium.jpg,6930,Mallard,data/new_raw/images/fe8d4e32-e8a1-4d8c-8cc9-441d0a2f9527.jpg
ab8db383-9d6e-4743-9215-3b60397f7b44,https://inaturalist-open-data.s3.amazonaws.com/photos/25771294/medium.jpeg,6930,Mallard,data/new_raw/images/ab8db383-9d6e-4743-9215-3b60397f7b44.jpg
6f2e4f39-79be-46e5-80f2-3d86cd9745d0,https://inaturalist-open-data.s3.amazonaws.com/photos/25771529/medium.jpg,4364,Ring-billed Gull,data/new_raw/images/6f2e4f39-79be-46e5-80f2-3d86cd9745d0.jpg
4a53766b-0f16-4416-948a-7d1ce1d7f200,https://inaturalist-open-data.s3.amazonaws.com/photos/25771557/medium.jpeg,4364,Ring-billed Gull,data/new_raw/images/4a53766b-0f16-4416-948a-7d1ce1d7f200.jpg
0ea44887-fcb7-4c4c-95a4-396eb036de6c,https://inaturalist-open-data.s3.amazonaws.com/photos/25771916/medium.jpeg,40151,Mammals,data/new_raw/images/0ea44887-fcb7-4c4c-95a4-396eb036de6c.jpg
313085ee-8c27-46a4-b9ca-80ff1551a4ce,https://inaturalist-open-data.s3.amazonaws.com/photos/25772239/medium.jpeg,46017,Eastern Gray Squirrel,data/new_raw/images/313085ee-8c27-46a4-b9ca-80ff1551a4ce.jpg
0db91130-72d5-4b20-8dbf-e5d425627297,https://static.inaturalist.org/photos/25772902/medium.jpg,46017,Eastern Gray Squirrel,data/new_raw/images/0db91130-72d5-4b20-8dbf-e5d425627297.jpg
a026681d-43f2-4191-83fc-92759d9fb988,https://inaturalist-open-data.s3.amazonaws.com/photos/25772948/medium.jpg,46017,Eastern Gray Squirrel,data/new_raw/images/a026681d-43f2-4191-83fc-92759d9fb988.jpg
510ee690-1f8b-4543-95e1-48cae758db23,https://inaturalist-open-data.s3.amazonaws.com/photos/25775833/medium.jpeg,46017,Eastern Gray Squirrel,data/new_raw/images/510ee690-1f8b-4543-95e1-48cae758db23.jpg
66f2a3c7-6620-4a5c-bc51-e20131b2b9eb,https://inaturalist-open-data.s3.amazonaws.com/photos/25775871/medium.jpeg,46017,Eastern Gray Squirrel,data/new_raw/images/66f2a3c7-6620-4a5c-bc51-e20131b2b9eb.jpg
31aa4d1d-ddd2-44f6-aa26-a428d6af5593,https://inaturalist-open-data.s3.amazonaws.com/photos/25775875/medium.jpeg,6930,Mallard,data/new_raw/images/31aa4d1d-ddd2-44f6-aa26-a428d6af5593.jpg
ae61fac3-4bfe-4a28-abfc-3ca2e5cac21e,https://inaturalist-open-data.s3.amazonaws.com/photos/25775897/medium.jpeg,7089,Canada Goose,data/new_raw/images/ae61fac3-4bfe-4a28-abfc-3ca2e5cac21e.jpg
9cfc16be-6c29-4572-8751-659f59b3dbbf,https://inaturalist-open-data.s3.amazonaws.com/photos/25775903/medium.jpeg,46017,Eastern Gray Squirrel,data/new_raw/images/9cfc16be-6c29-4572-8751-659f59b3dbbf.jpg
beb09630-d6fa-45c9-bf2e-e975d99a7110,https://inaturalist-open-data.s3.amazonaws.com/photos/25775911/medium.jpeg,7089,Canada Goose,data/new_raw/images/beb09630-d6fa-45c9-bf2e-e975d99a7110.jpg
e09f33b4-b98d-4c07-9cb7-ecb78b690193,https://inaturalist-open-data.s3.amazonaws.com/photos/25775926/medium.jpeg,6930,Mallard,data/new_raw/images/e09f33b4-b98d-4c07-9cb7-ecb78b690193.jpg
1491a7f5-990c-4e72-a241-605c209b149e,https://inaturalist-open-data.s3.amazonaws.com/photos/25775967/medium.jpeg,6930,Mallard,data/new_raw/images/1491a7f5-990c-4e72-a241-605c209b149e.jpg
be091fe8-6ada-4e7d-8aa1-ccabcf5342f7,https://inaturalist-open-data.s3.amazonaws.com/photos/25775993/medium.jpeg,46017,Eastern Gray Squirrel,data/new_raw/images/be091fe8-6ada-4e7d-8aa1-ccabcf5342f7.jpg
51ab1ada-26ae-428d-85a5-4583f133984a,https://inaturalist-open-data.s3.amazonaws.com/photos/25776030/medium.jpeg,7089,Canada Goose,data/new_raw/images/51ab1ada-26ae-428d-85a5-4583f133984a.jpg
a23e0b9c-3132-4480-9007-9ab28483b5df,https://inaturalist-open-data.s3.amazonaws.com/photos/25776057/medium.jpeg,7089,Canada Goose,data/new_raw/images/a23e0b9c-3132-4480-9007-9ab28483b5df.jpg
8616a3e2-f265-4250-a606-ee872cffc4bd,https://inaturalist-open-data.s3.amazonaws.com/photos/25776172/medium.jpeg,6930,Mallard,data/new_raw/images/8616a3e2-f265-4250-a606-ee872cffc4bd.jpg
61439669-cbb2-4e5d-b81a-4ff05d2b8d25,https://inaturalist-open-data.s3.amazonaws.com/photos/25776215/medium.jpeg,7089,Canada Goose,data/new_raw/images/61439669-cbb2-4e5d-b81a-4ff05d2b8d25.jpg
34c18f6b-8c59-4c87-9bcc-a1b99d53528b,https://inaturalist-open-data.s3.amazonaws.com/photos/25776519/medium.jpeg,46017,Eastern Gray Squirrel,data/new_raw/images/34c18f6b-8c59-4c87-9bcc-a1b99d53528b.jpg
c6d258fe-b8b0-46e7-bbed-24635014e31f,https://inaturalist-open-data.s3.amazonaws.com/photos/25776468/medium.jpeg,7089,Canada Goose,data/new_raw/images/c6d258fe-b8b0-46e7-bbed-24635014e31f.jpg
a83a5421-be93-4d55-a692-340bbbd5093f,https://inaturalist-open-data.s3.amazonaws.com/photos/25776531/medium.jpeg,46017,Eastern Gray Squirrel,data/new_raw/images/a83a5421-be93-4d55-a692-340bbbd5093f.jpg
7732c18e-beee-432d-aa3b-4016a28d1f6e,https://inaturalist-open-data.s3.amazonaws.com/photos/25776623/medium.jpeg,46017,Eastern Gray Squirrel,data/new_raw/images/7732c18e-beee-432d-aa3b-4016a28d1f6e.jpg
7a6ca388-b70d-4076-b8a9-f3d0f8d78c00,https://inaturalist-open-data.s3.amazonaws.com/photos/25776554/medium.jpeg,4364,Ring-billed Gull,data/new_raw/images/7a6ca388-b70d-4076-b8a9-f3d0f8d78c00.jpg
5678b982-b846-4b4c-ab9b-fd4443c0cfa4,https://inaturalist-open-data.s3.amazonaws.com/photos/25776650/medium.jpeg,7089,Canada Goose,data/new_raw/images/5678b982-b846-4b4c-ab9b-fd4443c0cfa4.jpg
cb30e8cf-2ee0-4763-b958-d6b0a84acc9a,https://inaturalist-open-data.s3.amazonaws.com/photos/25776678/medium.jpeg,3,Birds,data/new_raw/images/cb30e8cf-2ee0-4763-b958-d6b0a84acc9a.jpg
c4d9e8e0-0cd2-4f49-b15d-f74d467cf7f9,https://inaturalist-open-data.s3.amazonaws.com/photos/25776697/medium.jpeg,7089,Canada Goose,data/new_raw/images/c4d9e8e0-0cd2-4f49-b15d-f74d467cf7f9.jpg
857da503-cc5a-45d9-8150-0f0ef7e987e9,https://inaturalist-open-data.s3.amazonaws.com/photos/25776773/medium.jpeg,4364,Ring-billed Gull,data/new_raw/images/857da503-cc5a-45d9-8150-0f0ef7e987e9.jpg
f079b320-88d6-40cb-874c-87c88a5e5100,https://inaturalist-open-data.s3.amazonaws.com/photos/25776776/medium.jpeg,6930,Mallard,data/new_raw/images/f079b320-88d6-40cb-874c-87c88a5e5100.jpg
f3345a3d-6a1d-4cec-b4b3-4ab9868bac49,https://inaturalist-open-data.s3.amazonaws.com/photos/25776795/medium.jpeg,46017,Eastern Gray Squirrel,data/new_raw/images/f3345a3d-6a1d-4cec-b4b3-4ab9868bac49.jpg
9559d21a-f2db-48b0-b06a-0bae02840648,https://inaturalist-open-data.s3.amazonaws.com/photos/25776955/medium.jpeg,7089,Canada Goose,data/new_raw/images/9559d21a-f2db-48b0-b06a-0bae02840648.jpg
28382206-cd2f-43a3-86dc-31eabdf8bd0c,https://inaturalist-open-data.s3.amazonaws.com/photos/25777193/medium.jpeg,6930,Mallard,data/new_raw/images/28382206-cd2f-43a3-86dc-31eabdf8bd0c.jpg
c7ceb5a5-93b0-4288-91d0-097020265ef3,https://static.inaturalist.org/photos/25780084/medium.jpg,6996,Red-breasted Merganser,data/new_raw/images/c7ceb5a5-93b0-4288-91d0-097020265ef3.jpg
d735b5ae-77e1-40aa-9898-3ed2c7fd0bd4,https://inaturalist-open-data.s3.amazonaws.com/photos/25789109/medium.jpg,1454382,Double-crested Cormorant,data/new_raw/images/d735b5ae-77e1-40aa-9898-3ed2c7fd0bd4.jpg
81db0243-2b79-4d9f-b4eb-1372a09b72e4,https://inaturalist-open-data.s3.amazonaws.com/photos/25824050/medium.jpg,9721,Common Yellowthroat,data/new_raw/images/81db0243-2b79-4d9f-b4eb-1372a09b72e4.jpg
f670a81e-f17b-4135-8c5d-ffe7cffa7529,https://inaturalist-open-data.s3.amazonaws.com/photos/25832268/medium.jpg,979756,Tennessee Warbler,data/new_raw/images/f670a81e-f17b-4135-8c5d-ffe7cffa7529.jpg
4d1110b3-b114-457a-8eac-9be81b16a6ac,https://inaturalist-open-data.s3.amazonaws.com/photos/25832514/medium.jpg,12878,Swainson's Thrush,data/new_raw/images/4d1110b3-b114-457a-8eac-9be81b16a6ac.jpg
6b58825e-f896-494b-b005-d233da5d9612,https://inaturalist-open-data.s3.amazonaws.com/photos/25835593/medium.jpg,12878,Swainson's Thrush,data/new_raw/images/6b58825e-f896-494b-b005-d233da5d9612.jpg
97200ca8-0f15-44e4-8812-132503a442f7,https://inaturalist-open-data.s3.amazonaws.com/photos/25837778/medium.jpg,7089,Canada Goose,data/new_raw/images/97200ca8-0f15-44e4-8812-132503a442f7.jpg
5f3ff781-0679-4e30-8927-9bcf5548b26b,https://inaturalist-open-data.s3.amazonaws.com/photos/25837841/medium.jpg,4364,Ring-billed Gull,data/new_raw/images/5f3ff781-0679-4e30-8927-9bcf5548b26b.jpg
22436483-e355-45e1-88a1-b7d4060a076e,https://inaturalist-open-data.s3.amazonaws.com/photos/25837882/medium.jpg,46017,Eastern Gray Squirrel,data/new_raw/images/22436483-e355-45e1-88a1-b7d4060a076e.jpg
cece0cd0-6b68-4dab-9f26-772abbdd3dd6,https://inaturalist-open-data.s3.amazonaws.com/photos/25840382/medium.jpg,4364,Ring-billed Gull,data/new_raw/images/cece0cd0-6b68-4dab-9f26-772abbdd3dd6.jpg
8e4a4b8d-bf4f-4014-9a30-6303da5e2ca3,https://inaturalist-open-data.s3.amazonaws.com/photos/25841030/medium.jpg,4956,Great Blue Heron,data/new_raw/images/8e4a4b8d-bf4f-4014-9a30-6303da5e2ca3.jpg
f9618f46-7989-408e-af5b-1f8677604189,https://inaturalist-open-data.s3.amazonaws.com/photos/25843739/medium.jpg,4956,Great Blue Heron,data/new_raw/images/f9618f46-7989-408e-af5b-1f8677604189.jpg
77c10915-bce6-4035-98e5-f8b5ab7062fb,https://inaturalist-open-data.s3.amazonaws.com/photos/25843804/medium.jpg,1579017,Cooper's Hawk,data/new_raw/images/77c10915-bce6-4035-98e5-f8b5ab7062fb.jpg
640673af-d11e-4aad-849d-b755c157e36d,https://static.inaturalist.org/photos/25852004/medium.jpg,4981,Black-crowned Night Heron,data/new_raw/images/640673af-d11e-4aad-849d-b755c157e36d.jpg
28ef8ffc-38f9-406f-a385-645fa8e017d8,https://static.inaturalist.org/photos/25852066/medium.jpg,4981,Black-crowned Night Heron,data/new_raw/images/28ef8ffc-38f9-406f-a385-645fa8e017d8.jpg
489d998f-a6cb-436c-8917-e56a1ba5ed21,https://inaturalist-open-data.s3.amazonaws.com/photos/25857964/medium.jpeg,73149,Northern Waterthrush,data/new_raw/images/489d998f-a6cb-436c-8917-e56a1ba5ed21.jpg
41a6bc3b-052b-4908-a3ab-5e8659cbef9f,https://inaturalist-open-data.s3.amazonaws.com/photos/25858018/medium.jpeg,9148,Clay-colored Sparrow,data/new_raw/images/41a6bc3b-052b-4908-a3ab-5e8659cbef9f.jpg
32d0de17-2a9a-4124-bba4-996e07ee6304,https://inaturalist-open-data.s3.amazonaws.com/photos/25858026/medium.jpeg,7107,Wood Duck,data/new_raw/images/32d0de17-2a9a-4124-bba4-996e07ee6304.jpg
57c287b6-05a2-471d-b133-c8f4be944570,https://inaturalist-open-data.s3.amazonaws.com/photos/25858037/medium.jpeg,4672,Merlin,data/new_raw/images/57c287b6-05a2-471d-b133-c8f4be944570.jpg
8ee15f3d-7328-41be-9dcb-631e091f2e42,https://inaturalist-open-data.s3.amazonaws.com/photos/25858046/medium.jpeg,132704,Myrtle Warbler,data/new_raw/images/8ee15f3d-7328-41be-9dcb-631e091f2e42.jpg
4b1864dc-adec-43e7-84cf-03e8341962a9,https://inaturalist-open-data.s3.amazonaws.com/photos/25858057/medium.jpeg,10271,Rose-breasted Grosbeak,data/new_raw/images/4b1864dc-adec-43e7-84cf-03e8341962a9.jpg
28611b6d-e94e-4468-91e1-2a89254847bd,https://inaturalist-open-data.s3.amazonaws.com/photos/25858066/medium.jpeg,46020,Eastern Fox Squirrel,data/new_raw/images/28611b6d-e94e-4468-91e1-2a89254847bd.jpg
5b31edbe-a792-42c3-ac91-179e188f5a46,https://inaturalist-open-data.s3.amazonaws.com/photos/25858077/medium.jpeg,555736,Northern Yellow-shafted Flicker,data/new_raw/images/5b31edbe-a792-42c3-ac91-179e188f5a46.jpg
a15b82d6-0be3-4fcd-aa2f-619980e6b0ac,https://inaturalist-open-data.s3.amazonaws.com/photos/25863030/medium.jpeg,4981,Black-crowned Night Heron,data/new_raw/images/a15b82d6-0be3-4fcd-aa2f-619980e6b0ac.jpg
5c36c96a-ec4f-4a36-b6f1-844413f12963,https://inaturalist-open-data.s3.amazonaws.com/photos/25863033/medium.jpg,43584,Human,data/new_raw/images/5c36c96a-ec4f-4a36-b6f1-844413f12963.jpg
3d30e3d3-66b6-460f-b36e-e83dbdf7666e,https://inaturalist-open-data.s3.amazonaws.com/photos/25863037/medium.jpeg,4756,Turkey Vulture,data/new_raw/images/3d30e3d3-66b6-460f-b36e-e83dbdf7666e.jpg
5c36e5d5-1d8b-460a-8edb-52027bd965e6,https://static.inaturalist.org/photos/25868791/medium.jpeg,14823,Red-breasted Nuthatch,data/new_raw/images/5c36e5d5-1d8b-460a-8edb-52027bd965e6.jpg
afcff8ee-b9bc-4539-bb3d-e41984001a10,https://static.inaturalist.org/photos/25877798/medium.jpg,41663,Common Raccoon,data/new_raw/images/afcff8ee-b9bc-4539-bb3d-e41984001a10.jpg
8860f85e-1c27-45b0-9d08-dbfb99754620,https://inaturalist-open-data.s3.amazonaws.com/photos/25883988/medium.jpeg,132704,Myrtle Warbler,data/new_raw/images/8860f85e-1c27-45b0-9d08-dbfb99754620.jpg
83277ca5-4e43-4346-8041-09775f60a276,https://inaturalist-open-data.s3.amazonaws.com/photos/25915447/medium.jpg,145224,Mourning Warbler,data/new_raw/images/83277ca5-4e43-4346-8041-09775f60a276.jpg
7f982b92-746c-4ca5-b3c2-9ee8ec2607e0,https://inaturalist-open-data.s3.amazonaws.com/photos/25922333/medium.jpeg,16100,Eastern Wood-Pewee,data/new_raw/images/7f982b92-746c-4ca5-b3c2-9ee8ec2607e0.jpg
b4ac6204-7e71-4888-a7b7-4310f485c572,https://inaturalist-open-data.s3.amazonaws.com/photos/25922342/medium.jpeg,17008,Eastern Phoebe,data/new_raw/images/b4ac6204-7e71-4888-a7b7-4310f485c572.jpg
b62fd7dd-b274-4e86-945a-4a95bc0ea8d8,https://static.inaturalist.org/photos/25928884/medium.jpg,43584,Human,data/new_raw/images/b62fd7dd-b274-4e86-945a-4a95bc0ea8d8.jpg
e60414f6-a873-4784-99f0-9ded7ac438fa,https://inaturalist-open-data.s3.amazonaws.com/photos/25943926/medium.jpg,979756,Tennessee Warbler,data/new_raw/images/e60414f6-a873-4784-99f0-9ded7ac438fa.jpg
7563677f-35cb-4a75-9da8-e3d117a427b9,https://static.inaturalist.org/photos/25944827/medium.jpg,43584,Human,data/new_raw/images/7563677f-35cb-4a75-9da8-e3d117a427b9.jpg
51445637-eef4-4c9c-898c-94f6c4257236,https://static.inaturalist.org/photos/25944898/medium.jpg,43584,Human,data/new_raw/images/51445637-eef4-4c9c-898c-94f6c4257236.jpg
183e4b7f-197c-4cf2-baaf-c55aba9bac58,https://inaturalist-open-data.s3.amazonaws.com/photos/25946966/medium.jpeg,46017,Eastern Gray Squirrel,data/new_raw/images/183e4b7f-197c-4cf2-baaf-c55aba9bac58.jpg
57ff609b-6b63-488d-bb78-0d25fbeb166a,https://inaturalist-open-data.s3.amazonaws.com/photos/25947217/medium.jpg,144815,Black-capped Chickadee,data/new_raw/images/57ff609b-6b63-488d-bb78-0d25fbeb166a.jpg
be95f079-18d1-43c7-ad93-0435212194ad,https://static.inaturalist.org/photos/25964139/medium.jpeg,6930,Mallard,data/new_raw/images/be95f079-18d1-43c7-ad93-0435212194ad.jpg
fbfa9d25-b9ec-4ab8-9bb4-7618ac3fb4fa,https://static.inaturalist.org/photos/25965445/medium.jpeg,7089,Canada Goose,data/new_raw/images/fbfa9d25-b9ec-4ab8-9bb4-7618ac3fb4fa.jpg
e52ad524-e11f-4fff-9b23-a617d9f61213,https://inaturalist-open-data.s3.amazonaws.com/photos/25969360/medium.jpg,14850,European Starling,data/new_raw/images/e52ad524-e11f-4fff-9b23-a617d9f61213.jpg
6de37e9a-9694-4145-8b93-44b7539d6e9d,https://static.inaturalist.org/photos/26587881/medium.jpg,118552,Domestic Cat,data/new_raw/images/6de37e9a-9694-4145-8b93-44b7539d6e9d.jpg
61255f0a-070c-4b3b-bee0-91a0874a2705,https://inaturalist-open-data.s3.amazonaws.com/photos/25977573/medium.jpeg,145310,American Goldfinch,data/new_raw/images/61255f0a-070c-4b3b-bee0-91a0874a2705.jpg
d6fb9e83-0506-4ea1-92fc-8e4b87422e17,https://inaturalist-open-data.s3.amazonaws.com/photos/25980058/medium.jpeg,12727,American Robin,data/new_raw/images/d6fb9e83-0506-4ea1-92fc-8e4b87422e17.jpg
253622c6-f35b-4287-b2f4-1b3d99046318,https://inaturalist-open-data.s3.amazonaws.com/photos/25980062/medium.jpeg,505478,Domestic Chicken,data/new_raw/images/253622c6-f35b-4287-b2f4-1b3d99046318.jpg
2a5b67f4-be6e-428b-b0f4-ecdbde6a5053,https://static.inaturalist.org/photos/25987403/medium.jpg,46017,Eastern Gray Squirrel,data/new_raw/images/2a5b67f4-be6e-428b-b0f4-ecdbde6a5053.jpg
dd48850d-3e74-4131-9684-e84f86f8946c,https://inaturalist-open-data.s3.amazonaws.com/photos/26049868/medium.jpg,41663,Common Raccoon,data/new_raw/images/dd48850d-3e74-4131-9684-e84f86f8946c.jpg
9174f7f5-9da6-40f5-b5c4-0b9ba860e3ae,https://static.inaturalist.org/photos/25999752/medium.jpg,6930,Mallard,data/new_raw/images/9174f7f5-9da6-40f5-b5c4-0b9ba860e3ae.jpg
da07f76e-1e1a-46fa-917d-72e5c16ab925,https://static.inaturalist.org/photos/26000315/medium.jpg,6930,Mallard,data/new_raw/images/da07f76e-1e1a-46fa-917d-72e5c16ab925.jpg
0ec89142-1e77-4f44-ab57-2be4a0f019c4,https://inaturalist-open-data.s3.amazonaws.com/photos/26005222/medium.jpeg,979756,Tennessee Warbler,data/new_raw/images/0ec89142-1e77-4f44-ab57-2be4a0f019c4.jpg
ff087bb4-00d5-469c-86c8-d3dd9221f343,https://static.inaturalist.org/photos/26010959/medium.jpg,145310,American Goldfinch,data/new_raw/images/ff087bb4-00d5-469c-86c8-d3dd9221f343.jpg
50037c4c-d187-42bc-acb7-3d38a0d7ddef,https://inaturalist-open-data.s3.amazonaws.com/photos/26065442/medium.jpeg,145310,American Goldfinch,data/new_raw/images/50037c4c-d187-42bc-acb7-3d38a0d7ddef.jpg
491f9207-c052-4120-a603-258a38e5533b,https://static.inaturalist.org/photos/26018460/medium.jpg,41663,Common Raccoon,data/new_raw/images/491f9207-c052-4120-a603-258a38e5533b.jpg
517847dd-4ca6-48f6-978c-50d13c5ff837,https://inaturalist-open-data.s3.amazonaws.com/photos/26031004/medium.jpeg,8229,Blue Jay,data/new_raw/images/517847dd-4ca6-48f6-978c-50d13c5ff837.jpg
81a6ae67-085b-42d3-b4a5-ed144dbef52c,https://inaturalist-open-data.s3.amazonaws.com/photos/26031011/medium.jpeg,12727,American Robin,data/new_raw/images/81a6ae67-085b-42d3-b4a5-ed144dbef52c.jpg
e23d2c77-58f4-4e3c-8414-a649ec9fbc69,https://inaturalist-open-data.s3.amazonaws.com/photos/26031023/medium.jpeg,1579017,Cooper's Hawk,data/new_raw/images/e23d2c77-58f4-4e3c-8414-a649ec9fbc69.jpg
c3612343-038b-4876-aace-bd16487824cb,https://inaturalist-open-data.s3.amazonaws.com/photos/26034803/medium.jpeg,145245,Yellow-rumped Warbler,data/new_raw/images/c3612343-038b-4876-aace-bd16487824cb.jpg
1f395a9c-aed3-44f7-b582-8585010ec121,https://inaturalist-open-data.s3.amazonaws.com/photos/26034884/medium.jpeg,9184,White-throated Sparrow,data/new_raw/images/1f395a9c-aed3-44f7-b582-8585010ec121.jpg
3a41e034-8281-4117-85eb-2801fd8f14a3,https://inaturalist-open-data.s3.amazonaws.com/photos/26034989/medium.jpeg,117100,Golden-crowned Kinglet,data/new_raw/images/3a41e034-8281-4117-85eb-2801fd8f14a3.jpg
60ec69bb-acfd-4d9c-8bcc-e192ed740003,https://inaturalist-open-data.s3.amazonaws.com/photos/26035020/medium.jpeg,145235,Magnolia Warbler,data/new_raw/images/60ec69bb-acfd-4d9c-8bcc-e192ed740003.jpg
e19c40f0-8bd1-4b07-b29a-21d2c266e57e,https://inaturalist-open-data.s3.amazonaws.com/photos/26035115/medium.jpeg,145242,Palm Warbler,data/new_raw/images/e19c40f0-8bd1-4b07-b29a-21d2c266e57e.jpg
abbe0f59-8b0c-4c5a-84bf-16c29c716a92,https://inaturalist-open-data.s3.amazonaws.com/photos/26035144/medium.jpeg,43111,Eastern Cottontail,data/new_raw/images/abbe0f59-8b0c-4c5a-84bf-16c29c716a92.jpg
2928c45d-476d-476b-8bb7-e6972f842108,https://inaturalist-open-data.s3.amazonaws.com/photos/26035157/medium.jpeg,16100,Eastern Wood-Pewee,data/new_raw/images/2928c45d-476d-476b-8bb7-e6972f842108.jpg
e0a3b377-c765-4f37-b1fc-2f27966a6930,https://inaturalist-open-data.s3.amazonaws.com/photos/26035196/medium.jpeg,12883,Gray-cheeked Thrush,data/new_raw/images/e0a3b377-c765-4f37-b1fc-2f27966a6930.jpg
e2f37505-151b-48cc-9cc5-31baf7b8778b,https://inaturalist-open-data.s3.amazonaws.com/photos/26035239/medium.jpeg,9721,Common Yellowthroat,data/new_raw/images/e2f37505-151b-48cc-9cc5-31baf7b8778b.jpg
0b236bc8-d2c6-40a0-8e56-4b9e815eb02c,https://inaturalist-open-data.s3.amazonaws.com/photos/26035274/medium.jpeg,144883,Winter Wren,data/new_raw/images/0b236bc8-d2c6-40a0-8e56-4b9e815eb02c.jpg
ef02e565-3314-4c53-8298-3b777cba4b0a,https://inaturalist-open-data.s3.amazonaws.com/photos/26035440/medium.jpeg,12878,Swainson's Thrush,data/new_raw/images/ef02e565-3314-4c53-8298-3b777cba4b0a.jpg
7f99d872-b60e-4568-89f8-be217ac1ac33,https://static.inaturalist.org/photos/26045232/medium.jpg,7089,Canada Goose,data/new_raw/images/7f99d872-b60e-4568-89f8-be217ac1ac33.jpg
6029440a-0f09-40ba-a1ba-121d006a1f64,https://inaturalist-open-data.s3.amazonaws.com/photos/26049644/medium.jpg,43584,Human,data/new_raw/images/6029440a-0f09-40ba-a1ba-121d006a1f64.jpg
2aca0d97-4a73-4d69-960c-8ccb859977ea,https://inaturalist-open-data.s3.amazonaws.com/photos/26051076/medium.jpg,145245,Yellow-rumped Warbler,data/new_raw/images/2aca0d97-4a73-4d69-960c-8ccb859977ea.jpg
b74cb001-9f34-4ae0-88d4-f051299139cb,https://inaturalist-open-data.s3.amazonaws.com/photos/26052239/medium.jpg,42043,Canids,data/new_raw/images/b74cb001-9f34-4ae0-88d4-f051299139cb.jpg
3407cde3-41af-4d09-b46e-82278cbfd636,https://inaturalist-open-data.s3.amazonaws.com/photos/26052770/medium.jpg,46017,Eastern Gray Squirrel,data/new_raw/images/3407cde3-41af-4d09-b46e-82278cbfd636.jpg
67982691-3f3c-4b48-94c5-6d9276808189,https://inaturalist-open-data.s3.amazonaws.com/photos/26053286/medium.jpeg,144815,Black-capped Chickadee,data/new_raw/images/67982691-3f3c-4b48-94c5-6d9276808189.jpg
754f3f84-5af1-4ed3-85f4-e13a77c7e3cc,https://static.inaturalist.org/photos/26053552/medium.jpg,43584,Human,data/new_raw/images/754f3f84-5af1-4ed3-85f4-e13a77c7e3cc.jpg
65050713-bc2e-42da-9966-a97807a267ac,https://static.inaturalist.org/photos/26056199/medium.jpeg,46017,Eastern Gray Squirrel,data/new_raw/images/65050713-bc2e-42da-9966-a97807a267ac.jpg
e33b46ea-42ad-4e94-b4a2-e7e07aea2f86,https://inaturalist-open-data.s3.amazonaws.com/photos/26056533/medium.jpg,7251,Perching Birds,data/new_raw/images/e33b46ea-42ad-4e94-b4a2-e7e07aea2f86.jpg
221e199b-8d18-4ac7-a504-f2b705027ad1,https://inaturalist-open-data.s3.amazonaws.com/photos/26056580/medium.jpg,43584,Human,data/new_raw/images/221e199b-8d18-4ac7-a504-f2b705027ad1.jpg
d3cfe7a2-dcaf-401b-861f-195eb7a68fde,https://static.inaturalist.org/photos/26082542/medium.jpg,12878,Swainson's Thrush,data/new_raw/images/d3cfe7a2-dcaf-401b-861f-195eb7a68fde.jpg
c3062225-c4a3-49fe-bd21-02d2ad9d09ba,https://inaturalist-open-data.s3.amazonaws.com/photos/26085817/medium.jpeg,494355,Eastern Red-tailed Hawk,data/new_raw/images/c3062225-c4a3-49fe-bd21-02d2ad9d09ba.jpg
e2ffff6a-0ff5-4b89-add3-c2309c0497e2,https://static.inaturalist.org/photos/26092644/medium.jpg,41663,Common Raccoon,data/new_raw/images/e2ffff6a-0ff5-4b89-add3-c2309c0497e2.jpg
5439a144-5769-4ddd-b59e-bf888d3f018b,https://inaturalist-open-data.s3.amazonaws.com/photos/26103350/medium.jpeg,13858,House Sparrow,data/new_raw/images/5439a144-5769-4ddd-b59e-bf888d3f018b.jpg
019d3382-a85e-46d2-9c85-23febe526b41,https://static.inaturalist.org/photos/26118441/medium.jpg,46017,Eastern Gray Squirrel,data/new_raw/images/019d3382-a85e-46d2-9c85-23febe526b41.jpg
620d2933-6cba-4975-9c89-02d8c89607a9,https://static.inaturalist.org/photos/26118506/medium.jpeg,46017,Eastern Gray Squirrel,data/new_raw/images/620d2933-6cba-4975-9c89-02d8c89607a9.jpg
1bf70284-bbb1-4df2-9e08-d49443faa7f5,https://inaturalist-open-data.s3.amazonaws.com/photos/26118532/medium.jpeg,7089,Canada Goose,data/new_raw/images/1bf70284-bbb1-4df2-9e08-d49443faa7f5.jpg
3dabcad0-9954-4e21-b202-e20f1fd1bb47,https://static.inaturalist.org/photos/26119627/medium.jpeg,7089,Canada Goose,data/new_raw/images/3dabcad0-9954-4e21-b202-e20f1fd1bb47.jpg
f90346d1-1054-4335-9c17-55d6681d838e,https://static.inaturalist.org/photos/26121275/medium.jpg,46017,Eastern Gray Squirrel,data/new_raw/images/f90346d1-1054-4335-9c17-55d6681d838e.jpg
0f8851b0-fb83-42e6-95be-21aa6ad49dc1,https://static.inaturalist.org/photos/26123028/medium.jpg,46017,Eastern Gray Squirrel,data/new_raw/images/0f8851b0-fb83-42e6-95be-21aa6ad49dc1.jpg
c6baac9f-5691-4084-8503-a36e99a2d337,https://static.inaturalist.org/photos/26124875/medium.jpg,118552,Domestic Cat,data/new_raw/images/c6baac9f-5691-4084-8503-a36e99a2d337.jpg
f2746d92-1379-4d6a-ae79-b1b1d29fd7b0,https://static.inaturalist.org/photos/26127159/medium.jpg,17008,Eastern Phoebe,data/new_raw/images/f2746d92-1379-4d6a-ae79-b1b1d29fd7b0.jpg
1fcf2cdb-48f9-490b-987a-baed93aae7fd,https://static.inaturalist.org/photos/26127368/medium.jpg,3892,Greater Yellowlegs,data/new_raw/images/1fcf2cdb-48f9-490b-987a-baed93aae7fd.jpg
b61dad7d-e2f2-48a6-9c7d-f264cb0fb6b6,https://inaturalist-open-data.s3.amazonaws.com/photos/26129082/medium.jpg,18463,Yellow-bellied Sapsucker,data/new_raw/images/b61dad7d-e2f2-48a6-9c7d-f264cb0fb6b6.jpg
51eeade2-595e-49e6-bacf-8685574736ce,https://static.inaturalist.org/photos/26152788/medium.jpeg,46017,Eastern Gray Squirrel,data/new_raw/images/51eeade2-595e-49e6-bacf-8685574736ce.jpg
93aa8721-6880-4c9d-b2f3-4e4d11fe56c4,https://static.inaturalist.org/photos/26160656/medium.jpg,3454,Mourning Dove,data/new_raw/images/93aa8721-6880-4c9d-b2f3-4e4d11fe56c4.jpg
27ca1160-0ad4-4da2-a14d-75313063a1c4,https://static.inaturalist.org/photos/26160709/medium.jpg,980017,Tyrant Flycatchers,data/new_raw/images/27ca1160-0ad4-4da2-a14d-75313063a1c4.jpg
e96dc1a7-02e6-4d58-8a10-459a9f9b768a,https://static.inaturalist.org/photos/26160907/medium.jpg,10094,Dark-eyed Junco,data/new_raw/images/e96dc1a7-02e6-4d58-8a10-459a9f9b768a.jpg
ba576ca1-31f8-4e41-9d4a-8cf7f6ee9c3d,https://static.inaturalist.org/photos/26172186/medium.jpg,9184,White-throated Sparrow,data/new_raw/images/ba576ca1-31f8-4e41-9d4a-8cf7f6ee9c3d.jpg
6dd80185-e59a-4296-b6b4-40de72434a12,https://static.inaturalist.org/photos/26172266/medium.jpg,12890,Hermit Thrush,data/new_raw/images/6dd80185-e59a-4296-b6b4-40de72434a12.jpg
6bfa48cf-cd83-42f9-9162-f07d6dd126dc,https://inaturalist-open-data.s3.amazonaws.com/photos/26173305/medium.jpeg,199916,Black-throated Blue Warbler,data/new_raw/images/6bfa48cf-cd83-42f9-9162-f07d6dd126dc.jpg
02086161-5366-41b9-a18f-d4ca5f98107b,https://inaturalist-open-data.s3.amazonaws.com/photos/26173439/medium.jpeg,5212,Red-tailed Hawk,data/new_raw/images/02086161-5366-41b9-a18f-d4ca5f98107b.jpg
a5571197-c50f-4fb7-9acc-7a6f8645012a,https://inaturalist-open-data.s3.amazonaws.com/photos/26173627/medium.jpeg,7458,Brown Creeper,data/new_raw/images/a5571197-c50f-4fb7-9acc-7a6f8645012a.jpg
f3b5e88b-94ce-4799-95e6-8e0c6cd48e9f,https://inaturalist-open-data.s3.amazonaws.com/photos/26174088/medium.jpeg,979753,Nashville Warbler,data/new_raw/images/f3b5e88b-94ce-4799-95e6-8e0c6cd48e9f.jpg
6dab96b9-ddc9-47ca-97b4-80dcb90429b8,https://inaturalist-open-data.s3.amazonaws.com/photos/26174520/medium.jpeg,16100,Eastern Wood-Pewee,data/new_raw/images/6dab96b9-ddc9-47ca-97b4-80dcb90429b8.jpg
031b6384-f4ea-4bb2-8212-815262556bfd,https://inaturalist-open-data.s3.amazonaws.com/photos/26174728/medium.jpeg,9721,Common Yellowthroat,data/new_raw/images/031b6384-f4ea-4bb2-8212-815262556bfd.jpg
d82d29a2-c40a-4840-b9e4-48c35fdcc328,https://inaturalist-open-data.s3.amazonaws.com/photos/26175065/medium.jpeg,9100,Song Sparrow,data/new_raw/images/d82d29a2-c40a-4840-b9e4-48c35fdcc328.jpg
a9240436-85d4-4b10-ae42-f73b607ae076,https://inaturalist-open-data.s3.amazonaws.com/photos/26175837/medium.jpeg,145310,American Goldfinch,data/new_raw/images/a9240436-85d4-4b10-ae42-f73b607ae076.jpg
335126c6-bb73-4d93-9e06-fd293d196d6f,https://inaturalist-open-data.s3.amazonaws.com/photos/26176119/medium.jpeg,17008,Eastern Phoebe,data/new_raw/images/335126c6-bb73-4d93-9e06-fd293d196d6f.jpg
f6ee655f-ed9c-4b0f-8c86-788624d142fd,https://inaturalist-open-data.s3.amazonaws.com/photos/26176893/medium.jpeg,9148,Clay-colored Sparrow,data/new_raw/images/f6ee655f-ed9c-4b0f-8c86-788624d142fd.jpg
ed24e0ec-5b20-4ad4-a060-8765e26d4794,https://inaturalist-open-data.s3.amazonaws.com/photos/26177156/medium.jpeg,12890,Hermit Thrush,data/new_raw/images/ed24e0ec-5b20-4ad4-a060-8765e26d4794.jpg
77088607-c4f3-484f-8b48-17ee354e8a91,https://inaturalist-open-data.s3.amazonaws.com/photos/26177548/medium.jpeg,9100,Song Sparrow,data/new_raw/images/77088607-c4f3-484f-8b48-17ee354e8a91.jpg
16a98485-8279-4af1-b94d-1395b0a13e1d,https://inaturalist-open-data.s3.amazonaws.com/photos/26177650/medium.jpeg,9721,Common Yellowthroat,data/new_raw/images/16a98485-8279-4af1-b94d-1395b0a13e1d.jpg
186c5e51-35d2-42ec-bacd-24676aeee132,https://inaturalist-open-data.s3.amazonaws.com/photos/26177838/medium.jpeg,9721,Common Yellowthroat,data/new_raw/images/186c5e51-35d2-42ec-bacd-24676aeee132.jpg
28e6f432-1f72-4fd8-9ec0-808969cdbe25,https://inaturalist-open-data.s3.amazonaws.com/photos/26178006/medium.jpeg,9135,Chipping Sparrow,data/new_raw/images/28e6f432-1f72-4fd8-9ec0-808969cdbe25.jpg
7c1e3445-471a-4851-a4ee-e9b7630d3901,https://inaturalist-open-data.s3.amazonaws.com/photos/26178403/medium.jpeg,17402,Blue-headed Vireo,data/new_raw/images/7c1e3445-471a-4851-a4ee-e9b7630d3901.jpg
9002098f-199b-42d4-bd36-4bc2fef3958e,https://inaturalist-open-data.s3.amazonaws.com/photos/26178981/medium.jpeg,14850,European Starling,data/new_raw/images/9002098f-199b-42d4-bd36-4bc2fef3958e.jpg
d77623e3-7181-49c3-b4fa-24b315a6cd46,https://inaturalist-open-data.s3.amazonaws.com/photos/26179232/medium.jpeg,9083,Northern Cardinal,data/new_raw/images/d77623e3-7181-49c3-b4fa-24b315a6cd46.jpg
b5b26823-37a1-4ade-8ef0-fb625515b50a,https://inaturalist-open-data.s3.amazonaws.com/photos/26179246/medium.jpeg,9184,White-throated Sparrow,data/new_raw/images/b5b26823-37a1-4ade-8ef0-fb625515b50a.jpg
a19f63d1-b147-4817-9cb4-25f6e556cd20,https://inaturalist-open-data.s3.amazonaws.com/photos/26195934/medium.jpg,9092,Lincoln's Sparrow,data/new_raw/images/a19f63d1-b147-4817-9cb4-25f6e556cd20.jpg
1ed6010e-52f0-465b-aa16-cb04697c2c3d,https://inaturalist-open-data.s3.amazonaws.com/photos/26196125/medium.jpg,979753,Nashville Warbler,data/new_raw/images/1ed6010e-52f0-465b-aa16-cb04697c2c3d.jpg
5596ce43-29f1-42c7-b685-a433a02316e4,https://inaturalist-open-data.s3.amazonaws.com/photos/26198348/medium.jpg,12878,Swainson's Thrush,data/new_raw/images/5596ce43-29f1-42c7-b685-a433a02316e4.jpg
5dcdb437-fcc3-42f0-84ca-3f3e2a758a0e,https://inaturalist-open-data.s3.amazonaws.com/photos/26198520/medium.jpg,73149,Northern Waterthrush,data/new_raw/images/5dcdb437-fcc3-42f0-84ca-3f3e2a758a0e.jpg
4b6fac12-294e-4d58-81fe-ba6198fada60,https://static.inaturalist.org/photos/26208416/medium.jpg,12727,American Robin,data/new_raw/images/4b6fac12-294e-4d58-81fe-ba6198fada60.jpg
f765d6a6-2a94-4525-a814-ed234a07eb25,https://static.inaturalist.org/photos/26220690/medium.jpeg,13858,House Sparrow,data/new_raw/images/f765d6a6-2a94-4525-a814-ed234a07eb25.jpg
c0ed4065-c839-49db-98c2-2d087ba7a78d,https://static.inaturalist.org/photos/26248568/medium.jpeg,122767,Feral Pigeon,data/new_raw/images/c0ed4065-c839-49db-98c2-2d087ba7a78d.jpg
ac679cd3-8f1b-4651-86ab-3adc63506faf,https://static.inaturalist.org/photos/26225760/medium.jpg,46017,Eastern Gray Squirrel,data/new_raw/images/ac679cd3-8f1b-4651-86ab-3adc63506faf.jpg
064ed595-35e7-4875-a7dc-79e9f4344117,https://static.inaturalist.org/photos/26225825/medium.jpg,3,Birds,data/new_raw/images/064ed595-35e7-4875-a7dc-79e9f4344117.jpg
1ac8b28b-42a8-4d87-8eb9-b3d2bff6652b,https://static.inaturalist.org/photos/26225879/medium.jpg,12727,American Robin,data/new_raw/images/1ac8b28b-42a8-4d87-8eb9-b3d2bff6652b.jpg
bfa21c8f-6ad4-4bd3-bf95-e567278bf1de,https://static.inaturalist.org/photos/26226023/medium.jpg,12727,American Robin,data/new_raw/images/bfa21c8f-6ad4-4bd3-bf95-e567278bf1de.jpg
13f29673-deb9-43b8-b142-9a6587bb35e6,https://static.inaturalist.org/photos/26231329/medium.jpg,559248,New World Sparrows,data/new_raw/images/13f29673-deb9-43b8-b142-9a6587bb35e6.jpg
58220893-6b04-444b-83b9-00dd87d1beee,https://static.inaturalist.org/photos/26234320/medium.jpg,46017,Eastern Gray Squirrel,data/new_raw/images/58220893-6b04-444b-83b9-00dd87d1beee.jpg
79f58aa8-3f57-4e12-adba-93ceccbe4521,https://static.inaturalist.org/photos/26234352/medium.jpg,118552,Domestic Cat,data/new_raw/images/79f58aa8-3f57-4e12-adba-93ceccbe4521.jpg
efc317bd-837e-4999-ade6-60315c86c5ba,https://static.inaturalist.org/photos/26234407/medium.jpg,12727,American Robin,data/new_raw/images/efc317bd-837e-4999-ade6-60315c86c5ba.jpg
699680a4-ba81-40fe-b664-c3bc648fd2af,https://static.inaturalist.org/photos/26242862/medium.jpeg,46017,Eastern Gray Squirrel,data/new_raw/images/699680a4-ba81-40fe-b664-c3bc648fd2af.jpg
f2f5584e-2bf3-4dca-80c4-2a8b02264fc7,https://static.inaturalist.org/photos/26244076/medium.jpg,46017,Eastern Gray Squirrel,data/new_raw/images/f2f5584e-2bf3-4dca-80c4-2a8b02264fc7.jpg
65be5192-4217-4683-9633-00c46a881001,https://static.inaturalist.org/photos/26244238/medium.jpg,199840,House Finch,data/new_raw/images/65be5192-4217-4683-9633-00c46a881001.jpg
afcdb963-a732-40fd-be5e-71def879ae38,https://static.inaturalist.org/photos/26246477/medium.jpg,1454382,Double-crested Cormorant,data/new_raw/images/afcdb963-a732-40fd-be5e-71def879ae38.jpg
5d912ac9-5ffb-49e9-a096-dc19e3382552,https://static.inaturalist.org/photos/26247806/medium.jpg,7089,Canada Goose,data/new_raw/images/5d912ac9-5ffb-49e9-a096-dc19e3382552.jpg
fb7afe03-2e8f-4e44-b164-071f7c1316f2,https://static.inaturalist.org/photos/26259892/medium.jpeg,42043,Canids,data/new_raw/images/fb7afe03-2e8f-4e44-b164-071f7c1316f2.jpg
915f426e-1bf4-4a57-9437-5e2b6911c101,https://inaturalist-open-data.s3.amazonaws.com/photos/26264662/medium.jpg,1454382,Double-crested Cormorant,data/new_raw/images/915f426e-1bf4-4a57-9437-5e2b6911c101.jpg
5a144ad5-3a98-489a-8504-909cf5cd8d1f,https://inaturalist-open-data.s3.amazonaws.com/photos/26264685/medium.jpg,145310,American Goldfinch,data/new_raw/images/5a144ad5-3a98-489a-8504-909cf5cd8d1f.jpg
802d08a6-6252-47b4-9d29-20cda20bea7d,https://inaturalist-open-data.s3.amazonaws.com/photos/26264785/medium.jpg,42223,White-tailed Deer,data/new_raw/images/802d08a6-6252-47b4-9d29-20cda20bea7d.jpg
a9289a56-7fc4-457f-86d0-1082ea9e7bdc,https://static.inaturalist.org/photos/26275326/medium.jpg,4981,Black-crowned Night Heron,data/new_raw/images/a9289a56-7fc4-457f-86d0-1082ea9e7bdc.jpg
926e9f3f-c0af-4909-8416-a062502b052b,https://static.inaturalist.org/photos/26275538/medium.jpg,43111,Eastern Cottontail,data/new_raw/images/926e9f3f-c0af-4909-8416-a062502b052b.jpg
7c75321b-ba4e-4fba-b9ee-bbf0d6d669af,https://static.inaturalist.org/photos/26290807/medium.jpeg,46017,Eastern Gray Squirrel,data/new_raw/images/7c75321b-ba4e-4fba-b9ee-bbf0d6d669af.jpg
1b7b787e-9f33-406b-baf4-3e84f29eeb4d,https://static.inaturalist.org/photos/26291447/medium.jpeg,13858,House Sparrow,data/new_raw/images/1b7b787e-9f33-406b-baf4-3e84f29eeb4d.jpg
0a4cf453-bf70-4112-8db3-625f3a85e506,https://inaturalist-open-data.s3.amazonaws.com/photos/26297360/medium.jpg,42223,White-tailed Deer,data/new_raw/images/0a4cf453-bf70-4112-8db3-625f3a85e506.jpg
c204deb3-ff29-49a4-9c3b-653fed5b024b,https://static.inaturalist.org/photos/26299674/medium.jpg,46017,Eastern Gray Squirrel,data/new_raw/images/c204deb3-ff29-49a4-9c3b-653fed5b024b.jpg
bca45bd8-fcb7-4124-800b-59ef7dfacdfe,https://static.inaturalist.org/photos/26306964/medium.jpg,46017,Eastern Gray Squirrel,data/new_raw/images/bca45bd8-fcb7-4124-800b-59ef7dfacdfe.jpg
127f667e-4c17-4b78-99d9-f1f9a4e57cf3,https://static.inaturalist.org/photos/26310270/medium.jpg,46017,Eastern Gray Squirrel,data/new_raw/images/127f667e-4c17-4b78-99d9-f1f9a4e57cf3.jpg
1357bec9-f563-4887-97a8-d7fa5fa2d058,https://static.inaturalist.org/photos/26310605/medium.jpg,46017,Eastern Gray Squirrel,data/new_raw/images/1357bec9-f563-4887-97a8-d7fa5fa2d058.jpg
84044c60-bf38-4de0-894a-caddc70d967e,https://static.inaturalist.org/photos/26310783/medium.jpg,505478,Domestic Chicken,data/new_raw/images/84044c60-bf38-4de0-894a-caddc70d967e.jpg
1b553923-1b76-4981-8d4a-f528b281b147,https://inaturalist-open-data.s3.amazonaws.com/photos/26312225/medium.jpeg,9100,Song Sparrow,data/new_raw/images/1b553923-1b76-4981-8d4a-f528b281b147.jpg
5cf2ae50-d2fe-4e81-82e3-2698f46ee4f5,https://inaturalist-open-data.s3.amazonaws.com/photos/26312519/medium.jpeg,145242,Palm Warbler,data/new_raw/images/5cf2ae50-d2fe-4e81-82e3-2698f46ee4f5.jpg
d4e98993-1aae-4955-bc3d-c2b388a75006,https://inaturalist-open-data.s3.amazonaws.com/photos/26312586/medium.jpeg,145310,American Goldfinch,data/new_raw/images/d4e98993-1aae-4955-bc3d-c2b388a75006.jpg
e1a1ca2b-3a9e-4341-86df-66f3c209ed13,https://inaturalist-open-data.s3.amazonaws.com/photos/26312678/medium.jpeg,1454382,Double-crested Cormorant,data/new_raw/images/e1a1ca2b-3a9e-4341-86df-66f3c209ed13.jpg
59dab29c-ff41-43ad-818c-37d5e6439b7d,https://static.inaturalist.org/photos/26314269/medium.jpg,46017,Eastern Gray Squirrel,data/new_raw/images/59dab29c-ff41-43ad-818c-37d5e6439b7d.jpg
38acd4e8-abc1-4a53-8440-6a3f493f5f9c,https://static.inaturalist.org/photos/26314289/medium.jpg,13858,House Sparrow,data/new_raw/images/38acd4e8-abc1-4a53-8440-6a3f493f5f9c.jpg
2bff1021-d147-49e6-a28a-ddf6c8bfad2f,https://static.inaturalist.org/photos/26316384/medium.jpg,46017,Eastern Gray Squirrel,data/new_raw/images/2bff1021-d147-49e6-a28a-ddf6c8bfad2f.jpg
fc20d3cc-d122-4620-a1e8-94b13cc3f9da,https://static.inaturalist.org/photos/26322727/medium.jpg,4956,Great Blue Heron,data/new_raw/images/fc20d3cc-d122-4620-a1e8-94b13cc3f9da.jpg
64f36443-4863-42e9-84af-e5135047c64b,https://static.inaturalist.org/photos/26328180/medium.jpeg,8229,Blue Jay,data/new_raw/images/64f36443-4863-42e9-84af-e5135047c64b.jpg
d1abea6b-a095-4b9a-a0da-2847d3a06f00,https://static.inaturalist.org/photos/26338063/medium.jpeg,46017,Eastern Gray Squirrel,data/new_raw/images/d1abea6b-a095-4b9a-a0da-2847d3a06f00.jpg
16d2f0a3-9f17-4322-83a4-0abb30e42e22,https://inaturalist-open-data.s3.amazonaws.com/photos/26340390/medium.jpeg,12727,American Robin,data/new_raw/images/16d2f0a3-9f17-4322-83a4-0abb30e42e22.jpg
307f00aa-a95b-4184-9a30-073296610230,https://inaturalist-open-data.s3.amazonaws.com/photos/26346898/medium.jpg,9184,White-throated Sparrow,data/new_raw/images/307f00aa-a95b-4184-9a30-073296610230.jpg
c0eecca9-24dc-4e84-9812-08f8fe018c4a,https://static.inaturalist.org/photos/26348176/medium.jpg,792988,Downy Woodpecker,data/new_raw/images/c0eecca9-24dc-4e84-9812-08f8fe018c4a.jpg
a9ccfd68-47f6-4955-86f5-aee856fbadff,https://static.inaturalist.org/photos/26363670/medium.jpg,46017,Eastern Gray Squirrel,data/new_raw/images/a9ccfd68-47f6-4955-86f5-aee856fbadff.jpg
fb80e162-c921-4ad6-90aa-60829beda115,https://static.inaturalist.org/photos/26364599/medium.jpg,46017,Eastern Gray Squirrel,data/new_raw/images/fb80e162-c921-4ad6-90aa-60829beda115.jpg
24d35430-ecee-4458-93d6-1d50cb288d6a,https://inaturalist-open-data.s3.amazonaws.com/photos/26391255/medium.jpg,10094,Dark-eyed Junco,data/new_raw/images/24d35430-ecee-4458-93d6-1d50cb288d6a.jpg
061d46b9-5e42-40eb-8ab2-00da4dbc5a3f,https://inaturalist-open-data.s3.amazonaws.com/photos/42506732/medium.jpg,199916,Black-throated Blue Warbler,data/new_raw/images/061d46b9-5e42-40eb-8ab2-00da4dbc5a3f.jpg
73e4ae76-bda2-469d-9f85-eabc378c8768,https://inaturalist-open-data.s3.amazonaws.com/photos/26394989/medium.jpeg,145275,Canada Warbler,data/new_raw/images/73e4ae76-bda2-469d-9f85-eabc378c8768.jpg
3f6dfd2d-fed1-4f57-8459-0174ed06c5e2,https://static.inaturalist.org/photos/26397445/medium.jpg,46017,Eastern Gray Squirrel,data/new_raw/images/3f6dfd2d-fed1-4f57-8459-0174ed06c5e2.jpg
0a11b9c6-cb55-4530-8ac3-5326e1df069a,https://static.inaturalist.org/photos/26398467/medium.jpg,2548,Belted Kingfisher,data/new_raw/images/0a11b9c6-cb55-4530-8ac3-5326e1df069a.jpg
6e628712-36fb-4118-a10c-c3227f4e5bfe,https://static.inaturalist.org/photos/26414844/medium.jpg,46017,Eastern Gray Squirrel,data/new_raw/images/6e628712-36fb-4118-a10c-c3227f4e5bfe.jpg
33c49897-1a05-4ca2-b515-880a16a5b4a6,https://static.inaturalist.org/photos/26418507/medium.jpeg,46017,Eastern Gray Squirrel,data/new_raw/images/33c49897-1a05-4ca2-b515-880a16a5b4a6.jpg
b02ac81b-1496-434b-bc64-6e5c2002954e,https://static.inaturalist.org/photos/26426590/medium.jpg,43095,Hares and Rabbits,data/new_raw/images/b02ac81b-1496-434b-bc64-6e5c2002954e.jpg
227d6421-3d08-46e3-8a16-da9ff9a4aa02,https://inaturalist-open-data.s3.amazonaws.com/photos/26428576/medium.jpeg,1579017,Cooper's Hawk,data/new_raw/images/227d6421-3d08-46e3-8a16-da9ff9a4aa02.jpg
1bb55826-94f9-49df-8346-1e8b05887eb4,https://inaturalist-open-data.s3.amazonaws.com/photos/26431422/medium.jpeg,144883,Winter Wren,data/new_raw/images/1bb55826-94f9-49df-8346-1e8b05887eb4.jpg
7b958664-13ae-4da4-8054-c73ace191574,https://inaturalist-open-data.s3.amazonaws.com/photos/26431426/medium.jpeg,9100,Song Sparrow,data/new_raw/images/7b958664-13ae-4da4-8054-c73ace191574.jpg
c42cb970-d350-4d53-809c-2699359c5d2e,https://inaturalist-open-data.s3.amazonaws.com/photos/26431431/medium.jpeg,17008,Eastern Phoebe,data/new_raw/images/c42cb970-d350-4d53-809c-2699359c5d2e.jpg
861171bc-2231-4453-9341-19c467e18457,https://inaturalist-open-data.s3.amazonaws.com/photos/26431434/medium.jpeg,12727,American Robin,data/new_raw/images/861171bc-2231-4453-9341-19c467e18457.jpg
308e8402-45f7-4f13-bb3b-b0dd179c9833,https://static.inaturalist.org/photos/26441697/medium.jpg,42652,Virginia Opossum,data/new_raw/images/308e8402-45f7-4f13-bb3b-b0dd179c9833.jpg
82539bea-f98b-4525-94b8-1705835bf4b6,https://inaturalist-open-data.s3.amazonaws.com/photos/26442081/medium.jpeg,132704,Myrtle Warbler,data/new_raw/images/82539bea-f98b-4525-94b8-1705835bf4b6.jpg
8abecc0e-2d89-4d15-b473-379a67832afb,https://inaturalist-open-data.s3.amazonaws.com/photos/26442150/medium.jpeg,145238,Yellow Warbler,data/new_raw/images/8abecc0e-2d89-4d15-b473-379a67832afb.jpg
0eee1ce2-e88a-4d79-a0cd-c9c202dae10b,https://static.inaturalist.org/photos/26443575/medium.jpg,19349,Monk Parakeet,data/new_raw/images/0eee1ce2-e88a-4d79-a0cd-c9c202dae10b.jpg
bd545e5e-b119-48a7-99f9-5e4d87b85269,https://static.inaturalist.org/photos/26443757/medium.jpeg,12727,American Robin,data/new_raw/images/bd545e5e-b119-48a7-99f9-5e4d87b85269.jpg
57ca31c9-cd75-460f-88d3-95ba2c4141df,https://static.inaturalist.org/photos/26443871/medium.jpg,46017,Eastern Gray Squirrel,data/new_raw/images/57ca31c9-cd75-460f-88d3-95ba2c4141df.jpg
ddd2c40b-fe2f-47ce-a256-132a1c612e6d,https://static.inaturalist.org/photos/26443982/medium.jpeg,71349,New World Warblers,data/new_raw/images/ddd2c40b-fe2f-47ce-a256-132a1c612e6d.jpg
3ca7791a-8f5a-44a6-a4bb-e46f9c8bdd3a,https://static.inaturalist.org/photos/26464535/medium.jpeg,46017,Eastern Gray Squirrel,data/new_raw/images/3ca7791a-8f5a-44a6-a4bb-e46f9c8bdd3a.jpg
08fbb31a-52ef-4298-bc35-6e94df774b25,https://inaturalist-open-data.s3.amazonaws.com/photos/26484812/medium.jpeg,1965,Yellow-billed Cuckoo,data/new_raw/images/08fbb31a-52ef-4298-bc35-6e94df774b25.jpg
80f20d69-6b1a-4575-8997-d82e8146b95d,https://inaturalist-open-data.s3.amazonaws.com/photos/26484813/medium.jpeg,4793,Killdeer,data/new_raw/images/80f20d69-6b1a-4575-8997-d82e8146b95d.jpg
6915c0ea-cc1a-4ab2-b74a-d4d498f0134a,https://inaturalist-open-data.s3.amazonaws.com/photos/26484818/medium.jpeg,12727,American Robin,data/new_raw/images/6915c0ea-cc1a-4ab2-b74a-d4d498f0134a.jpg
99c34cb5-3b4b-4039-96c8-5f99b2839c4a,https://inaturalist-open-data.s3.amazonaws.com/photos/26484822/medium.jpeg,132704,Myrtle Warbler,data/new_raw/images/99c34cb5-3b4b-4039-96c8-5f99b2839c4a.jpg
b1454778-83ab-45f9-a73b-dc5beb2129b7,https://inaturalist-open-data.s3.amazonaws.com/photos/26484826/medium.jpeg,238505,Western Palm Warbler,data/new_raw/images/b1454778-83ab-45f9-a73b-dc5beb2129b7.jpg
19780bb6-6b17-4f55-9326-88a83645efa2,https://inaturalist-open-data.s3.amazonaws.com/photos/26484833/medium.jpeg,12890,Hermit Thrush,data/new_raw/images/19780bb6-6b17-4f55-9326-88a83645efa2.jpg
98e02809-dcae-4c0b-9ca0-c286ff1cdab3,https://inaturalist-open-data.s3.amazonaws.com/photos/26484847/medium.jpeg,62550,Ovenbird,data/new_raw/images/98e02809-dcae-4c0b-9ca0-c286ff1cdab3.jpg
95d2f944-e331-4a0c-80a5-a51af4d4a2b8,https://inaturalist-open-data.s3.amazonaws.com/photos/26484841/medium.jpeg,9424,Eastern Towhee,data/new_raw/images/95d2f944-e331-4a0c-80a5-a51af4d4a2b8.jpg
93dda675-82d6-47b2-8e46-fe72f1dc1e94,https://inaturalist-open-data.s3.amazonaws.com/photos/26484854/medium.jpeg,13270,Wood Thrush,data/new_raw/images/93dda675-82d6-47b2-8e46-fe72f1dc1e94.jpg
8f201f2e-d5b3-4b3c-95b3-b535bed6654b,https://inaturalist-open-data.s3.amazonaws.com/photos/26484857/medium.jpeg,12890,Hermit Thrush,data/new_raw/images/8f201f2e-d5b3-4b3c-95b3-b535bed6654b.jpg
8ab4bdc8-fb0d-45d4-9217-63f24ce8eaf7,https://inaturalist-open-data.s3.amazonaws.com/photos/26484860/medium.jpeg,145236,Bay-breasted Warbler,data/new_raw/images/8ab4bdc8-fb0d-45d4-9217-63f24ce8eaf7.jpg
e696c7b6-302f-4d87-a653-2cd1786dea57,https://inaturalist-open-data.s3.amazonaws.com/photos/26484863/medium.jpeg,145235,Magnolia Warbler,data/new_raw/images/e696c7b6-302f-4d87-a653-2cd1786dea57.jpg
31e6f4f7-70d4-417a-a955-335444b130fb,https://inaturalist-open-data.s3.amazonaws.com/photos/26484867/medium.jpeg,7458,Brown Creeper,data/new_raw/images/31e6f4f7-70d4-417a-a955-335444b130fb.jpg
dc5ec927-c50a-4a7f-ae3b-3759b3d11b4c,https://inaturalist-open-data.s3.amazonaws.com/photos/26484874/medium.jpeg,9184,White-throated Sparrow,data/new_raw/images/dc5ec927-c50a-4a7f-ae3b-3759b3d11b4c.jpg
9165404d-9fb4-4f11-9340-ab89d47f6b4a,https://inaturalist-open-data.s3.amazonaws.com/photos/26484878/medium.jpeg,238505,Western Palm Warbler,data/new_raw/images/9165404d-9fb4-4f11-9340-ab89d47f6b4a.jpg
82dc8bc8-5db2-4a89-b211-eefd708fe38d,https://inaturalist-open-data.s3.amazonaws.com/photos/26484886/medium.jpeg,132764,Slate-colored Junco,data/new_raw/images/82dc8bc8-5db2-4a89-b211-eefd708fe38d.jpg
e21003a8-86a5-4cb4-b915-639cc8e004d8,https://inaturalist-open-data.s3.amazonaws.com/photos/26485635/medium.jpeg,6930,Mallard,data/new_raw/images/e21003a8-86a5-4cb4-b915-639cc8e004d8.jpg
d63019d8-f3c5-4a12-8487-a0200805ea13,https://inaturalist-open-data.s3.amazonaws.com/photos/26485639/medium.jpeg,46217,Eastern Chipmunk,data/new_raw/images/d63019d8-f3c5-4a12-8487-a0200805ea13.jpg
6807732b-a357-4cf1-b055-4652247b6abe,https://inaturalist-open-data.s3.amazonaws.com/photos/26488949/medium.jpeg,1579017,Cooper's Hawk,data/new_raw/images/6807732b-a357-4cf1-b055-4652247b6abe.jpg
490c5fc0-4ae7-4018-961e-362ba7c42f3c,https://static.inaturalist.org/photos/26494737/medium.jpg,46017,Eastern Gray Squirrel,data/new_raw/images/490c5fc0-4ae7-4018-961e-362ba7c42f3c.jpg
4662300e-68e2-438a-b8bc-f185080784c3,https://static.inaturalist.org/photos/26499596/medium.jpg,42051,Coyote,data/new_raw/images/4662300e-68e2-438a-b8bc-f185080784c3.jpg
1f644d54-5751-4151-b7da-1043c2e7a04c,https://static.inaturalist.org/photos/26506463/medium.jpg,6930,Mallard,data/new_raw/images/1f644d54-5751-4151-b7da-1043c2e7a04c.jpg
9f5f92e4-cf6e-44e1-afc2-0f5b3bce510f,https://inaturalist-open-data.s3.amazonaws.com/photos/26528824/medium.jpeg,145240,Blackpoll Warbler,data/new_raw/images/9f5f92e4-cf6e-44e1-afc2-0f5b3bce510f.jpg
7feb65c6-13c6-4c19-8a9a-cb097aa0abf1,https://inaturalist-open-data.s3.amazonaws.com/photos/26526150/medium.jpeg,145310,American Goldfinch,data/new_raw/images/7feb65c6-13c6-4c19-8a9a-cb097aa0abf1.jpg
551f10f0-5445-48fb-891a-130600e2fbf8,https://inaturalist-open-data.s3.amazonaws.com/photos/26527178/medium.jpeg,9092,Lincoln's Sparrow,data/new_raw/images/551f10f0-5445-48fb-891a-130600e2fbf8.jpg
755c2860-9241-4411-9cab-19909ddbad26,https://inaturalist-open-data.s3.amazonaws.com/photos/26527483/medium.jpeg,2548,Belted Kingfisher,data/new_raw/images/755c2860-9241-4411-9cab-19909ddbad26.jpg
b00dfe41-4261-44fb-8015-45259f5d84ab,https://inaturalist-open-data.s3.amazonaws.com/photos/26527568/medium.jpeg,17008,Eastern Phoebe,data/new_raw/images/b00dfe41-4261-44fb-8015-45259f5d84ab.jpg
2867eb8c-c9d4-4a03-9d2b-91bf86a1258d,https://inaturalist-open-data.s3.amazonaws.com/photos/26527353/medium.jpeg,9100,Song Sparrow,data/new_raw/images/2867eb8c-c9d4-4a03-9d2b-91bf86a1258d.jpg
6bfceb85-791c-4cb3-83ff-185db828e17a,https://inaturalist-open-data.s3.amazonaws.com/photos/26527740/medium.jpeg,9096,Swamp Sparrow,data/new_raw/images/6bfceb85-791c-4cb3-83ff-185db828e17a.jpg
30cd207e-0078-4a15-bdf1-d42e3c27a9cc,https://inaturalist-open-data.s3.amazonaws.com/photos/26528172/medium.jpeg,145245,Yellow-rumped Warbler,data/new_raw/images/30cd207e-0078-4a15-bdf1-d42e3c27a9cc.jpg
00cc9171-809b-4ded-a893-887169f0ab51,https://inaturalist-open-data.s3.amazonaws.com/photos/26528541/medium.jpeg,2548,Belted Kingfisher,data/new_raw/images/00cc9171-809b-4ded-a893-887169f0ab51.jpg
67b760e8-6df3-4223-bd5d-29eb4a1aa603,https://inaturalist-open-data.s3.amazonaws.com/photos/26528278/medium.jpeg,145245,Yellow-rumped Warbler,data/new_raw/images/67b760e8-6df3-4223-bd5d-29eb4a1aa603.jpg
61345d16-bc3e-489b-8f37-acdb9a0ff946,https://inaturalist-open-data.s3.amazonaws.com/photos/26528731/medium.jpeg,792990,Hairy Woodpecker,data/new_raw/images/61345d16-bc3e-489b-8f37-acdb9a0ff946.jpg
a0b9e5c6-5614-455b-b994-009b5cc29792,https://inaturalist-open-data.s3.amazonaws.com/photos/26528938/medium.jpeg,145242,Palm Warbler,data/new_raw/images/a0b9e5c6-5614-455b-b994-009b5cc29792.jpg
27e25fb5-e724-493e-a02f-b32438a748e4,https://inaturalist-open-data.s3.amazonaws.com/photos/26528963/medium.jpeg,145242,Palm Warbler,data/new_raw/images/27e25fb5-e724-493e-a02f-b32438a748e4.jpg
32085ff4-000f-4a70-8bee-48e93f23982b,https://inaturalist-open-data.s3.amazonaws.com/photos/26528986/medium.jpeg,9100,Song Sparrow,data/new_raw/images/32085ff4-000f-4a70-8bee-48e93f23982b.jpg
36d9d1b2-6a6a-47ed-b4e5-0a0b282c8770,https://inaturalist-open-data.s3.amazonaws.com/photos/26528962/medium.jpeg,14823,Red-breasted Nuthatch,data/new_raw/images/36d9d1b2-6a6a-47ed-b4e5-0a0b282c8770.jpg
d3c4306b-eeb9-4340-ab3a-b8e82bb7c7b7,https://inaturalist-open-data.s3.amazonaws.com/photos/26529171/medium.jpeg,145242,Palm Warbler,data/new_raw/images/d3c4306b-eeb9-4340-ab3a-b8e82bb7c7b7.jpg
5d503d9d-5c2c-4809-939f-78e139acde44,https://inaturalist-open-data.s3.amazonaws.com/photos/26529184/medium.jpeg,9092,Lincoln's Sparrow,data/new_raw/images/5d503d9d-5c2c-4809-939f-78e139acde44.jpg
9c9298d0-35dd-419b-84fc-99f0121bf034,https://inaturalist-open-data.s3.amazonaws.com/photos/26529236/medium.jpeg,8229,Blue Jay,data/new_raw/images/9c9298d0-35dd-419b-84fc-99f0121bf034.jpg
977304f1-77b3-4e3c-8e06-3cc8c3fd2e9e,https://inaturalist-open-data.s3.amazonaws.com/photos/26553003/medium.jpg,12890,Hermit Thrush,data/new_raw/images/977304f1-77b3-4e3c-8e06-3cc8c3fd2e9e.jpg
e2a5c261-77b8-47e0-9630-c4a1c672ebf8,https://static.inaturalist.org/photos/26553536/medium.jpg,144815,Black-capped Chickadee,data/new_raw/images/e2a5c261-77b8-47e0-9630-c4a1c672ebf8.jpg
690792f5-5fca-4280-964d-8d5c96d5ebab,https://inaturalist-open-data.s3.amazonaws.com/photos/26561845/medium.jpg,145242,Palm Warbler,data/new_raw/images/690792f5-5fca-4280-964d-8d5c96d5ebab.jpg
f48c4bb0-1e18-44f8-bb29-cc999200b6a8,https://inaturalist-open-data.s3.amazonaws.com/photos/26561894/medium.jpg,13858,House Sparrow,data/new_raw/images/f48c4bb0-1e18-44f8-bb29-cc999200b6a8.jpg
aa10ecae-9cdd-48e8-bc14-04499275593f,https://static.inaturalist.org/photos/26563424/medium.jpg,5020,Green Heron,data/new_raw/images/aa10ecae-9cdd-48e8-bc14-04499275593f.jpg
5b922ed1-21a8-4f10-bdf1-d74b1c3ce9e1,https://inaturalist-open-data.s3.amazonaws.com/photos/26567082/medium.jpg,40151,Mammals,data/new_raw/images/5b922ed1-21a8-4f10-bdf1-d74b1c3ce9e1.jpg
659cd072-0314-48ed-afda-a92d0267bc37,https://inaturalist-open-data.s3.amazonaws.com/photos/26570493/medium.jpg,792988,Downy Woodpecker,data/new_raw/images/659cd072-0314-48ed-afda-a92d0267bc37.jpg
b4d847e1-2b57-45c2-994d-c3774c529a31,https://inaturalist-open-data.s3.amazonaws.com/photos/26576441/medium.jpeg,40151,Mammals,data/new_raw/images/b4d847e1-2b57-45c2-994d-c3774c529a31.jpg
a329c2c2-1334-414c-a5d4-c24b3ef5b82b,https://static.inaturalist.org/photos/26587805/medium.jpg,118552,Domestic Cat,data/new_raw/images/a329c2c2-1334-414c-a5d4-c24b3ef5b82b.jpg
f9db7bd1-0eee-4aaf-afd9-3a85b0692e8a,https://inaturalist-open-data.s3.amazonaws.com/photos/26611962/medium.jpg,6930,Mallard,data/new_raw/images/f9db7bd1-0eee-4aaf-afd9-3a85b0692e8a.jpg
38673aab-4d53-42e8-bcb3-9b4d614cd497,https://static.inaturalist.org/photos/26613121/medium.jpeg,8021,American Crow,data/new_raw/images/38673aab-4d53-42e8-bcb3-9b4d614cd497.jpg
806d0fa8-a93a-4f3f-90c8-2b48012b54dc,https://static.inaturalist.org/photos/26613373/medium.jpeg,1579017,Cooper's Hawk,data/new_raw/images/806d0fa8-a93a-4f3f-90c8-2b48012b54dc.jpg
4f3a1e2e-707d-4540-87ef-28aaedc3968a,https://static.inaturalist.org/photos/26615509/medium.jpg,1579017,Cooper's Hawk,data/new_raw/images/4f3a1e2e-707d-4540-87ef-28aaedc3968a.jpg
27551298-6345-4a26-bae4-1a91a5a176ae,https://static.inaturalist.org/photos/26616635/medium.jpeg,7089,Canada Goose,data/new_raw/images/27551298-6345-4a26-bae4-1a91a5a176ae.jpg
6fefc1b0-0371-40a3-b60d-4c4e6b2983e3,https://inaturalist-open-data.s3.amazonaws.com/photos/26625180/medium.jpg,7107,Wood Duck,data/new_raw/images/6fefc1b0-0371-40a3-b60d-4c4e6b2983e3.jpg
79ab7281-b15b-4599-9d61-deb6ea831768,https://inaturalist-open-data.s3.amazonaws.com/photos/26625889/medium.jpg,144815,Black-capped Chickadee,data/new_raw/images/79ab7281-b15b-4599-9d61-deb6ea831768.jpg
b2715780-0178-4d2f-8526-581e591c3799,https://inaturalist-open-data.s3.amazonaws.com/photos/26626043/medium.jpg,18463,Yellow-bellied Sapsucker,data/new_raw/images/b2715780-0178-4d2f-8526-581e591c3799.jpg
4d165fdc-8567-4cf2-9c58-90388bb55bd3,https://inaturalist-open-data.s3.amazonaws.com/photos/26626068/medium.jpg,4956,Great Blue Heron,data/new_raw/images/4d165fdc-8567-4cf2-9c58-90388bb55bd3.jpg
bf1663e7-ae8b-4c42-8c92-ebf43d9ecad0,https://inaturalist-open-data.s3.amazonaws.com/photos/26626491/medium.jpg,1289388,Ruby-crowned Kinglet,data/new_raw/images/bf1663e7-ae8b-4c42-8c92-ebf43d9ecad0.jpg
f7a2dd1d-78af-4810-b207-a05a3c843fd2,https://inaturalist-open-data.s3.amazonaws.com/photos/26626543/medium.jpg,144815,Black-capped Chickadee,data/new_raw/images/f7a2dd1d-78af-4810-b207-a05a3c843fd2.jpg
8b65d878-f0b1-43f5-b923-f28d4e518bca,https://inaturalist-open-data.s3.amazonaws.com/photos/26626551/medium.jpg,7458,Brown Creeper,data/new_raw/images/8b65d878-f0b1-43f5-b923-f28d4e518bca.jpg
ddf658d6-e863-4060-8663-318c44b8ea50,https://inaturalist-open-data.s3.amazonaws.com/photos/26626658/medium.jpg,145245,Yellow-rumped Warbler,data/new_raw/images/ddf658d6-e863-4060-8663-318c44b8ea50.jpg
ab1312b1-43f0-42b2-90cd-e794692ee413,https://inaturalist-open-data.s3.amazonaws.com/photos/26644298/medium.jpg,9184,White-throated Sparrow,data/new_raw/images/ab1312b1-43f0-42b2-90cd-e794692ee413.jpg
9064f68e-f12f-4841-bc75-1f562e48fdeb,https://inaturalist-open-data.s3.amazonaws.com/photos/26644421/medium.jpg,6930,Mallard,data/new_raw/images/9064f68e-f12f-4841-bc75-1f562e48fdeb.jpg
a5038163-8e76-460f-8b6b-45668b07d431,https://inaturalist-open-data.s3.amazonaws.com/photos/26644510/medium.jpg,1965,Yellow-billed Cuckoo,data/new_raw/images/a5038163-8e76-460f-8b6b-45668b07d431.jpg
bdd110d6-7fb4-4878-8544-88c0248db9a5,https://inaturalist-open-data.s3.amazonaws.com/photos/26644588/medium.jpg,2548,Belted Kingfisher,data/new_raw/images/bdd110d6-7fb4-4878-8544-88c0248db9a5.jpg
a63e6a10-1233-4826-921b-b530828b684b,https://inaturalist-open-data.s3.amazonaws.com/photos/26644880/medium.jpg,145310,American Goldfinch,data/new_raw/images/a63e6a10-1233-4826-921b-b530828b684b.jpg
61974510-0b00-48ea-91f7-b50b239789a9,https://inaturalist-open-data.s3.amazonaws.com/photos/26937279/medium.jpg,122767,Feral Pigeon,data/new_raw/images/61974510-0b00-48ea-91f7-b50b239789a9.jpg
2dce600c-f895-415e-8881-29dddeef52d6,https://static.inaturalist.org/photos/26673083/medium.jpg,41880,Striped Skunk,data/new_raw/images/2dce600c-f895-415e-8881-29dddeef52d6.jpg
9ad5c140-3e55-45e3-b06c-90164e7ec012,https://inaturalist-open-data.s3.amazonaws.com/photos/26678275/medium.jpeg,122767,Feral Pigeon,data/new_raw/images/9ad5c140-3e55-45e3-b06c-90164e7ec012.jpg
420acbe4-5580-49a3-a838-977ba22015e6,https://inaturalist-open-data.s3.amazonaws.com/photos/26681000/medium.jpeg,46017,Eastern Gray Squirrel,data/new_raw/images/420acbe4-5580-49a3-a838-977ba22015e6.jpg
3602439c-408e-4ade-b7ae-0e57bce69657,https://inaturalist-open-data.s3.amazonaws.com/photos/26682572/medium.jpeg,9083,Northern Cardinal,data/new_raw/images/3602439c-408e-4ade-b7ae-0e57bce69657.jpg
b1edd6cb-dc92-49c9-beb2-681c874da6d2,https://inaturalist-open-data.s3.amazonaws.com/photos/26682759/medium.jpeg,891704,Red-eyed Vireo,data/new_raw/images/b1edd6cb-dc92-49c9-beb2-681c874da6d2.jpg
2556401d-42d2-4200-9d5c-c609c7a8b512,https://inaturalist-open-data.s3.amazonaws.com/photos/26685646/medium.jpg,117100,Golden-crowned Kinglet,data/new_raw/images/2556401d-42d2-4200-9d5c-c609c7a8b512.jpg
08e99a8a-281e-4174-bc9e-eedbe6d77861,https://inaturalist-open-data.s3.amazonaws.com/photos/26685864/medium.jpg,12878,Swainson's Thrush,data/new_raw/images/08e99a8a-281e-4174-bc9e-eedbe6d77861.jpg
3fcf2b45-77cf-4de7-b906-450662786179,https://static.inaturalist.org/photos/26693013/medium.jpg,13858,House Sparrow,data/new_raw/images/3fcf2b45-77cf-4de7-b906-450662786179.jpg
bac84c98-ba34-4065-a9ba-789c4e455a75,https://static.inaturalist.org/photos/26693029/medium.jpg,122767,Feral Pigeon,data/new_raw/images/bac84c98-ba34-4065-a9ba-789c4e455a75.jpg
214abcb7-29e6-4215-8a70-d798c9104824,https://static.inaturalist.org/photos/26693448/medium.jpg,13858,House Sparrow,data/new_raw/images/214abcb7-29e6-4215-8a70-d798c9104824.jpg
f110dd55-f667-4482-aae1-f25945a29b79,https://static.inaturalist.org/photos/26713517/medium.jpg,122767,Feral Pigeon,data/new_raw/images/f110dd55-f667-4482-aae1-f25945a29b79.jpg
23b956a5-bd57-4980-8d24-27ab3867768a,https://static.inaturalist.org/photos/26713684/medium.jpg,43111,Eastern Cottontail,data/new_raw/images/23b956a5-bd57-4980-8d24-27ab3867768a.jpg
161164a2-9118-4594-873c-6b1bf1eb9a92,https://static.inaturalist.org/photos/26713767/medium.jpg,71349,New World Warblers,data/new_raw/images/161164a2-9118-4594-873c-6b1bf1eb9a92.jpg
d495e8be-6c5f-4d27-a037-249ec979474c,https://static.inaturalist.org/photos/26713833/medium.jpg,6930,Mallard,data/new_raw/images/d495e8be-6c5f-4d27-a037-249ec979474c.jpg
5a19d411-b25c-4bb3-8916-24cc0f052d8a,https://static.inaturalist.org/photos/26713877/medium.jpg,6930,Mallard,data/new_raw/images/5a19d411-b25c-4bb3-8916-24cc0f052d8a.jpg
a7c5e995-5491-4de3-93b9-7acc988311e2,https://static.inaturalist.org/photos/26713934/medium.jpg,447155,Gulls,data/new_raw/images/a7c5e995-5491-4de3-93b9-7acc988311e2.jpg
872253f5-4cb0-4455-bd64-48f0c0183958,https://static.inaturalist.org/photos/26714512/medium.jpg,1289388,Ruby-crowned Kinglet,data/new_raw/images/872253f5-4cb0-4455-bd64-48f0c0183958.jpg
461e8187-0fdd-4f34-a5c0-ad9fa6ad4593,https://static.inaturalist.org/photos/26714541/medium.jpg,46017,Eastern Gray Squirrel,data/new_raw/images/461e8187-0fdd-4f34-a5c0-ad9fa6ad4593.jpg
d2ef1f61-1000-4cb6-8271-d117698ea9ee,https://inaturalist-open-data.s3.amazonaws.com/photos/26713700/medium.jpeg,5212,Red-tailed Hawk,data/new_raw/images/d2ef1f61-1000-4cb6-8271-d117698ea9ee.jpg
833eba39-345e-4c1f-bff3-cdc79b22fe29,https://inaturalist-open-data.s3.amazonaws.com/photos/26713858/medium.jpeg,7562,Northern House Wren,data/new_raw/images/833eba39-345e-4c1f-bff3-cdc79b22fe29.jpg
18432ed7-6b28-44f2-bfd7-dadd213eed56,https://inaturalist-open-data.s3.amazonaws.com/photos/26714129/medium.jpeg,12890,Hermit Thrush,data/new_raw/images/18432ed7-6b28-44f2-bfd7-dadd213eed56.jpg
843fe3df-60b1-4bac-9644-e353151b9024,https://inaturalist-open-data.s3.amazonaws.com/photos/26714206/medium.jpeg,9100,Song Sparrow,data/new_raw/images/843fe3df-60b1-4bac-9644-e353151b9024.jpg
cdf8f2b3-8ff5-4e7a-bc16-3e2437ea02e8,https://inaturalist-open-data.s3.amazonaws.com/photos/26714483/medium.jpeg,9176,White-crowned Sparrow,data/new_raw/images/cdf8f2b3-8ff5-4e7a-bc16-3e2437ea02e8.jpg
f8d87931-fa6c-4f10-977a-d420f546cf4f,https://inaturalist-open-data.s3.amazonaws.com/photos/26714511/medium.jpeg,9176,White-crowned Sparrow,data/new_raw/images/f8d87931-fa6c-4f10-977a-d420f546cf4f.jpg
7362cf7a-878e-44d1-a5c5-b8a9612c85bb,https://inaturalist-open-data.s3.amazonaws.com/photos/26714918/medium.jpeg,792988,Downy Woodpecker,data/new_raw/images/7362cf7a-878e-44d1-a5c5-b8a9612c85bb.jpg
e4126c01-5fea-43e6-8c7f-d29ec664e376,https://inaturalist-open-data.s3.amazonaws.com/photos/26714942/medium.jpeg,2548,Belted Kingfisher,data/new_raw/images/e4126c01-5fea-43e6-8c7f-d29ec664e376.jpg
67032728-3b66-45b6-b98e-83c95244536b,https://inaturalist-open-data.s3.amazonaws.com/photos/26714965/medium.jpeg,42223,White-tailed Deer,data/new_raw/images/67032728-3b66-45b6-b98e-83c95244536b.jpg
37cbaeff-d8ae-4551-a492-c0b03a3fd91e,https://inaturalist-open-data.s3.amazonaws.com/photos/26715136/medium.jpeg,792990,Hairy Woodpecker,data/new_raw/images/37cbaeff-d8ae-4551-a492-c0b03a3fd91e.jpg
01f2743d-a9f0-4b93-8610-e9fdfc011c74,https://inaturalist-open-data.s3.amazonaws.com/photos/26715184/medium.jpeg,1454382,Double-crested Cormorant,data/new_raw/images/01f2743d-a9f0-4b93-8610-e9fdfc011c74.jpg
e5b9a51a-76da-4684-a72b-3cc54de23e1c,https://inaturalist-open-data.s3.amazonaws.com/photos/26718538/medium.jpeg,1578960,Least Bittern,data/new_raw/images/e5b9a51a-76da-4684-a72b-3cc54de23e1c.jpg
f826d095-9e8d-47ac-b225-a4ad3681d68a,https://static.inaturalist.org/photos/26733232/medium.jpg,63113,Northern Short-tailed Shrew,data/new_raw/images/f826d095-9e8d-47ac-b225-a4ad3681d68a.jpg
5a22e32f-528c-41d7-837d-1f2463617967,https://inaturalist-open-data.s3.amazonaws.com/photos/26736923/medium.jpg,12878,Swainson's Thrush,data/new_raw/images/5a22e32f-528c-41d7-837d-1f2463617967.jpg
907382c5-78bd-496d-b422-2125dea40cce,https://static.inaturalist.org/photos/26737495/medium.jpg,117100,Golden-crowned Kinglet,data/new_raw/images/907382c5-78bd-496d-b422-2125dea40cce.jpg
bd714a23-d371-47f4-8175-5c0149523d19,https://static.inaturalist.org/photos/26745190/medium.jpg,46017,Eastern Gray Squirrel,data/new_raw/images/bd714a23-d371-47f4-8175-5c0149523d19.jpg
d91a64ce-1c57-4f86-9ae6-674090b84c9e,https://static.inaturalist.org/photos/26745221/medium.jpg,46017,Eastern Gray Squirrel,data/new_raw/images/d91a64ce-1c57-4f86-9ae6-674090b84c9e.jpg
d5a09c6a-c2f1-4327-a3e2-7f6608b5da22,https://static.inaturalist.org/photos/26746208/medium.jpg,13858,House Sparrow,data/new_raw/images/d5a09c6a-c2f1-4327-a3e2-7f6608b5da22.jpg
0c18eaf5-ce47-4d8e-8e42-2eba46e454b4,https://static.inaturalist.org/photos/26758028/medium.jpg,46017,Eastern Gray Squirrel,data/new_raw/images/0c18eaf5-ce47-4d8e-8e42-2eba46e454b4.jpg
99a33569-2a1f-430b-8e86-ecc6b4857ca7,https://inaturalist-open-data.s3.amazonaws.com/photos/26762301/medium.jpg,43111,Eastern Cottontail,data/new_raw/images/99a33569-2a1f-430b-8e86-ecc6b4857ca7.jpg
677fc672-b438-4218-80a3-ff1072039107,https://inaturalist-open-data.s3.amazonaws.com/photos/26775042/medium.jpeg,4647,Peregrine Falcon,data/new_raw/images/677fc672-b438-4218-80a3-ff1072039107.jpg
f1d91ff4-0763-40dd-8b99-04f1696f6db4,https://inaturalist-open-data.s3.amazonaws.com/photos/26801255/medium.jpg,3936,American Woodcock,data/new_raw/images/f1d91ff4-0763-40dd-8b99-04f1696f6db4.jpg
8e0cb5db-899e-4f10-a22d-3bb844acce2f,https://static.inaturalist.org/photos/26803396/medium.jpg,10373,Brown-headed Cowbird,data/new_raw/images/8e0cb5db-899e-4f10-a22d-3bb844acce2f.jpg
1443e4e8-6d03-44bd-9ce0-b813a6b55d3b,https://static.inaturalist.org/photos/26803430/medium.jpg,122767,Feral Pigeon,data/new_raw/images/1443e4e8-6d03-44bd-9ce0-b813a6b55d3b.jpg
ab999f1a-302c-4daf-b77e-c4e459eefbb4,https://inaturalist-open-data.s3.amazonaws.com/photos/26819526/medium.jpeg,6930,Mallard,data/new_raw/images/ab999f1a-302c-4daf-b77e-c4e459eefbb4.jpg
0e6a4541-3f35-45ca-b0b7-eab8ace938d8,https://inaturalist-open-data.s3.amazonaws.com/photos/26819532/medium.jpeg,17008,Eastern Phoebe,data/new_raw/images/0e6a4541-3f35-45ca-b0b7-eab8ace938d8.jpg
740f82d4-f39c-4860-84d2-22d2fc1b30a7,https://inaturalist-open-data.s3.amazonaws.com/photos/26819537/medium.jpeg,343340,Eastern Red Fox Sparrow,data/new_raw/images/740f82d4-f39c-4860-84d2-22d2fc1b30a7.jpg
9dcb6040-a002-4753-a1e0-ee4d2d713454,https://inaturalist-open-data.s3.amazonaws.com/photos/26819545/medium.jpeg,979757,Orange-crowned Warbler,data/new_raw/images/9dcb6040-a002-4753-a1e0-ee4d2d713454.jpg
aa59a2be-7378-46eb-9e2b-493dbfe5a864,https://inaturalist-open-data.s3.amazonaws.com/photos/26819553/medium.jpeg,7562,Northern House Wren,data/new_raw/images/aa59a2be-7378-46eb-9e2b-493dbfe5a864.jpg
cf3f74ec-81dc-4fa9-b698-211184a329b4,https://inaturalist-open-data.s3.amazonaws.com/photos/26819557/medium.jpeg,145310,American Goldfinch,data/new_raw/images/cf3f74ec-81dc-4fa9-b698-211184a329b4.jpg
e5cd59a4-fdf5-45be-a090-c1ec164cc185,https://inaturalist-open-data.s3.amazonaws.com/photos/26834318/medium.jpg,46017,Eastern Gray Squirrel,data/new_raw/images/e5cd59a4-fdf5-45be-a090-c1ec164cc185.jpg
426bedf3-ae5f-48c0-b2b5-8c82ec988d36,https://inaturalist-open-data.s3.amazonaws.com/photos/26834600/medium.jpg,46017,Eastern Gray Squirrel,data/new_raw/images/426bedf3-ae5f-48c0-b2b5-8c82ec988d36.jpg
43bcab6d-bfbb-4afd-98db-dd73eb080a93,https://static.inaturalist.org/photos/26838182/medium.jpg,1289388,Ruby-crowned Kinglet,data/new_raw/images/43bcab6d-bfbb-4afd-98db-dd73eb080a93.jpg
16b7eee5-ce7e-4a55-a7b1-380fb1fb9a0f,https://inaturalist-open-data.s3.amazonaws.com/photos/26841139/medium.jpg,9096,Swamp Sparrow,data/new_raw/images/16b7eee5-ce7e-4a55-a7b1-380fb1fb9a0f.jpg
41ff3559-f0ff-4e88-9460-50f322aae911,https://inaturalist-open-data.s3.amazonaws.com/photos/26841280/medium.jpg,10094,Dark-eyed Junco,data/new_raw/images/41ff3559-f0ff-4e88-9460-50f322aae911.jpg
928d1447-a991-40b3-862e-eb7e9a2b883b,https://inaturalist-open-data.s3.amazonaws.com/photos/26842782/medium.jpeg,46020,Eastern Fox Squirrel,data/new_raw/images/928d1447-a991-40b3-862e-eb7e9a2b883b.jpg
fec45a08-242a-4293-b659-85fd66740a5f,https://inaturalist-open-data.s3.amazonaws.com/photos/26843328/medium.jpg,891704,Red-eyed Vireo,data/new_raw/images/fec45a08-242a-4293-b659-85fd66740a5f.jpg
0908c22a-7585-4909-ab4a-9c931ab6a039,https://static.inaturalist.org/photos/26847309/medium.jpg,7458,Brown Creeper,data/new_raw/images/0908c22a-7585-4909-ab4a-9c931ab6a039.jpg
ded55ed2-240f-4d0d-bd6e-fc1ea4ae24b6,https://static.inaturalist.org/photos/26847337/medium.jpg,12727,American Robin,data/new_raw/images/ded55ed2-240f-4d0d-bd6e-fc1ea4ae24b6.jpg
2d3ca9cb-1e31-4233-a159-3c24383de37a,https://inaturalist-open-data.s3.amazonaws.com/photos/26853686/medium.jpg,145229,Hooded Warbler,data/new_raw/images/2d3ca9cb-1e31-4233-a159-3c24383de37a.jpg
c71bb469-290f-4b30-ac39-4475a4502425,https://inaturalist-open-data.s3.amazonaws.com/photos/26853884/medium.jpg,117100,Golden-crowned Kinglet,data/new_raw/images/c71bb469-290f-4b30-ac39-4475a4502425.jpg
4c0ef86f-8f52-44d2-b3d2-0bd34245415a,https://inaturalist-open-data.s3.amazonaws.com/photos/26857978/medium.jpg,10470,Yellow-headed Blackbird,data/new_raw/images/4c0ef86f-8f52-44d2-b3d2-0bd34245415a.jpg
b48a742a-e6c8-44b0-837b-1800b0fea9cf,https://inaturalist-open-data.s3.amazonaws.com/photos/26865437/medium.jpg,3857,Dunlin,data/new_raw/images/b48a742a-e6c8-44b0-837b-1800b0fea9cf.jpg
9ef6cc93-5fd3-46ef-826c-fa83533ed7f2,https://inaturalist-open-data.s3.amazonaws.com/photos/26865443/medium.jpg,17008,Eastern Phoebe,data/new_raw/images/9ef6cc93-5fd3-46ef-826c-fa83533ed7f2.jpg
baf664c6-cdb2-4086-8110-859482cf2ae0,https://static.inaturalist.org/photos/26874749/medium.jpg,41880,Striped Skunk,data/new_raw/images/baf664c6-cdb2-4086-8110-859482cf2ae0.jpg
176bcd16-662e-4035-ab56-e0f43969268e,https://static.inaturalist.org/photos/26882919/medium.jpeg,9100,Song Sparrow,data/new_raw/images/176bcd16-662e-4035-ab56-e0f43969268e.jpg
2575bbf3-358c-41d2-bf6b-02bbbce4b252,https://inaturalist-open-data.s3.amazonaws.com/photos/26882952/medium.jpg,145230,Kirtland's Warbler,data/new_raw/images/2575bbf3-358c-41d2-bf6b-02bbbce4b252.jpg
5fd98104-155f-4282-b93f-5c87ed311618,https://inaturalist-open-data.s3.amazonaws.com/photos/26885221/medium.jpg,145239,Chestnut-sided Warbler,data/new_raw/images/5fd98104-155f-4282-b93f-5c87ed311618.jpg
bdda72d2-0720-4738-baa3-2001c52981e0,https://inaturalist-open-data.s3.amazonaws.com/photos/26887731/medium.jpg,117100,Golden-crowned Kinglet,data/new_raw/images/bdda72d2-0720-4738-baa3-2001c52981e0.jpg
d00222c4-c4c3-4b55-a69e-aae5e02b825a,https://static.inaturalist.org/photos/26888629/medium.jpg,145310,American Goldfinch,data/new_raw/images/d00222c4-c4c3-4b55-a69e-aae5e02b825a.jpg
7e059d24-826b-43b7-b661-32f009a7b542,https://static.inaturalist.org/photos/26888711/medium.jpg,145310,American Goldfinch,data/new_raw/images/7e059d24-826b-43b7-b661-32f009a7b542.jpg
3ddb4cf5-21f7-4453-acf3-502a90fa1eda,https://static.inaturalist.org/photos/26888970/medium.jpg,145310,American Goldfinch,data/new_raw/images/3ddb4cf5-21f7-4453-acf3-502a90fa1eda.jpg
0d962941-1226-4012-9a32-42822acc55d2,https://inaturalist-open-data.s3.amazonaws.com/photos/26898597/medium.jpeg,4349,Glaucous Gull,data/new_raw/images/0d962941-1226-4012-9a32-42822acc55d2.jpg
0ac46e49-2c27-4ef9-bd41-5a3b69bda5eb,https://inaturalist-open-data.s3.amazonaws.com/photos/26898606/medium.jpeg,4368,Great Black-backed Gull,data/new_raw/images/0ac46e49-2c27-4ef9-bd41-5a3b69bda5eb.jpg
3d7bc140-8392-4a2f-97ac-18a3acec5f64,https://inaturalist-open-data.s3.amazonaws.com/photos/26898755/medium.jpeg,1578489,American Herring Gull,data/new_raw/images/3d7bc140-8392-4a2f-97ac-18a3acec5f64.jpg
7abf99a6-baf9-4971-82fa-a9bdc6436734,https://inaturalist-open-data.s3.amazonaws.com/photos/26898774/medium.jpeg,7089,Canada Goose,data/new_raw/images/7abf99a6-baf9-4971-82fa-a9bdc6436734.jpg
98313761-3b70-4276-a5d4-5aa5d65c03c6,https://inaturalist-open-data.s3.amazonaws.com/photos/26898902/medium.jpeg,145300,Redpoll,data/new_raw/images/98313761-3b70-4276-a5d4-5aa5d65c03c6.jpg
27e9c09f-aa71-4d22-8801-dd10d6b6196d,https://inaturalist-open-data.s3.amazonaws.com/photos/26898999/medium.jpeg,4349,Glaucous Gull,data/new_raw/images/27e9c09f-aa71-4d22-8801-dd10d6b6196d.jpg
9ea60c02-bc3c-4edb-bc86-e22fb25e2702,https://inaturalist-open-data.s3.amazonaws.com/photos/26899375/medium.jpeg,2548,Belted Kingfisher,data/new_raw/images/9ea60c02-bc3c-4edb-bc86-e22fb25e2702.jpg
c1215f6d-ac23-4d44-82d3-5a6fbbae5bfe,https://static.inaturalist.org/photos/26906129/medium.jpg,1454382,Double-crested Cormorant,data/new_raw/images/c1215f6d-ac23-4d44-82d3-5a6fbbae5bfe.jpg
076c2ba0-c112-475f-adc9-9549be8395f2,https://static.inaturalist.org/photos/26907306/medium.jpg,6930,Mallard,data/new_raw/images/076c2ba0-c112-475f-adc9-9549be8395f2.jpg
64e98830-9e6c-4f01-a044-5e3eb8fad74f,https://inaturalist-open-data.s3.amazonaws.com/photos/26911910/medium.jpeg,473,American Coot,data/new_raw/images/64e98830-9e6c-4f01-a044-5e3eb8fad74f.jpg
1204f10d-794e-4d50-bf3d-3013bc3074bd,https://inaturalist-open-data.s3.amazonaws.com/photos/26914903/medium.jpg,9092,Lincoln's Sparrow,data/new_raw/images/1204f10d-794e-4d50-bf3d-3013bc3074bd.jpg
020af677-3be5-425e-ae00-3d496e29be0e,https://inaturalist-open-data.s3.amazonaws.com/photos/26915339/medium.jpg,9981,Savannah Sparrow,data/new_raw/images/020af677-3be5-425e-ae00-3d496e29be0e.jpg
e67b7df5-e6d8-49a9-a17b-4ef734d420fe,https://static.inaturalist.org/photos/26931493/medium.jpg,41880,Striped Skunk,data/new_raw/images/e67b7df5-e6d8-49a9-a17b-4ef734d420fe.jpg
9071ab14-847c-4e80-8206-02f376e29201,https://inaturalist-open-data.s3.amazonaws.com/photos/26921621/medium.jpg,20044,Great Horned Owl,data/new_raw/images/9071ab14-847c-4e80-8206-02f376e29201.jpg
0c84c50d-e250-4cca-9d78-82e927579a8e,https://inaturalist-open-data.s3.amazonaws.com/photos/26923414/medium.jpeg,4981,Black-crowned Night Heron,data/new_raw/images/0c84c50d-e250-4cca-9d78-82e927579a8e.jpg
505c12a2-4a7e-419b-94af-becceb08bc18,https://inaturalist-open-data.s3.amazonaws.com/photos/26923420/medium.jpeg,41880,Striped Skunk,data/new_raw/images/505c12a2-4a7e-419b-94af-becceb08bc18.jpg
1121212f-f8af-485f-87b9-c54e82085afc,https://inaturalist-open-data.s3.amazonaws.com/photos/26923428/medium.jpeg,3864,Least Sandpiper,data/new_raw/images/1121212f-f8af-485f-87b9-c54e82085afc.jpg
a9b8f422-3c1d-4e38-ad0c-c7de65c32018,https://inaturalist-open-data.s3.amazonaws.com/photos/26923435/medium.jpeg,3862,Semipalmated Sandpiper,data/new_raw/images/a9b8f422-3c1d-4e38-ad0c-c7de65c32018.jpg
43b6cede-ea54-4f4f-b993-cb9b915b2517,https://inaturalist-open-data.s3.amazonaws.com/photos/26923458/medium.jpeg,145238,Yellow Warbler,data/new_raw/images/43b6cede-ea54-4f4f-b993-cb9b915b2517.jpg
7c06520a-104e-455f-80c2-2f18623bfb85,https://inaturalist-open-data.s3.amazonaws.com/photos/26923584/medium.jpeg,3857,Dunlin,data/new_raw/images/7c06520a-104e-455f-80c2-2f18623bfb85.jpg
80c93a72-50d1-4230-9656-023899c2dc37,https://inaturalist-open-data.s3.amazonaws.com/photos/26923610/medium.jpeg,145237,Blackburnian Warbler,data/new_raw/images/80c93a72-50d1-4230-9656-023899c2dc37.jpg
e4badefb-9200-4437-b549-abebcd1a9c0b,https://inaturalist-open-data.s3.amazonaws.com/photos/26923626/medium.jpeg,1289388,Ruby-crowned Kinglet,data/new_raw/images/e4badefb-9200-4437-b549-abebcd1a9c0b.jpg
52a9bea8-0551-4870-9a02-26aded3619f6,https://inaturalist-open-data.s3.amazonaws.com/photos/26923630/medium.jpeg,145235,Magnolia Warbler,data/new_raw/images/52a9bea8-0551-4870-9a02-26aded3619f6.jpg
20c3b040-ab42-4351-befa-33f57cd044c1,https://inaturalist-open-data.s3.amazonaws.com/photos/26923660/medium.jpeg,9721,Common Yellowthroat,data/new_raw/images/20c3b040-ab42-4351-befa-33f57cd044c1.jpg
f1c89340-82da-4310-9bc0-1905eff20db4,https://inaturalist-open-data.s3.amazonaws.com/photos/26923675/medium.jpeg,16602,Least Flycatcher,data/new_raw/images/f1c89340-82da-4310-9bc0-1905eff20db4.jpg
d132c46d-da83-44b2-b93a-4838d32a234d,https://inaturalist-open-data.s3.amazonaws.com/photos/26923687/medium.jpeg,792988,Downy Woodpecker,data/new_raw/images/d132c46d-da83-44b2-b93a-4838d32a234d.jpg
ff0794ed-d57c-431e-abec-fe96927a68df,https://inaturalist-open-data.s3.amazonaws.com/photos/26923693/medium.jpeg,10247,American Redstart,data/new_raw/images/ff0794ed-d57c-431e-abec-fe96927a68df.jpg
7259c22c-f232-485e-bdfa-cbe9056fce44,https://inaturalist-open-data.s3.amazonaws.com/photos/26923707/medium.jpeg,199916,Black-throated Blue Warbler,data/new_raw/images/7259c22c-f232-485e-bdfa-cbe9056fce44.jpg
c08e9dc9-59ec-4f0c-83ed-6d9b59a5874c,https://inaturalist-open-data.s3.amazonaws.com/photos/26923760/medium.jpeg,144815,Black-capped Chickadee,data/new_raw/images/c08e9dc9-59ec-4f0c-83ed-6d9b59a5874c.jpg
82f92445-4dfd-42ae-83ea-f8e237cf230b,https://inaturalist-open-data.s3.amazonaws.com/photos/26923789/medium.jpeg,4793,Killdeer,data/new_raw/images/82f92445-4dfd-42ae-83ea-f8e237cf230b.jpg
2b92e996-5297-4538-8725-f599bcfcc741,https://inaturalist-open-data.s3.amazonaws.com/photos/26923793/medium.jpeg,11935,Tree Swallow,data/new_raw/images/2b92e996-5297-4538-8725-f599bcfcc741.jpg
1913aa56-a727-473b-a8f2-aa6902284199,https://inaturalist-open-data.s3.amazonaws.com/photos/26923851/medium.jpeg,72458,Spotted Sandpiper,data/new_raw/images/1913aa56-a727-473b-a8f2-aa6902284199.jpg
5c251461-1296-4f5c-a21d-e515984666b0,https://inaturalist-open-data.s3.amazonaws.com/photos/26923949/medium.jpeg,145239,Chestnut-sided Warbler,data/new_raw/images/5c251461-1296-4f5c-a21d-e515984666b0.jpg
798e35f0-2a66-4574-8c1c-33cff80d1b09,https://inaturalist-open-data.s3.amazonaws.com/photos/26923955/medium.jpeg,145224,Mourning Warbler,data/new_raw/images/798e35f0-2a66-4574-8c1c-33cff80d1b09.jpg
36268b7c-9ba2-4c49-87ed-7427a7c00964,https://inaturalist-open-data.s3.amazonaws.com/photos/26924321/medium.jpeg,18204,Red-headed Woodpecker,data/new_raw/images/36268b7c-9ba2-4c49-87ed-7427a7c00964.jpg
2aeefbfd-c9ff-49e2-aab6-a2c597baf133,https://inaturalist-open-data.s3.amazonaws.com/photos/26924325/medium.jpeg,10286,Black-and-white Warbler,data/new_raw/images/2aeefbfd-c9ff-49e2-aab6-a2c597baf133.jpg
19534bf6-7256-440d-acdb-90656c9e75cc,https://inaturalist-open-data.s3.amazonaws.com/photos/26937216/medium.jpg,44540,Old World Rats,data/new_raw/images/19534bf6-7256-440d-acdb-90656c9e75cc.jpg
e6c9a2f2-6515-4c25-9565-ddf8906678d1,https://inaturalist-open-data.s3.amazonaws.com/photos/26939513/medium.jpeg,42223,White-tailed Deer,data/new_raw/images/e6c9a2f2-6515-4c25-9565-ddf8906678d1.jpg
d4a62a99-e6f2-46da-95b8-a27ac2d8d4de,https://static.inaturalist.org/photos/26941611/medium.jpg,41880,Striped Skunk,data/new_raw/images/d4a62a99-e6f2-46da-95b8-a27ac2d8d4de.jpg
843016f8-6e6d-40d1-9f8f-2152c3e2bd61,https://inaturalist-open-data.s3.amazonaws.com/photos/26945118/medium.jpg,145245,Yellow-rumped Warbler,data/new_raw/images/843016f8-6e6d-40d1-9f8f-2152c3e2bd61.jpg
68709b80-0422-4a78-84ec-914609b8be5b,https://inaturalist-open-data.s3.amazonaws.com/photos/26945137/medium.jpg,1454382,Double-crested Cormorant,data/new_raw/images/68709b80-0422-4a78-84ec-914609b8be5b.jpg
d752c788-5c16-4126-8246-b046c6bdf2e6,https://inaturalist-open-data.s3.amazonaws.com/photos/26945191/medium.jpg,473,American Coot,data/new_raw/images/d752c788-5c16-4126-8246-b046c6bdf2e6.jpg
907bddc8-c231-4792-943e-98bbaf2ca726,https://inaturalist-open-data.s3.amazonaws.com/photos/26945303/medium.jpg,145245,Yellow-rumped Warbler,data/new_raw/images/907bddc8-c231-4792-943e-98bbaf2ca726.jpg
476d3d91-daf1-41d5-a2db-a49bc7b19661,https://inaturalist-open-data.s3.amazonaws.com/photos/26958159/medium.jpg,41663,Common Raccoon,data/new_raw/images/476d3d91-daf1-41d5-a2db-a49bc7b19661.jpg
6692cd3a-662f-4b94-b7c7-15eecbba0f23,https://inaturalist-open-data.s3.amazonaws.com/photos/26958493/medium.jpg,145237,Blackburnian Warbler,data/new_raw/images/6692cd3a-662f-4b94-b7c7-15eecbba0f23.jpg
86c646d1-2b43-4fd0-b88b-50a040369c19,https://inaturalist-open-data.s3.amazonaws.com/photos/26958866/medium.jpg,73149,Northern Waterthrush,data/new_raw/images/86c646d1-2b43-4fd0-b88b-50a040369c19.jpg
235a2577-19e6-40c6-a279-bc41c35e7bd8,https://inaturalist-open-data.s3.amazonaws.com/photos/991802/medium.jpg,62550,Ovenbird,data/new_raw/images/235a2577-19e6-40c6-a279-bc41c35e7bd8.jpg
4b72308e-91ff-4706-b1a1-b985338f7593,https://inaturalist-open-data.s3.amazonaws.com/photos/26967469/medium.jpeg,9184,White-throated Sparrow,data/new_raw/images/4b72308e-91ff-4706-b1a1-b985338f7593.jpg
12e8d7a4-1984-4716-8c1c-27e37ae55b27,https://inaturalist-open-data.s3.amazonaws.com/photos/26967990/medium.jpeg,117100,Golden-crowned Kinglet,data/new_raw/images/12e8d7a4-1984-4716-8c1c-27e37ae55b27.jpg
5d9b2c3d-84cd-4d66-a437-ceec13c19b1f,https://inaturalist-open-data.s3.amazonaws.com/photos/26968044/medium.jpeg,9083,Northern Cardinal,data/new_raw/images/5d9b2c3d-84cd-4d66-a437-ceec13c19b1f.jpg
c02cfa3d-f273-47f9-b9c7-00b44c62d52f,https://inaturalist-open-data.s3.amazonaws.com/photos/26968088/medium.jpeg,8229,Blue Jay,data/new_raw/images/c02cfa3d-f273-47f9-b9c7-00b44c62d52f.jpg
e7497c64-c181-4526-9303-7a7cd1aae1fe,https://inaturalist-open-data.s3.amazonaws.com/photos/26968123/medium.jpeg,1289388,Ruby-crowned Kinglet,data/new_raw/images/e7497c64-c181-4526-9303-7a7cd1aae1fe.jpg
294f89f9-5d39-44c4-ab63-623d387fa1cc,https://inaturalist-open-data.s3.amazonaws.com/photos/26968160/medium.jpeg,199916,Black-throated Blue Warbler,data/new_raw/images/294f89f9-5d39-44c4-ab63-623d387fa1cc.jpg
ceb5665e-5e86-4d04-a2bf-934ff24eb968,https://static.inaturalist.org/photos/26988598/medium.jpg,41880,Striped Skunk,data/new_raw/images/ceb5665e-5e86-4d04-a2bf-934ff24eb968.jpg
1a6fe4fb-1e4b-40ff-b122-0f39ed0e2393,https://inaturalist-open-data.s3.amazonaws.com/photos/26993095/medium.jpg,9156,Fox Sparrow,data/new_raw/images/1a6fe4fb-1e4b-40ff-b122-0f39ed0e2393.jpg
b3801159-cbd7-4d9e-8a04-9cad2b1dcf6d,https://inaturalist-open-data.s3.amazonaws.com/photos/26994408/medium.jpg,47144,Domestic Dog,data/new_raw/images/b3801159-cbd7-4d9e-8a04-9cad2b1dcf6d.jpg
cddf9e47-8bb3-4f22-a674-a5f1b293cf4b,https://inaturalist-open-data.s3.amazonaws.com/photos/26995161/medium.jpg,792988,Downy Woodpecker,data/new_raw/images/cddf9e47-8bb3-4f22-a674-a5f1b293cf4b.jpg
6d07a18b-4b18-40ea-b596-53ca8e70f82c,https://inaturalist-open-data.s3.amazonaws.com/photos/26995536/medium.jpg,10094,Dark-eyed Junco,data/new_raw/images/6d07a18b-4b18-40ea-b596-53ca8e70f82c.jpg
685e8db2-1664-40f4-90e7-270f6c8cf325,https://inaturalist-open-data.s3.amazonaws.com/photos/26995587/medium.jpg,5212,Red-tailed Hawk,data/new_raw/images/685e8db2-1664-40f4-90e7-270f6c8cf325.jpg
ccf8ed1f-c22b-42fd-86b2-713f51ecafae,https://inaturalist-open-data.s3.amazonaws.com/photos/26995607/medium.jpg,9184,White-throated Sparrow,data/new_raw/images/ccf8ed1f-c22b-42fd-86b2-713f51ecafae.jpg
2cc78a9b-b3d2-425d-8ff9-04f49873660c,https://inaturalist-open-data.s3.amazonaws.com/photos/26995768/medium.jpg,1454382,Double-crested Cormorant,data/new_raw/images/2cc78a9b-b3d2-425d-8ff9-04f49873660c.jpg
d73e2a44-6da7-4211-bc73-11ba9fe64d76,https://inaturalist-open-data.s3.amazonaws.com/photos/26995890/medium.jpg,12890,Hermit Thrush,data/new_raw/images/d73e2a44-6da7-4211-bc73-11ba9fe64d76.jpg
3806a9ac-854e-4405-b16d-d959f42e7a9a,https://inaturalist-open-data.s3.amazonaws.com/photos/26995929/medium.jpg,46017,Eastern Gray Squirrel,data/new_raw/images/3806a9ac-854e-4405-b16d-d959f42e7a9a.jpg
4713d9b8-3626-4c38-a3af-b0bb527b1ec7,https://inaturalist-open-data.s3.amazonaws.com/photos/26996077/medium.jpg,10094,Dark-eyed Junco,data/new_raw/images/4713d9b8-3626-4c38-a3af-b0bb527b1ec7.jpg
66094e5b-ed7d-4381-92ba-46566a24189a,https://inaturalist-open-data.s3.amazonaws.com/photos/26996545/medium.jpg,4956,Great Blue Heron,data/new_raw/images/66094e5b-ed7d-4381-92ba-46566a24189a.jpg
44deea13-4a33-4997-b824-cd9ee2711c89,https://inaturalist-open-data.s3.amazonaws.com/photos/26996588/medium.jpg,10094,Dark-eyed Junco,data/new_raw/images/44deea13-4a33-4997-b824-cd9ee2711c89.jpg
64cf3e92-1aa7-4659-bb82-5c3875a235d6,https://inaturalist-open-data.s3.amazonaws.com/photos/26996641/medium.jpg,132704,Myrtle Warbler,data/new_raw/images/64cf3e92-1aa7-4659-bb82-5c3875a235d6.jpg
5cf315b7-afed-4b67-844d-115fdd4fbdfc,https://inaturalist-open-data.s3.amazonaws.com/photos/26999836/medium.jpg,2548,Belted Kingfisher,data/new_raw/images/5cf315b7-afed-4b67-844d-115fdd4fbdfc.jpg
d5e30c96-d51a-4fb9-934b-da7259e42824,https://inaturalist-open-data.s3.amazonaws.com/photos/27013593/medium.jpg,117100,Golden-crowned Kinglet,data/new_raw/images/d5e30c96-d51a-4fb9-934b-da7259e42824.jpg
ec83e2c9-0ee4-448f-9939-dc4608a018c7,https://inaturalist-open-data.s3.amazonaws.com/photos/27014464/medium.jpg,42223,White-tailed Deer,data/new_raw/images/ec83e2c9-0ee4-448f-9939-dc4608a018c7.jpg
791af242-0513-41a6-8456-7659cd9d6909,https://inaturalist-open-data.s3.amazonaws.com/photos/27014840/medium.jpg,5212,Red-tailed Hawk,data/new_raw/images/791af242-0513-41a6-8456-7659cd9d6909.jpg
ef02bd77-bf78-4c8c-b2de-0859081c07af,https://inaturalist-open-data.s3.amazonaws.com/photos/27016006/medium.jpg,979757,Orange-crowned Warbler,data/new_raw/images/ef02bd77-bf78-4c8c-b2de-0859081c07af.jpg
ffebcb8f-7290-4f3c-adc4-a17ce0b0554e,https://static.inaturalist.org/photos/27023126/medium.jpg,7089,Canada Goose,data/new_raw/images/ffebcb8f-7290-4f3c-adc4-a17ce0b0554e.jpg
90a9571f-2a40-42a0-8b7c-e979ca94e7a1,https://static.inaturalist.org/photos/27025328/medium.jpg,117100,Golden-crowned Kinglet,data/new_raw/images/90a9571f-2a40-42a0-8b7c-e979ca94e7a1.jpg
871d43b6-6ead-4570-94c5-98c5951c69ec,https://inaturalist-open-data.s3.amazonaws.com/photos/27040739/medium.jpg,145236,Bay-breasted Warbler,data/new_raw/images/871d43b6-6ead-4570-94c5-98c5951c69ec.jpg
921735c3-5451-4bc8-b3e7-5b044cdb2ef1,https://inaturalist-open-data.s3.amazonaws.com/photos/27042238/medium.jpg,145238,Yellow Warbler,data/new_raw/images/921735c3-5451-4bc8-b3e7-5b044cdb2ef1.jpg
86afee62-4e6d-4827-89a3-f21189d18b39,https://inaturalist-open-data.s3.amazonaws.com/photos/27042467/medium.jpg,145224,Mourning Warbler,data/new_raw/images/86afee62-4e6d-4827-89a3-f21189d18b39.jpg
37bbfd58-7328-45e3-a8ff-e53b0ae1c3f3,https://inaturalist-open-data.s3.amazonaws.com/photos/27042741/medium.jpg,14995,Gray Catbird,data/new_raw/images/37bbfd58-7328-45e3-a8ff-e53b0ae1c3f3.jpg
581bfe30-9878-4b52-b68c-a7fb4097aa03,https://inaturalist-open-data.s3.amazonaws.com/photos/27043134/medium.jpg,3938,Ruddy Turnstone,data/new_raw/images/581bfe30-9878-4b52-b68c-a7fb4097aa03.jpg
6920453e-4efe-4f0e-aabc-0281df4853ef,https://inaturalist-open-data.s3.amazonaws.com/photos/27044581/medium.jpeg,1264432,American Mink,data/new_raw/images/6920453e-4efe-4f0e-aabc-0281df4853ef.jpg
e05b657c-8c5e-4561-a9b4-050b42cab0ce,https://inaturalist-open-data.s3.amazonaws.com/photos/27061618/medium.jpg,43584,Human,data/new_raw/images/e05b657c-8c5e-4561-a9b4-050b42cab0ce.jpg
94f37b1d-840e-42da-9f57-5a1373a5a166,https://inaturalist-open-data.s3.amazonaws.com/photos/27061812/medium.jpg,13858,House Sparrow,data/new_raw/images/94f37b1d-840e-42da-9f57-5a1373a5a166.jpg
4118a3a1-8244-4586-9de0-95e7c325d656,https://static.inaturalist.org/photos/27062117/medium.jpg,18236,Northern Flicker,data/new_raw/images/4118a3a1-8244-4586-9de0-95e7c325d656.jpg
ad06eea9-763d-4dcd-a809-c084ea300fb6,https://inaturalist-open-data.s3.amazonaws.com/photos/27062206/medium.jpg,145310,American Goldfinch,data/new_raw/images/ad06eea9-763d-4dcd-a809-c084ea300fb6.jpg
387055dc-1ea7-4e3d-b8be-0d390deac83d,https://inaturalist-open-data.s3.amazonaws.com/photos/27062419/medium.jpg,145310,American Goldfinch,data/new_raw/images/387055dc-1ea7-4e3d-b8be-0d390deac83d.jpg
545295fd-d7a3-4734-bb07-efd7c259f21a,https://inaturalist-open-data.s3.amazonaws.com/photos/27160540/medium.jpeg,145310,American Goldfinch,data/new_raw/images/545295fd-d7a3-4734-bb07-efd7c259f21a.jpg
de69a59c-6d0d-4e86-ae9a-f08b233a8294,https://static.inaturalist.org/photos/27062618/medium.jpg,145310,American Goldfinch,data/new_raw/images/de69a59c-6d0d-4e86-ae9a-f08b233a8294.jpg
23d1f7f0-8374-4a71-b394-b731b6b6d5cc,https://static.inaturalist.org/photos/27062910/medium.jpg,1289388,Ruby-crowned Kinglet,data/new_raw/images/23d1f7f0-8374-4a71-b394-b731b6b6d5cc.jpg
3485d9bd-94a2-4830-a698-1bffef2bff74,https://inaturalist-open-data.s3.amazonaws.com/photos/27069244/medium.jpg,46017,Eastern Gray Squirrel,data/new_raw/images/3485d9bd-94a2-4830-a698-1bffef2bff74.jpg
09cd13d3-aab9-40f1-880b-7c6c533679fc,https://inaturalist-open-data.s3.amazonaws.com/photos/27070173/medium.jpg,12890,Hermit Thrush,data/new_raw/images/09cd13d3-aab9-40f1-880b-7c6c533679fc.jpg
3a128d04-6f98-4a18-a639-2fcbe4399dfe,https://static.inaturalist.org/photos/27074860/medium.jpg,14801,White-breasted Nuthatch,data/new_raw/images/3a128d04-6f98-4a18-a639-2fcbe4399dfe.jpg
acbb4875-7936-42b1-ac94-895b37271d9c,https://inaturalist-open-data.s3.amazonaws.com/photos/27086468/medium.jpeg,5212,Red-tailed Hawk,data/new_raw/images/acbb4875-7936-42b1-ac94-895b37271d9c.jpg
7ea8bde7-bea1-4ee6-bb86-fe5576a37b71,https://inaturalist-open-data.s3.amazonaws.com/photos/27086672/medium.jpeg,6930,Mallard,data/new_raw/images/7ea8bde7-bea1-4ee6-bb86-fe5576a37b71.jpg
4ae6235f-188f-4381-8dd0-56f9e60f9dea,https://inaturalist-open-data.s3.amazonaws.com/photos/27086794/medium.jpeg,18205,Red-bellied Woodpecker,data/new_raw/images/4ae6235f-188f-4381-8dd0-56f9e60f9dea.jpg
a15dabfb-783c-4765-ab95-1780deba60d1,https://inaturalist-open-data.s3.amazonaws.com/photos/27087022/medium.jpeg,6937,Green-winged Teal,data/new_raw/images/a15dabfb-783c-4765-ab95-1780deba60d1.jpg
383b790b-f415-4f32-ad75-cc196ef32c15,https://inaturalist-open-data.s3.amazonaws.com/photos/27088095/medium.jpeg,4246,Pied-billed Grebe,data/new_raw/images/383b790b-f415-4f32-ad75-cc196ef32c15.jpg
03a2e5a9-7e62-4467-9d39-4bc235750d02,https://inaturalist-open-data.s3.amazonaws.com/photos/27095375/medium.jpg,145276,Wilson's Warbler,data/new_raw/images/03a2e5a9-7e62-4467-9d39-4bc235750d02.jpg
093e782a-4152-41bc-ae99-aaf4a63c4296,https://inaturalist-open-data.s3.amazonaws.com/photos/27095421/medium.jpg,979753,Nashville Warbler,data/new_raw/images/093e782a-4152-41bc-ae99-aaf4a63c4296.jpg
71c89724-15a8-4365-81f8-367836cb1790,https://inaturalist-open-data.s3.amazonaws.com/photos/27095564/medium.jpg,145233,Northern Parula,data/new_raw/images/71c89724-15a8-4365-81f8-367836cb1790.jpg
a79c6eb4-90ad-418b-ba5a-bbfb75c17a82,https://inaturalist-open-data.s3.amazonaws.com/photos/27095746/medium.jpeg,123676,American Green-winged Teal,data/new_raw/images/a79c6eb4-90ad-418b-ba5a-bbfb75c17a82.jpg
131e02b2-d237-4cbe-84a3-a7b8a4539280,https://inaturalist-open-data.s3.amazonaws.com/photos/27095750/medium.jpeg,12890,Hermit Thrush,data/new_raw/images/131e02b2-d237-4cbe-84a3-a7b8a4539280.jpg
3817bc04-85c9-4c12-9d20-3bd52ae31516,https://inaturalist-open-data.s3.amazonaws.com/photos/27095756/medium.jpeg,18205,Red-bellied Woodpecker,data/new_raw/images/3817bc04-85c9-4c12-9d20-3bd52ae31516.jpg
3ab482f9-d790-4b59-a274-f03252b858ef,https://inaturalist-open-data.s3.amazonaws.com/photos/27095760/medium.jpeg,9184,White-throated Sparrow,data/new_raw/images/3ab482f9-d790-4b59-a274-f03252b858ef.jpg
e13f683b-8d87-423d-aeda-bcf97cc7628b,https://inaturalist-open-data.s3.amazonaws.com/photos/27096156/medium.jpeg,12727,American Robin,data/new_raw/images/e13f683b-8d87-423d-aeda-bcf97cc7628b.jpg
51df9366-da06-4bc5-97d0-09a553d843bf,https://inaturalist-open-data.s3.amazonaws.com/photos/27096376/medium.jpeg,12890,Hermit Thrush,data/new_raw/images/51df9366-da06-4bc5-97d0-09a553d843bf.jpg
5b0aff56-4b09-48db-af6e-47b094c255fe,https://inaturalist-open-data.s3.amazonaws.com/photos/27103196/medium.jpg,145258,Black-throated Green Warbler,data/new_raw/images/5b0aff56-4b09-48db-af6e-47b094c255fe.jpg
cb65c97c-6e34-47ab-a83b-0e2f6e758e8b,https://static.inaturalist.org/photos/27103361/medium.jpg,9083,Northern Cardinal,data/new_raw/images/cb65c97c-6e34-47ab-a83b-0e2f6e758e8b.jpg
cb487fdc-ec89-4ff7-b6b1-344ecf00c26d,https://static.inaturalist.org/photos/27104255/medium.jpg,473,American Coot,data/new_raw/images/cb487fdc-ec89-4ff7-b6b1-344ecf00c26d.jpg
1561bc05-4960-4448-9253-b42149838eaa,https://static.inaturalist.org/photos/27109030/medium.jpg,6993,Bufflehead,data/new_raw/images/1561bc05-4960-4448-9253-b42149838eaa.jpg
b798dbaa-1c08-4b25-8738-86b71919f20d,https://inaturalist-open-data.s3.amazonaws.com/photos/27110097/medium.jpg,46017,Eastern Gray Squirrel,data/new_raw/images/b798dbaa-1c08-4b25-8738-86b71919f20d.jpg
02239591-5a54-4d00-8681-34358106683d,https://inaturalist-open-data.s3.amazonaws.com/photos/27109692/medium.jpg,10094,Dark-eyed Junco,data/new_raw/images/02239591-5a54-4d00-8681-34358106683d.jpg
b3475ab6-911d-4019-875c-2ba68b188cfb,https://inaturalist-open-data.s3.amazonaws.com/photos/27110326/medium.jpg,46017,Eastern Gray Squirrel,data/new_raw/images/b3475ab6-911d-4019-875c-2ba68b188cfb.jpg
121b9dc0-a21a-4a7e-ad8e-d8866501221d,https://inaturalist-open-data.s3.amazonaws.com/photos/27110385/medium.jpeg,46017,Eastern Gray Squirrel,data/new_raw/images/121b9dc0-a21a-4a7e-ad8e-d8866501221d.jpg
41ee5027-532b-4ff0-a410-57d170480ce5,https://inaturalist-open-data.s3.amazonaws.com/photos/27110478/medium.jpg,12890,Hermit Thrush,data/new_raw/images/41ee5027-532b-4ff0-a410-57d170480ce5.jpg
92f40897-b2ef-4ce7-9888-acb76a735804,https://inaturalist-open-data.s3.amazonaws.com/photos/27110759/medium.jpg,9096,Swamp Sparrow,data/new_raw/images/92f40897-b2ef-4ce7-9888-acb76a735804.jpg
06e07f10-a8ee-4597-be5e-71d5e7f2ac43,https://inaturalist-open-data.s3.amazonaws.com/photos/27110889/medium.jpg,46017,Eastern Gray Squirrel,data/new_raw/images/06e07f10-a8ee-4597-be5e-71d5e7f2ac43.jpg
cd4e69cb-ae2a-4a38-92d7-46befcaa5b00,https://inaturalist-open-data.s3.amazonaws.com/photos/27110935/medium.jpg,47144,Domestic Dog,data/new_raw/images/cd4e69cb-ae2a-4a38-92d7-46befcaa5b00.jpg
d68c0937-3520-41c1-aaf7-3146a26e0401,https://inaturalist-open-data.s3.amazonaws.com/photos/27112334/medium.jpeg,4258,Chilean Flamingo,data/new_raw/images/d68c0937-3520-41c1-aaf7-3146a26e0401.jpg
04970b28-c63e-402f-adcb-42f83c6b7720,https://inaturalist-open-data.s3.amazonaws.com/photos/27112347/medium.jpeg,4798,Piping Plover,data/new_raw/images/04970b28-c63e-402f-adcb-42f83c6b7720.jpg
5ed6443b-f931-4e7c-acf0-281d686c9b8f,https://inaturalist-open-data.s3.amazonaws.com/photos/27113256/medium.jpg,145310,American Goldfinch,data/new_raw/images/5ed6443b-f931-4e7c-acf0-281d686c9b8f.jpg
dc4af9b4-cbc3-420f-bf02-0c1313a32a39,https://inaturalist-open-data.s3.amazonaws.com/photos/27113944/medium.jpg,144815,Black-capped Chickadee,data/new_raw/images/dc4af9b4-cbc3-420f-bf02-0c1313a32a39.jpg
28e43a92-607f-4a75-9891-16ddec662896,https://inaturalist-open-data.s3.amazonaws.com/photos/27113975/medium.jpg,74831,Snow Leopard,data/new_raw/images/28e43a92-607f-4a75-9891-16ddec662896.jpg
6110c5ac-f16d-46ea-88ca-8abbf5143564,https://inaturalist-open-data.s3.amazonaws.com/photos/27114138/medium.jpg,74831,Snow Leopard,data/new_raw/images/6110c5ac-f16d-46ea-88ca-8abbf5143564.jpg
d0f92652-5fa8-432f-8773-43822a9312c6,https://inaturalist-open-data.s3.amazonaws.com/photos/27114146/medium.jpg,41964,Lion,data/new_raw/images/d0f92652-5fa8-432f-8773-43822a9312c6.jpg
f74d2d87-77c1-4a79-9f16-b2e9d05010e6,https://inaturalist-open-data.s3.amazonaws.com/photos/27114170/medium.jpg,41964,Lion,data/new_raw/images/f74d2d87-77c1-4a79-9f16-b2e9d05010e6.jpg
ac18283d-a782-4b2c-96d5-65ae15ed82cc,https://inaturalist-open-data.s3.amazonaws.com/photos/27114552/medium.jpg,43580,Western Gorilla,data/new_raw/images/ac18283d-a782-4b2c-96d5-65ae15ed82cc.jpg
9efddc5c-112f-4248-ad93-0d76548cf7db,https://inaturalist-open-data.s3.amazonaws.com/photos/27114617/medium.jpg,40151,Mammals,data/new_raw/images/9efddc5c-112f-4248-ad93-0d76548cf7db.jpg
9e0ed04f-a09f-4477-9424-86daa1b326d9,https://inaturalist-open-data.s3.amazonaws.com/photos/27114674/medium.jpg,43580,Western Gorilla,data/new_raw/images/9e0ed04f-a09f-4477-9424-86daa1b326d9.jpg
c3f313e0-ded2-4875-a595-95767866045b,https://static.inaturalist.org/photos/27114708/medium.jpeg,199916,Black-throated Blue Warbler,data/new_raw/images/c3f313e0-ded2-4875-a595-95767866045b.jpg
7cc61e68-9eec-4a60-b6e7-82e0f24abaeb,https://inaturalist-open-data.s3.amazonaws.com/photos/27114848/medium.jpg,43580,Western Gorilla,data/new_raw/images/7cc61e68-9eec-4a60-b6e7-82e0f24abaeb.jpg
db3c77ff-3333-47d3-981d-03450b268df9,https://inaturalist-open-data.s3.amazonaws.com/photos/27114962/medium.jpg,41943,Meerkat,data/new_raw/images/db3c77ff-3333-47d3-981d-03450b268df9.jpg
c0bc31ae-d566-4e5e-9f79-2b912350ba9f,https://inaturalist-open-data.s3.amazonaws.com/photos/27115554/medium.jpg,40151,Mammals,data/new_raw/images/c0bc31ae-d566-4e5e-9f79-2b912350ba9f.jpg
f6e5bf6f-5ee9-4355-9e1c-e76537acc3c4,https://inaturalist-open-data.s3.amazonaws.com/photos/28392214/medium.jpg,12727,American Robin,data/new_raw/images/f6e5bf6f-5ee9-4355-9e1c-e76537acc3c4.jpg
e2e1f0b5-6e50-47d2-8549-c286c4e3cd2d,https://inaturalist-open-data.s3.amazonaws.com/photos/27122268/medium.jpg,4665,American Kestrel,data/new_raw/images/e2e1f0b5-6e50-47d2-8549-c286c4e3cd2d.jpg
c7a840ab-ea7e-4e3b-9d72-5c351d27d467,https://inaturalist-open-data.s3.amazonaws.com/photos/27122278/medium.jpg,10247,American Redstart,data/new_raw/images/c7a840ab-ea7e-4e3b-9d72-5c351d27d467.jpg
5b010689-6efd-42f0-a1ff-550aca29cdaa,https://inaturalist-open-data.s3.amazonaws.com/photos/27122288/medium.jpg,5212,Red-tailed Hawk,data/new_raw/images/5b010689-6efd-42f0-a1ff-550aca29cdaa.jpg
3446ee03-4e50-4f80-9852-09fe55cbb019,https://inaturalist-open-data.s3.amazonaws.com/photos/27122298/medium.jpg,5020,Green Heron,data/new_raw/images/3446ee03-4e50-4f80-9852-09fe55cbb019.jpg
974406fe-0337-4edc-a23c-5c3e8a71f322,https://inaturalist-open-data.s3.amazonaws.com/photos/27122303/medium.jpg,145245,Yellow-rumped Warbler,data/new_raw/images/974406fe-0337-4edc-a23c-5c3e8a71f322.jpg
2fdf5d09-8ad8-4d5c-853b-311b9482b8c5,https://inaturalist-open-data.s3.amazonaws.com/photos/27122311/medium.jpg,145310,American Goldfinch,data/new_raw/images/2fdf5d09-8ad8-4d5c-853b-311b9482b8c5.jpg
a9a8e2ed-8c00-470e-bf60-da8943214eb1,https://static.inaturalist.org/photos/27123486/medium.jpg,12890,Hermit Thrush,data/new_raw/images/a9a8e2ed-8c00-470e-bf60-da8943214eb1.jpg
e4778115-683a-4b63-8909-da6e8a534f54,https://inaturalist-open-data.s3.amazonaws.com/photos/27124370/medium.jpg,9096,Swamp Sparrow,data/new_raw/images/e4778115-683a-4b63-8909-da6e8a534f54.jpg
2343e904-0b51-4306-9bb5-237ac1ed70cd,https://inaturalist-open-data.s3.amazonaws.com/photos/27124619/medium.jpg,9184,White-throated Sparrow,data/new_raw/images/2343e904-0b51-4306-9bb5-237ac1ed70cd.jpg
c16078ff-0a33-42f1-b170-15ada031e8ec,https://static.inaturalist.org/photos/27134431/medium.jpg,792988,Downy Woodpecker,data/new_raw/images/c16078ff-0a33-42f1-b170-15ada031e8ec.jpg
e0df7900-67a0-4a0d-a4f2-fffcc5bd0b3d,https://inaturalist-open-data.s3.amazonaws.com/photos/27139827/medium.jpeg,42223,White-tailed Deer,data/new_raw/images/e0df7900-67a0-4a0d-a4f2-fffcc5bd0b3d.jpg
f8be1c5b-e6a8-4b3f-ab64-0ce4ee7ca44e,https://static.inaturalist.org/photos/27146903/medium.jpg,1289388,Ruby-crowned Kinglet,data/new_raw/images/f8be1c5b-e6a8-4b3f-ab64-0ce4ee7ca44e.jpg
e86ccc89-eedd-47a5-8db2-a5320241e439,https://static.inaturalist.org/photos/27149819/medium.jpg,144815,Black-capped Chickadee,data/new_raw/images/e86ccc89-eedd-47a5-8db2-a5320241e439.jpg
f7b81244-f77d-4b2d-82e9-b68af4c8964e,https://static.inaturalist.org/photos/27149866/medium.jpg,10094,Dark-eyed Junco,data/new_raw/images/f7b81244-f77d-4b2d-82e9-b68af4c8964e.jpg
49ff690c-a900-4ed5-b9b2-0da62fa538f9,https://inaturalist-open-data.s3.amazonaws.com/photos/27160576/medium.jpeg,9744,Red-winged Blackbird,data/new_raw/images/49ff690c-a900-4ed5-b9b2-0da62fa538f9.jpg
8bb4bb59-3b0d-4234-8db1-ed5a225b7bc4,https://inaturalist-open-data.s3.amazonaws.com/photos/27164029/medium.jpg,3869,Short-billed Dowitcher,data/new_raw/images/8bb4bb59-3b0d-4234-8db1-ed5a225b7bc4.jpg
dac55dfd-a239-41c9-8652-787c11c7413b,https://inaturalist-open-data.s3.amazonaws.com/photos/27164174/medium.jpg,3857,Dunlin,data/new_raw/images/dac55dfd-a239-41c9-8652-787c11c7413b.jpg
5a694c49-1d1a-493a-ad46-3c7e60a4aeee,https://static.inaturalist.org/photos/27165767/medium.jpg,1541538,Typical Hawks and Harriers,data/new_raw/images/5a694c49-1d1a-493a-ad46-3c7e60a4aeee.jpg
9147de17-591b-43c5-b749-0c3307140560,https://inaturalist-open-data.s3.amazonaws.com/photos/27165764/medium.jpg,18463,Yellow-bellied Sapsucker,data/new_raw/images/9147de17-591b-43c5-b749-0c3307140560.jpg
518e3093-d04f-4c2a-952f-51daf5adc910,https://inaturalist-open-data.s3.amazonaws.com/photos/27169855/medium.jpg,9156,Fox Sparrow,data/new_raw/images/518e3093-d04f-4c2a-952f-51daf5adc910.jpg
301821f5-7a9e-43bc-9129-b0b22722d847,https://inaturalist-open-data.s3.amazonaws.com/photos/27170100/medium.jpg,9176,White-crowned Sparrow,data/new_raw/images/301821f5-7a9e-43bc-9129-b0b22722d847.jpg
f7f6e247-8643-4ca1-89f0-fd19ca0faf9c,https://static.inaturalist.org/photos/27176268/medium.jpg,10094,Dark-eyed Junco,data/new_raw/images/f7f6e247-8643-4ca1-89f0-fd19ca0faf9c.jpg
58c4fe1a-8fa1-4583-9bae-198d4d9e6466,https://static.inaturalist.org/photos/27201384/medium.jpeg,5212,Red-tailed Hawk,data/new_raw/images/58c4fe1a-8fa1-4583-9bae-198d4d9e6466.jpg
630dba2a-49e7-403a-b3ce-8df9cd586ac4,https://static.inaturalist.org/photos/27201476/medium.jpeg,8021,American Crow,data/new_raw/images/630dba2a-49e7-403a-b3ce-8df9cd586ac4.jpg
2d2ea937-c014-47ed-bdd5-360ecba41ca3,https://static.inaturalist.org/photos/27217706/medium.jpeg,43584,Human,data/new_raw/images/2d2ea937-c014-47ed-bdd5-360ecba41ca3.jpg
e8197490-29e8-4f74-b168-7f0d818f9bf0,https://static.inaturalist.org/photos/27219319/medium.jpg,1541538,Typical Hawks and Harriers,data/new_raw/images/e8197490-29e8-4f74-b168-7f0d818f9bf0.jpg
76b0523d-1cea-45e1-98bd-a99a7bea11cc,https://inaturalist-open-data.s3.amazonaws.com/photos/27226500/medium.jpg,43584,Human,data/new_raw/images/76b0523d-1cea-45e1-98bd-a99a7bea11cc.jpg
b4686a93-a532-4251-9014-5c98f73a56c8,https://inaturalist-open-data.s3.amazonaws.com/photos/27226646/medium.jpg,47144,Domestic Dog,data/new_raw/images/b4686a93-a532-4251-9014-5c98f73a56c8.jpg
962c46bd-1b85-4925-9337-a909d4ec7737,https://inaturalist-open-data.s3.amazonaws.com/photos/27226734/medium.jpg,43584,Human,data/new_raw/images/962c46bd-1b85-4925-9337-a909d4ec7737.jpg
f882e521-7323-4055-84c9-20900f4bb5d6,https://inaturalist-open-data.s3.amazonaws.com/photos/27229063/medium.jpeg,1541538,Typical Hawks and Harriers,data/new_raw/images/f882e521-7323-4055-84c9-20900f4bb5d6.jpg
94469cb1-a73e-4c04-b7e3-65d1abc5ae78,https://inaturalist-open-data.s3.amazonaws.com/photos/27255078/medium.jpg,10094,Dark-eyed Junco,data/new_raw/images/94469cb1-a73e-4c04-b7e3-65d1abc5ae78.jpg
eadfaa8a-23a9-4a62-bf0e-dbc1c12557a9,https://inaturalist-open-data.s3.amazonaws.com/photos/27255081/medium.jpg,792988,Downy Woodpecker,data/new_raw/images/eadfaa8a-23a9-4a62-bf0e-dbc1c12557a9.jpg
bbd1cc07-8708-4b33-ad96-7cb3872cee8e,https://inaturalist-open-data.s3.amazonaws.com/photos/27255090/medium.jpg,9083,Northern Cardinal,data/new_raw/images/bbd1cc07-8708-4b33-ad96-7cb3872cee8e.jpg
ff789b72-ea59-4b83-b858-1014b04edb2e,https://inaturalist-open-data.s3.amazonaws.com/photos/27255108/medium.jpg,12727,American Robin,data/new_raw/images/ff789b72-ea59-4b83-b858-1014b04edb2e.jpg
137fc30c-8e2b-48f8-a26f-97e28391e080,https://inaturalist-open-data.s3.amazonaws.com/photos/27255120/medium.jpg,144815,Black-capped Chickadee,data/new_raw/images/137fc30c-8e2b-48f8-a26f-97e28391e080.jpg
41825262-0181-4fb5-ba1a-f465b7d49983,https://inaturalist-open-data.s3.amazonaws.com/photos/27255123/medium.jpg,7458,Brown Creeper,data/new_raw/images/41825262-0181-4fb5-ba1a-f465b7d49983.jpg
bdf3da76-af2d-4f4e-abef-e93145b51cbb,https://inaturalist-open-data.s3.amazonaws.com/photos/27262790/medium.jpeg,6993,Bufflehead,data/new_raw/images/bdf3da76-af2d-4f4e-abef-e93145b51cbb.jpg
95f60ed8-0ad1-4cca-bb5c-7d9d14ad03f0,https://inaturalist-open-data.s3.amazonaws.com/photos/27271780/medium.jpg,10094,Dark-eyed Junco,data/new_raw/images/95f60ed8-0ad1-4cca-bb5c-7d9d14ad03f0.jpg
21dd9d39-507c-4830-9d8e-fa6ba0cdb171,https://inaturalist-open-data.s3.amazonaws.com/photos/27272045/medium.jpg,3454,Mourning Dove,data/new_raw/images/21dd9d39-507c-4830-9d8e-fa6ba0cdb171.jpg
b6ba1233-dd2d-4784-b477-a3dbf3ce1c07,https://inaturalist-open-data.s3.amazonaws.com/photos/27272052/medium.jpg,46017,Eastern Gray Squirrel,data/new_raw/images/b6ba1233-dd2d-4784-b477-a3dbf3ce1c07.jpg
6656a0af-db8e-4555-bcb6-314f949661a2,https://inaturalist-open-data.s3.amazonaws.com/photos/27272102/medium.jpg,12727,American Robin,data/new_raw/images/6656a0af-db8e-4555-bcb6-314f949661a2.jpg
a8a19028-8512-43a9-aaf9-32a66b011c91,https://inaturalist-open-data.s3.amazonaws.com/photos/27272714/medium.jpg,117100,Golden-crowned Kinglet,data/new_raw/images/a8a19028-8512-43a9-aaf9-32a66b011c91.jpg
5861c4d4-875f-49da-b45b-5913c3961ecf,https://inaturalist-open-data.s3.amazonaws.com/photos/27272720/medium.jpg,9083,Northern Cardinal,data/new_raw/images/5861c4d4-875f-49da-b45b-5913c3961ecf.jpg
dbaf1cfd-161b-4e8f-a25a-253e0100b600,https://inaturalist-open-data.s3.amazonaws.com/photos/27272965/medium.jpg,6930,Mallard,data/new_raw/images/dbaf1cfd-161b-4e8f-a25a-253e0100b600.jpg
3c9632b6-d154-43e3-bb00-1eb1ce9e8eda,https://inaturalist-open-data.s3.amazonaws.com/photos/27272995/medium.jpg,7107,Wood Duck,data/new_raw/images/3c9632b6-d154-43e3-bb00-1eb1ce9e8eda.jpg
ecd9ec54-8133-49e9-8122-8918db95644b,https://inaturalist-open-data.s3.amazonaws.com/photos/27273252/medium.jpg,4665,American Kestrel,data/new_raw/images/ecd9ec54-8133-49e9-8122-8918db95644b.jpg
246407db-3d08-4a4a-881f-7dbf2c6e7ca7,https://inaturalist-open-data.s3.amazonaws.com/photos/27290983/medium.jpeg,145242,Palm Warbler,data/new_raw/images/246407db-3d08-4a4a-881f-7dbf2c6e7ca7.jpg
a0ae0839-8128-4e88-b2e1-8d0adbddab09,https://static.inaturalist.org/photos/27294285/medium.jpg,46017,Eastern Gray Squirrel,data/new_raw/images/a0ae0839-8128-4e88-b2e1-8d0adbddab09.jpg
fdeba7e4-310e-4506-b6c7-6a3f1e005cb1,https://static.inaturalist.org/photos/27296679/medium.jpg,42223,White-tailed Deer,data/new_raw/images/fdeba7e4-310e-4506-b6c7-6a3f1e005cb1.jpg
acbe7ead-cd7f-47b4-b023-05a79a3308c0,https://inaturalist-open-data.s3.amazonaws.com/photos/27297002/medium.jpeg,46017,Eastern Gray Squirrel,data/new_raw/images/acbe7ead-cd7f-47b4-b023-05a79a3308c0.jpg
db7b5eba-2048-4779-8667-237c97c60bd2,https://inaturalist-open-data.s3.amazonaws.com/photos/27297015/medium.jpeg,43584,Human,data/new_raw/images/db7b5eba-2048-4779-8667-237c97c60bd2.jpg
fb50330b-64f0-4a69-b14a-4e26923ddfb8,https://inaturalist-open-data.s3.amazonaws.com/photos/27308502/medium.jpg,117100,Golden-crowned Kinglet,data/new_raw/images/fb50330b-64f0-4a69-b14a-4e26923ddfb8.jpg
3f04f4f9-399f-427a-98f5-d38a2b9d4329,https://inaturalist-open-data.s3.amazonaws.com/photos/27308543/medium.jpg,43111,Eastern Cottontail,data/new_raw/images/3f04f4f9-399f-427a-98f5-d38a2b9d4329.jpg
d3b776cc-bbf4-44b8-9f5c-6374b0bca881,https://inaturalist-open-data.s3.amazonaws.com/photos/27308650/medium.jpg,7089,Canada Goose,data/new_raw/images/d3b776cc-bbf4-44b8-9f5c-6374b0bca881.jpg
60e5c85f-8948-4871-9949-67fe14b7a814,https://inaturalist-open-data.s3.amazonaws.com/photos/27308664/medium.jpg,236935,Domestic Mallard,data/new_raw/images/60e5c85f-8948-4871-9949-67fe14b7a814.jpg
7c0d5ef1-0365-42b7-b465-34decfe09d8e,https://inaturalist-open-data.s3.amazonaws.com/photos/27308758/medium.jpg,236935,Domestic Mallard,data/new_raw/images/7c0d5ef1-0365-42b7-b465-34decfe09d8e.jpg
d8e0bacd-9a58-4745-95ca-2189723bd8c2,https://inaturalist-open-data.s3.amazonaws.com/photos/27308805/medium.jpg,1579017,Cooper's Hawk,data/new_raw/images/d8e0bacd-9a58-4745-95ca-2189723bd8c2.jpg
839a960f-672f-4ae8-b534-112673452caf,https://inaturalist-open-data.s3.amazonaws.com/photos/27317268/medium.jpeg,3,Birds,data/new_raw/images/839a960f-672f-4ae8-b534-112673452caf.jpg
de5c7d26-01f9-476c-a63b-f87a366a5c75,https://static.inaturalist.org/photos/27327610/medium.jpg,507971,Domestic Budgerigar,data/new_raw/images/de5c7d26-01f9-476c-a63b-f87a366a5c75.jpg
11b9fbc5-0137-4c00-931e-9c9523b51282,https://static.inaturalist.org/photos/27327659/medium.jpg,10094,Dark-eyed Junco,data/new_raw/images/11b9fbc5-0137-4c00-931e-9c9523b51282.jpg
5f278b47-c80c-4220-a072-aad20b0ee583,https://static.inaturalist.org/photos/27327714/medium.jpg,145310,American Goldfinch,data/new_raw/images/5f278b47-c80c-4220-a072-aad20b0ee583.jpg
1ff62fa3-1d63-4dfb-a77a-e57e0f4af9fc,https://static.inaturalist.org/photos/27327748/medium.jpg,46217,Eastern Chipmunk,data/new_raw/images/1ff62fa3-1d63-4dfb-a77a-e57e0f4af9fc.jpg
99f23ce4-c986-4be6-9127-c6314e2bdbfd,https://static.inaturalist.org/photos/27327788/medium.jpg,4981,Black-crowned Night Heron,data/new_raw/images/99f23ce4-c986-4be6-9127-c6314e2bdbfd.jpg
557cb0aa-613b-4a3e-a1b9-8ee8e921823a,https://static.inaturalist.org/photos/27327823/medium.jpg,117100,Golden-crowned Kinglet,data/new_raw/images/557cb0aa-613b-4a3e-a1b9-8ee8e921823a.jpg
83dac6ae-b9b2-4651-aa96-db5b15efa129,https://static.inaturalist.org/photos/27327874/medium.jpg,144815,Black-capped Chickadee,data/new_raw/images/83dac6ae-b9b2-4651-aa96-db5b15efa129.jpg
9395ca6e-5df3-47aa-bebb-a92cee95aa18,https://static.inaturalist.org/photos/27327923/medium.jpg,3857,Dunlin,data/new_raw/images/9395ca6e-5df3-47aa-bebb-a92cee95aa18.jpg
01766f88-1052-466a-890f-ac6b73b0eea3,https://static.inaturalist.org/photos/27328000/medium.jpg,117059,Snow Bunting,data/new_raw/images/01766f88-1052-466a-890f-ac6b73b0eea3.jpg
e6241159-b4c2-4e51-a3f2-a8dfecb53323,https://static.inaturalist.org/photos/27345538/medium.jpg,46017,Eastern Gray Squirrel,data/new_raw/images/e6241159-b4c2-4e51-a3f2-a8dfecb53323.jpg
2661236b-7a4e-4c41-84a7-1fd361845a11,https://inaturalist-open-data.s3.amazonaws.com/photos/27435532/medium.jpg,9083,Northern Cardinal,data/new_raw/images/2661236b-7a4e-4c41-84a7-1fd361845a11.jpg
dee40b34-dce2-42ae-a2da-0071abd1f507,https://inaturalist-open-data.s3.amazonaws.com/photos/27360718/medium.jpg,473,American Coot,data/new_raw/images/dee40b34-dce2-42ae-a2da-0071abd1f507.jpg
dc3e0d44-8832-4e5a-8587-f7381228c754,https://inaturalist-open-data.s3.amazonaws.com/photos/27360794/medium.jpg,4364,Ring-billed Gull,data/new_raw/images/dc3e0d44-8832-4e5a-8587-f7381228c754.jpg
0ed53165-1b5d-49de-b245-f520fc7017b8,https://inaturalist-open-data.s3.amazonaws.com/photos/27360903/medium.jpg,117100,Golden-crowned Kinglet,data/new_raw/images/0ed53165-1b5d-49de-b245-f520fc7017b8.jpg
54fbc254-61a1-44e6-8ecf-5352938fa3fd,https://inaturalist-open-data.s3.amazonaws.com/photos/27360911/medium.jpg,9184,White-throated Sparrow,data/new_raw/images/54fbc254-61a1-44e6-8ecf-5352938fa3fd.jpg
0a7d528c-35a1-4082-81b5-b9095b147834,https://inaturalist-open-data.s3.amazonaws.com/photos/27360979/medium.jpg,120479,Domestic Greylag Goose,data/new_raw/images/0a7d528c-35a1-4082-81b5-b9095b147834.jpg
29f1fd11-9a11-41b0-b440-a821dbfb1924,https://inaturalist-open-data.s3.amazonaws.com/photos/27361281/medium.jpg,14850,European Starling,data/new_raw/images/29f1fd11-9a11-41b0-b440-a821dbfb1924.jpg
7d825bf6-675f-4331-8890-023539d8e1fc,https://inaturalist-open-data.s3.amazonaws.com/photos/27361838/medium.jpg,4246,Pied-billed Grebe,data/new_raw/images/7d825bf6-675f-4331-8890-023539d8e1fc.jpg
a44dc897-f384-4bd1-b2db-f96eb9a22ec2,https://static.inaturalist.org/photos/27366131/medium.jpg,4956,Great Blue Heron,data/new_raw/images/a44dc897-f384-4bd1-b2db-f96eb9a22ec2.jpg
c09c248d-3079-4d50-b522-17e28477dbfb,https://inaturalist-open-data.s3.amazonaws.com/photos/27370617/medium.jpeg,40522,Eastern Red Bat,data/new_raw/images/c09c248d-3079-4d50-b522-17e28477dbfb.jpg
d6de92a9-f6a5-44f6-a6f8-73efb8c1de7e,https://inaturalist-open-data.s3.amazonaws.com/photos/27370634/medium.jpeg,42223,White-tailed Deer,data/new_raw/images/d6de92a9-f6a5-44f6-a6f8-73efb8c1de7e.jpg
8ccbbf3e-8a6b-48eb-8911-7ba96ab2ddc0,https://inaturalist-open-data.s3.amazonaws.com/photos/27377533/medium.jpeg,792988,Downy Woodpecker,data/new_raw/images/8ccbbf3e-8a6b-48eb-8911-7ba96ab2ddc0.jpg
a58c99c9-326a-4084-b0b4-52fd64284f0f,https://inaturalist-open-data.s3.amazonaws.com/photos/27401295/medium.jpg,979756,Tennessee Warbler,data/new_raw/images/a58c99c9-326a-4084-b0b4-52fd64284f0f.jpg
9f33dd48-86d3-471b-9ff0-b7cb29057e8b,https://inaturalist-open-data.s3.amazonaws.com/photos/27401398/medium.jpg,145245,Yellow-rumped Warbler,data/new_raw/images/9f33dd48-86d3-471b-9ff0-b7cb29057e8b.jpg
b8f8510e-b521-4860-a165-d1a220afc611,https://static.inaturalist.org/photos/27403792/medium.jpeg,7089,Canada Goose,data/new_raw/images/b8f8510e-b521-4860-a165-d1a220afc611.jpg
7f63b8f9-c170-494f-8616-97387d91b908,https://static.inaturalist.org/photos/27403812/medium.jpeg,46017,Eastern Gray Squirrel,data/new_raw/images/7f63b8f9-c170-494f-8616-97387d91b908.jpg
04bd746c-77bf-4586-9d15-61edc19ed497,https://inaturalist-open-data.s3.amazonaws.com/photos/27404297/medium.jpeg,43794,American Beaver,data/new_raw/images/04bd746c-77bf-4586-9d15-61edc19ed497.jpg
67b994c8-ce30-424d-95da-c911cdb42809,https://inaturalist-open-data.s3.amazonaws.com/photos/27404997/medium.jpg,145231,Cape May Warbler,data/new_raw/images/67b994c8-ce30-424d-95da-c911cdb42809.jpg
836a04d7-619a-42ee-97af-035e22c5ebad,https://inaturalist-open-data.s3.amazonaws.com/photos/27405224/medium.jpg,145275,Canada Warbler,data/new_raw/images/836a04d7-619a-42ee-97af-035e22c5ebad.jpg
c5ff3f7c-bfa6-4b2f-af6e-8f00c8616346,https://static.inaturalist.org/photos/27422206/medium.jpg,47144,Domestic Dog,data/new_raw/images/c5ff3f7c-bfa6-4b2f-af6e-8f00c8616346.jpg
3b3d787e-5d3c-441c-aba4-f0c327139438,https://inaturalist-open-data.s3.amazonaws.com/photos/27428372/medium.jpeg,40522,Eastern Red Bat,data/new_raw/images/3b3d787e-5d3c-441c-aba4-f0c327139438.jpg
856b14cb-bd2b-4381-88fd-29ca7b46f438,https://inaturalist-open-data.s3.amazonaws.com/photos/27433572/medium.jpeg,3857,Dunlin,data/new_raw/images/856b14cb-bd2b-4381-88fd-29ca7b46f438.jpg
ce9625c7-329b-451c-b218-b4c2a6bf9da4,https://inaturalist-open-data.s3.amazonaws.com/photos/27433574/medium.jpeg,1578489,American Herring Gull,data/new_raw/images/ce9625c7-329b-451c-b218-b4c2a6bf9da4.jpg
492c5756-783d-4790-a454-bc0eec08011b,https://inaturalist-open-data.s3.amazonaws.com/photos/27433575/medium.jpeg,4364,Ring-billed Gull,data/new_raw/images/492c5756-783d-4790-a454-bc0eec08011b.jpg
ce54ef77-a88e-425a-a6cc-817ee05a3a26,https://inaturalist-open-data.s3.amazonaws.com/photos/27433577/medium.jpeg,117059,Snow Bunting,data/new_raw/images/ce54ef77-a88e-425a-a6cc-817ee05a3a26.jpg
4b10bdb1-834e-4284-951e-d78348295ad0,https://inaturalist-open-data.s3.amazonaws.com/photos/27433580/medium.jpeg,3849,Sanderling,data/new_raw/images/4b10bdb1-834e-4284-951e-d78348295ad0.jpg
14a74a98-36f0-4b95-801a-505295a34f5e,https://inaturalist-open-data.s3.amazonaws.com/photos/27433584/medium.jpeg,12727,American Robin,data/new_raw/images/14a74a98-36f0-4b95-801a-505295a34f5e.jpg
cf5ee7dd-261a-4cbc-8b98-37d0df5aa1d3,https://inaturalist-open-data.s3.amazonaws.com/photos/27433587/medium.jpeg,9083,Northern Cardinal,data/new_raw/images/cf5ee7dd-261a-4cbc-8b98-37d0df5aa1d3.jpg
52776ef6-c641-4a9d-bf8e-200683187e8d,https://inaturalist-open-data.s3.amazonaws.com/photos/27433590/medium.jpeg,145310,American Goldfinch,data/new_raw/images/52776ef6-c641-4a9d-bf8e-200683187e8d.jpg
04cedff1-58c4-4773-a570-32b34c5f0e9c,https://inaturalist-open-data.s3.amazonaws.com/photos/27433592/medium.jpeg,10247,American Redstart,data/new_raw/images/04cedff1-58c4-4773-a570-32b34c5f0e9c.jpg
8952d0b0-42dd-4b6f-a983-1850fd678b55,https://inaturalist-open-data.s3.amazonaws.com/photos/27433595/medium.jpeg,1289388,Ruby-crowned Kinglet,data/new_raw/images/8952d0b0-42dd-4b6f-a983-1850fd678b55.jpg
72293901-0ba7-4fb7-8cc3-a4a5c5c9791f,https://inaturalist-open-data.s3.amazonaws.com/photos/27433597/medium.jpeg,132764,Slate-colored Junco,data/new_raw/images/72293901-0ba7-4fb7-8cc3-a4a5c5c9791f.jpg
c4c43919-1c07-410d-a009-435934fbbef9,https://inaturalist-open-data.s3.amazonaws.com/photos/27434004/medium.jpeg,132704,Myrtle Warbler,data/new_raw/images/c4c43919-1c07-410d-a009-435934fbbef9.jpg
042f18fe-caa3-4d56-a2db-712a2016e916,https://inaturalist-open-data.s3.amazonaws.com/photos/27435714/medium.jpeg,9100,Song Sparrow,data/new_raw/images/042f18fe-caa3-4d56-a2db-712a2016e916.jpg
89def10c-ec11-428e-84d9-50c2c016dcf1,https://inaturalist-open-data.s3.amazonaws.com/photos/27435716/medium.jpeg,17008,Eastern Phoebe,data/new_raw/images/89def10c-ec11-428e-84d9-50c2c016dcf1.jpg
3b052800-70bb-4127-8fb8-13a8ad1e3801,https://inaturalist-open-data.s3.amazonaws.com/photos/27435719/medium.jpeg,343340,Eastern Red Fox Sparrow,data/new_raw/images/3b052800-70bb-4127-8fb8-13a8ad1e3801.jpg
f2cc61a6-c3b4-40fc-9b07-b2f5ea3774f8,https://inaturalist-open-data.s3.amazonaws.com/photos/27435725/medium.jpeg,9184,White-throated Sparrow,data/new_raw/images/f2cc61a6-c3b4-40fc-9b07-b2f5ea3774f8.jpg
8fdd5de3-76da-49d4-90c1-a300ef94f9f0,https://inaturalist-open-data.s3.amazonaws.com/photos/27435729/medium.jpeg,7562,Northern House Wren,data/new_raw/images/8fdd5de3-76da-49d4-90c1-a300ef94f9f0.jpg
1f8bec3c-274f-4a43-b23b-7f35d9fc72eb,https://inaturalist-open-data.s3.amazonaws.com/photos/27435737/medium.jpeg,117100,Golden-crowned Kinglet,data/new_raw/images/1f8bec3c-274f-4a43-b23b-7f35d9fc72eb.jpg
d22395e9-0c8a-4f53-b487-707466fe2813,https://inaturalist-open-data.s3.amazonaws.com/photos/27435740/medium.jpeg,122767,Feral Pigeon,data/new_raw/images/d22395e9-0c8a-4f53-b487-707466fe2813.jpg
5bf99339-3948-4e49-9bfe-d7628c9d03a2,https://inaturalist-open-data.s3.amazonaws.com/photos/27435744/medium.jpeg,9184,White-throated Sparrow,data/new_raw/images/5bf99339-3948-4e49-9bfe-d7628c9d03a2.jpg
2be8adc7-b9c5-4cfd-9ad4-2f8aae548386,https://inaturalist-open-data.s3.amazonaws.com/photos/27436300/medium.jpeg,1289388,Ruby-crowned Kinglet,data/new_raw/images/2be8adc7-b9c5-4cfd-9ad4-2f8aae548386.jpg
b0e6241f-e4fe-435d-9e7f-edf13c3fee9f,https://inaturalist-open-data.s3.amazonaws.com/photos/27447692/medium.jpg,1579017,Cooper's Hawk,data/new_raw/images/b0e6241f-e4fe-435d-9e7f-edf13c3fee9f.jpg
9479747c-8a75-4e8c-92ed-f2e5b4164d1d,https://static.inaturalist.org/photos/27449870/medium.jpg,46017,Eastern Gray Squirrel,data/new_raw/images/9479747c-8a75-4e8c-92ed-f2e5b4164d1d.jpg
8e2f0be1-64ab-44de-bd7d-32ca4a9a8c7e,https://static.inaturalist.org/photos/27450070/medium.jpg,6571,Chimney Swift,data/new_raw/images/8e2f0be1-64ab-44de-bd7d-32ca4a9a8c7e.jpg
ed1de1f2-42cf-4867-9bfc-39a48648b021,https://static.inaturalist.org/photos/27450458/medium.jpg,13858,House Sparrow,data/new_raw/images/ed1de1f2-42cf-4867-9bfc-39a48648b021.jpg
ba36dcc9-cf02-4833-afca-17731451724e,https://static.inaturalist.org/photos/27450345/medium.jpg,6930,Mallard,data/new_raw/images/ba36dcc9-cf02-4833-afca-17731451724e.jpg
f22a4736-d2f8-46c7-9e8e-4c24ab78b740,https://static.inaturalist.org/photos/27450400/medium.jpg,13858,House Sparrow,data/new_raw/images/f22a4736-d2f8-46c7-9e8e-4c24ab78b740.jpg
2d0881e1-071b-450b-abad-4dba28e828bc,https://static.inaturalist.org/photos/27450604/medium.jpg,13858,House Sparrow,data/new_raw/images/2d0881e1-071b-450b-abad-4dba28e828bc.jpg
7b49acd1-22e8-494e-9a2a-3af923e10d8f,https://static.inaturalist.org/photos/27450987/medium.jpg,3454,Mourning Dove,data/new_raw/images/7b49acd1-22e8-494e-9a2a-3af923e10d8f.jpg
12add7ab-cbd1-461c-b77d-b4409db023d5,https://static.inaturalist.org/photos/27451528/medium.jpeg,13858,House Sparrow,data/new_raw/images/12add7ab-cbd1-461c-b77d-b4409db023d5.jpg
dfd7176a-30a6-49f0-8df3-c3aeefbbd5a3,https://static.inaturalist.org/photos/27451536/medium.jpeg,13858,House Sparrow,data/new_raw/images/dfd7176a-30a6-49f0-8df3-c3aeefbbd5a3.jpg
a6971dd0-7f88-41c9-9aca-3e24f8620fd4,https://static.inaturalist.org/photos/27451537/medium.jpg,13858,House Sparrow,data/new_raw/images/a6971dd0-7f88-41c9-9aca-3e24f8620fd4.jpg
4833a6c3-21df-46b9-9169-aa8775cfd8e2,https://static.inaturalist.org/photos/27451538/medium.jpg,13858,House Sparrow,data/new_raw/images/4833a6c3-21df-46b9-9169-aa8775cfd8e2.jpg
a741ca2f-b7ea-4753-8efb-c9a75190e394,https://static.inaturalist.org/photos/27451567/medium.jpg,46017,Eastern Gray Squirrel,data/new_raw/images/a741ca2f-b7ea-4753-8efb-c9a75190e394.jpg
4626844f-9e8b-42ec-b052-04c339497b4f,https://static.inaturalist.org/photos/27451570/medium.jpg,13858,House Sparrow,data/new_raw/images/4626844f-9e8b-42ec-b052-04c339497b4f.jpg
b0a92f7b-961c-47bb-a5e1-2e2aa310cd39,https://static.inaturalist.org/photos/27454199/medium.jpg,7089,Canada Goose,data/new_raw/images/b0a92f7b-961c-47bb-a5e1-2e2aa310cd39.jpg
18091513-532d-4fff-927a-38ff298bc68d,https://static.inaturalist.org/photos/27454871/medium.jpg,7089,Canada Goose,data/new_raw/images/18091513-532d-4fff-927a-38ff298bc68d.jpg
5435f414-148d-454d-9125-3a7aadcabc95,https://static.inaturalist.org/photos/27455957/medium.jpg,1541538,Typical Hawks and Harriers,data/new_raw/images/5435f414-148d-454d-9125-3a7aadcabc95.jpg
4aae2af2-f743-4dda-8695-ab653f63bf16,https://static.inaturalist.org/photos/27455984/medium.jpg,5097,Sharp-shinned Hawk,data/new_raw/images/4aae2af2-f743-4dda-8695-ab653f63bf16.jpg
ba15c8bf-d7fb-42e5-afbc-586e5add8c0c,https://inaturalist-open-data.s3.amazonaws.com/photos/27477203/medium.jpg,145242,Palm Warbler,data/new_raw/images/ba15c8bf-d7fb-42e5-afbc-586e5add8c0c.jpg
29914b79-7db5-44a2-a340-b04de81d59ce,https://inaturalist-open-data.s3.amazonaws.com/photos/27478725/medium.jpeg,12727,American Robin,data/new_raw/images/29914b79-7db5-44a2-a340-b04de81d59ce.jpg
f8c833c4-2ef3-4273-9709-c3271304cafc,https://inaturalist-open-data.s3.amazonaws.com/photos/27478752/medium.jpeg,199840,House Finch,data/new_raw/images/f8c833c4-2ef3-4273-9709-c3271304cafc.jpg
dec42573-6c6a-4d1d-9804-add00c172262,https://inaturalist-open-data.s3.amazonaws.com/photos/27480042/medium.jpeg,5097,Sharp-shinned Hawk,data/new_raw/images/dec42573-6c6a-4d1d-9804-add00c172262.jpg
8462914c-24df-40b1-bdd4-eab95e088d2e,https://static.inaturalist.org/photos/27490459/medium.jpeg,118552,Domestic Cat,data/new_raw/images/8462914c-24df-40b1-bdd4-eab95e088d2e.jpg
a3183ae5-51a5-4f2f-9b7b-a4214cc894b0,https://static.inaturalist.org/photos/27490464/medium.jpeg,46017,Eastern Gray Squirrel,data/new_raw/images/a3183ae5-51a5-4f2f-9b7b-a4214cc894b0.jpg
e7552c06-f8ec-495e-b09d-e537626a1734,https://static.inaturalist.org/photos/27490466/medium.jpeg,46017,Eastern Gray Squirrel,data/new_raw/images/e7552c06-f8ec-495e-b09d-e537626a1734.jpg
2c7bddf5-700a-40d4-b65c-ec13110d5bb8,https://static.inaturalist.org/photos/27490469/medium.jpeg,43111,Eastern Cottontail,data/new_raw/images/2c7bddf5-700a-40d4-b65c-ec13110d5bb8.jpg
14bf1f73-bb88-4837-b9ef-c9aeeb03ea8e,https://static.inaturalist.org/photos/27490479/medium.jpeg,46017,Eastern Gray Squirrel,data/new_raw/images/14bf1f73-bb88-4837-b9ef-c9aeeb03ea8e.jpg
76c81aec-ccc8-4074-bc10-e5d88f048a56,https://static.inaturalist.org/photos/27490474/medium.jpeg,118552,Domestic Cat,data/new_raw/images/76c81aec-ccc8-4074-bc10-e5d88f048a56.jpg
9dc63632-dd00-4948-9502-c633f50150ff,https://static.inaturalist.org/photos/27490480/medium.jpeg,46017,Eastern Gray Squirrel,data/new_raw/images/9dc63632-dd00-4948-9502-c633f50150ff.jpg
8843142a-57ff-44e0-81e8-b0e92b53e3b9,https://static.inaturalist.org/photos/27490485/medium.jpeg,46017,Eastern Gray Squirrel,data/new_raw/images/8843142a-57ff-44e0-81e8-b0e92b53e3b9.jpg
bf19b205-490f-422f-91ab-c65cf2418ac7,https://static.inaturalist.org/photos/27490488/medium.jpeg,43111,Eastern Cottontail,data/new_raw/images/bf19b205-490f-422f-91ab-c65cf2418ac7.jpg
99cf158a-aba4-41bf-b0c4-3c02d4dd40d5,https://static.inaturalist.org/photos/27490493/medium.jpeg,118552,Domestic Cat,data/new_raw/images/99cf158a-aba4-41bf-b0c4-3c02d4dd40d5.jpg
91d2d582-10f3-407f-b967-15194129ca30,https://inaturalist-open-data.s3.amazonaws.com/photos/27497953/medium.jpg,7109,Hooded Merganser,data/new_raw/images/91d2d582-10f3-407f-b967-15194129ca30.jpg
74fdc880-3358-472e-8712-4102f366ce98,https://inaturalist-open-data.s3.amazonaws.com/photos/27503432/medium.jpg,4364,Ring-billed Gull,data/new_raw/images/74fdc880-3358-472e-8712-4102f366ce98.jpg
37bff5d7-1ef8-4490-8eb3-2d5b037feb4b,https://inaturalist-open-data.s3.amazonaws.com/photos/27503503/medium.jpg,4956,Great Blue Heron,data/new_raw/images/37bff5d7-1ef8-4490-8eb3-2d5b037feb4b.jpg
21ab1cb0-b73d-4aa5-a939-60c224625dc1,https://inaturalist-open-data.s3.amazonaws.com/photos/27503592/medium.jpg,5020,Green Heron,data/new_raw/images/21ab1cb0-b73d-4aa5-a939-60c224625dc1.jpg
cb7fda75-677a-4bbf-842a-90f20bf2a3a8,https://inaturalist-open-data.s3.amazonaws.com/photos/27503668/medium.jpg,1579017,Cooper's Hawk,data/new_raw/images/cb7fda75-677a-4bbf-842a-90f20bf2a3a8.jpg
a026dcc8-62cc-4e4c-a65b-35102e7a63ae,https://inaturalist-open-data.s3.amazonaws.com/photos/27514320/medium.jpg,144815,Black-capped Chickadee,data/new_raw/images/a026dcc8-62cc-4e4c-a65b-35102e7a63ae.jpg
a6fa72b8-8b6e-4b35-b444-1397ceab4fb3,https://inaturalist-open-data.s3.amazonaws.com/photos/27515394/medium.jpg,792988,Downy Woodpecker,data/new_raw/images/a6fa72b8-8b6e-4b35-b444-1397ceab4fb3.jpg
1f42aef0-bcdc-4f21-81f3-c8e0bdc7f075,https://inaturalist-open-data.s3.amazonaws.com/photos/27519194/medium.jpg,46217,Eastern Chipmunk,data/new_raw/images/1f42aef0-bcdc-4f21-81f3-c8e0bdc7f075.jpg
6e35ce7d-115b-406c-a145-46f59e3782b8,https://static.inaturalist.org/photos/27528313/medium.jpeg,118552,Domestic Cat,data/new_raw/images/6e35ce7d-115b-406c-a145-46f59e3782b8.jpg
8c736092-4011-48dc-b2a4-100ee610ed79,https://static.inaturalist.org/photos/27528336/medium.jpeg,46017,Eastern Gray Squirrel,data/new_raw/images/8c736092-4011-48dc-b2a4-100ee610ed79.jpg
b395d12b-1b2b-4367-80db-a575bdf0199d,https://static.inaturalist.org/photos/27528339/medium.jpeg,46017,Eastern Gray Squirrel,data/new_raw/images/b395d12b-1b2b-4367-80db-a575bdf0199d.jpg
f3575cc2-d40c-49a7-8862-ff5cb25e6057,https://static.inaturalist.org/photos/27528346/medium.jpeg,46017,Eastern Gray Squirrel,data/new_raw/images/f3575cc2-d40c-49a7-8862-ff5cb25e6057.jpg
c7030f27-02ef-4158-945c-5e3e1cd457ae,https://static.inaturalist.org/photos/27528373/medium.jpeg,46017,Eastern Gray Squirrel,data/new_raw/images/c7030f27-02ef-4158-945c-5e3e1cd457ae.jpg
99be85d2-2083-47b0-9c29-464e80cff2cc,https://static.inaturalist.org/photos/27528381/medium.jpeg,46017,Eastern Gray Squirrel,data/new_raw/images/99be85d2-2083-47b0-9c29-464e80cff2cc.jpg
6170218c-7fc5-49d5-b593-b3889e426f69,https://static.inaturalist.org/photos/27528383/medium.jpeg,118552,Domestic Cat,data/new_raw/images/6170218c-7fc5-49d5-b593-b3889e426f69.jpg
37c378ae-fd08-407f-a62e-cc26766f7e3d,https://static.inaturalist.org/photos/27528393/medium.jpeg,43111,Eastern Cottontail,data/new_raw/images/37c378ae-fd08-407f-a62e-cc26766f7e3d.jpg
ae49f26a-2d55-4978-bc6e-8a4f042a8e52,https://static.inaturalist.org/photos/27528395/medium.jpeg,46017,Eastern Gray Squirrel,data/new_raw/images/ae49f26a-2d55-4978-bc6e-8a4f042a8e52.jpg
2d043ee4-8964-41d9-b8ce-220bc8652957,https://static.inaturalist.org/photos/27528398/medium.jpeg,46017,Eastern Gray Squirrel,data/new_raw/images/2d043ee4-8964-41d9-b8ce-220bc8652957.jpg
5ab39608-54b4-4ddf-b9fe-b4967d1a0999,https://static.inaturalist.org/photos/27528401/medium.jpeg,46017,Eastern Gray Squirrel,data/new_raw/images/5ab39608-54b4-4ddf-b9fe-b4967d1a0999.jpg
a1a20703-bfe2-4f05-992d-edd964478aab,https://static.inaturalist.org/photos/27528409/medium.jpeg,46017,Eastern Gray Squirrel,data/new_raw/images/a1a20703-bfe2-4f05-992d-edd964478aab.jpg
b24124da-a6dd-4c87-ad15-0fc7db305d87,https://static.inaturalist.org/photos/27528412/medium.jpeg,46017,Eastern Gray Squirrel,data/new_raw/images/b24124da-a6dd-4c87-ad15-0fc7db305d87.jpg
c6a9ffc8-0b7c-4c3c-9f0b-8a8de9c51dc6,https://inaturalist-open-data.s3.amazonaws.com/photos/27532055/medium.jpeg,473,American Coot,data/new_raw/images/c6a9ffc8-0b7c-4c3c-9f0b-8a8de9c51dc6.jpg
8286849a-c7ce-44b3-b95c-1f0eb2c70518,https://inaturalist-open-data.s3.amazonaws.com/photos/27536304/medium.jpeg,473,American Coot,data/new_raw/images/8286849a-c7ce-44b3-b95c-1f0eb2c70518.jpg
ba71277f-578c-4c7d-96f3-3d4273f989a7,https://inaturalist-open-data.s3.amazonaws.com/photos/27569201/medium.jpg,10094,Dark-eyed Junco,data/new_raw/images/ba71277f-578c-4c7d-96f3-3d4273f989a7.jpg
107ba670-e299-4460-9766-d1a411c4d0c0,https://static.inaturalist.org/photos/27579844/medium.jpg,46017,Eastern Gray Squirrel,data/new_raw/images/107ba670-e299-4460-9766-d1a411c4d0c0.jpg
f922b135-7f9d-418d-806e-5f3259f885cb,https://inaturalist-open-data.s3.amazonaws.com/photos/27581236/medium.jpg,9083,Northern Cardinal,data/new_raw/images/f922b135-7f9d-418d-806e-5f3259f885cb.jpg
45371698-55d6-4b3d-8049-8884ab03d552,https://inaturalist-open-data.s3.amazonaws.com/photos/27585376/medium.jpg,9424,Eastern Towhee,data/new_raw/images/45371698-55d6-4b3d-8049-8884ab03d552.jpg
a5799e26-1716-45bf-83db-73444b0b03c2,https://inaturalist-open-data.s3.amazonaws.com/photos/27585452/medium.jpg,9424,Eastern Towhee,data/new_raw/images/a5799e26-1716-45bf-83db-73444b0b03c2.jpg
f0d86814-d199-4234-b263-38e9fd3209f2,https://static.inaturalist.org/photos/27619918/medium.jpg,46020,Eastern Fox Squirrel,data/new_raw/images/f0d86814-d199-4234-b263-38e9fd3209f2.jpg
392221f2-7aca-45c7-9cd7-91144e79092f,https://static.inaturalist.org/photos/27620044/medium.jpg,145310,American Goldfinch,data/new_raw/images/392221f2-7aca-45c7-9cd7-91144e79092f.jpg
c49d90fa-29a5-41cb-a80a-d186db7f33e7,https://static.inaturalist.org/photos/27667546/medium.jpg,10094,Dark-eyed Junco,data/new_raw/images/c49d90fa-29a5-41cb-a80a-d186db7f33e7.jpg
66c4c5bc-b7f0-4b2f-8e02-fe1c59ddf3e6,https://static.inaturalist.org/photos/27667586/medium.jpg,9083,Northern Cardinal,data/new_raw/images/66c4c5bc-b7f0-4b2f-8e02-fe1c59ddf3e6.jpg
5fc18d43-cbeb-47c2-97b9-7ac6f60ac414,https://inaturalist-open-data.s3.amazonaws.com/photos/27670436/medium.jpeg,7089,Canada Goose,data/new_raw/images/5fc18d43-cbeb-47c2-97b9-7ac6f60ac414.jpg
6f9a1b71-86dc-494e-a20e-f7c4c3e4272a,https://inaturalist-open-data.s3.amazonaws.com/photos/27670266/medium.jpeg,326092,Mallard × Muscovy Duck,data/new_raw/images/6f9a1b71-86dc-494e-a20e-f7c4c3e4272a.jpg
4582217b-a801-49d6-9be6-8dcf68f115d4,https://inaturalist-open-data.s3.amazonaws.com/photos/27685390/medium.jpeg,44705,House Mouse,data/new_raw/images/4582217b-a801-49d6-9be6-8dcf68f115d4.jpg
ee3be18a-87f3-40ea-95f9-80be638e3136,https://inaturalist-open-data.s3.amazonaws.com/photos/27685917/medium.jpeg,4798,Piping Plover,data/new_raw/images/ee3be18a-87f3-40ea-95f9-80be638e3136.jpg
d10675ab-3c93-4de2-9d0d-60c2d93478df,https://inaturalist-open-data.s3.amazonaws.com/photos/27692302/medium.jpeg,3849,Sanderling,data/new_raw/images/d10675ab-3c93-4de2-9d0d-60c2d93478df.jpg
62569e0b-2e10-4a10-99df-703c357de852,https://inaturalist-open-data.s3.amazonaws.com/photos/27692307/medium.jpeg,1578489,American Herring Gull,data/new_raw/images/62569e0b-2e10-4a10-99df-703c357de852.jpg
4be054c9-0d69-4a40-81b9-1c3ff40c8b38,https://inaturalist-open-data.s3.amazonaws.com/photos/27717024/medium.jpg,7458,Brown Creeper,data/new_raw/images/4be054c9-0d69-4a40-81b9-1c3ff40c8b38.jpg
c374e29e-476c-4032-93b7-c5f4d463d25f,https://inaturalist-open-data.s3.amazonaws.com/photos/27717207/medium.jpg,10094,Dark-eyed Junco,data/new_raw/images/c374e29e-476c-4032-93b7-c5f4d463d25f.jpg
dc92c3ed-0893-42e0-b0ac-b0c66e2795b6,https://inaturalist-open-data.s3.amazonaws.com/photos/27717660/medium.jpg,1289388,Ruby-crowned Kinglet,data/new_raw/images/dc92c3ed-0893-42e0-b0ac-b0c66e2795b6.jpg
7c7874ad-3a36-4d56-a599-7552f6d696ce,https://inaturalist-open-data.s3.amazonaws.com/photos/27718175/medium.jpg,10094,Dark-eyed Junco,data/new_raw/images/7c7874ad-3a36-4d56-a599-7552f6d696ce.jpg
0a5a14e6-c9aa-4ec2-8e33-74e2c0995316,https://inaturalist-open-data.s3.amazonaws.com/photos/27718610/medium.jpg,132764,Slate-colored Junco,data/new_raw/images/0a5a14e6-c9aa-4ec2-8e33-74e2c0995316.jpg
b922273c-f266-45de-bb0e-e3699512ce81,https://static.inaturalist.org/photos/27720489/medium.jpeg,43584,Human,data/new_raw/images/b922273c-f266-45de-bb0e-e3699512ce81.jpg
6d2c526b-56cd-45ce-9dc0-b56371460805,https://inaturalist-open-data.s3.amazonaws.com/photos/27721902/medium.jpeg,7089,Canada Goose,data/new_raw/images/6d2c526b-56cd-45ce-9dc0-b56371460805.jpg
1590af48-686b-4837-a50c-9b1577da7456,https://inaturalist-open-data.s3.amazonaws.com/photos/27721934/medium.jpeg,7089,Canada Goose,data/new_raw/images/1590af48-686b-4837-a50c-9b1577da7456.jpg
2a24f997-7777-43be-82d4-f724b2dd18c9,https://static.inaturalist.org/photos/27724995/medium.jpg,43584,Human,data/new_raw/images/2a24f997-7777-43be-82d4-f724b2dd18c9.jpg
e78333bf-3446-473c-8892-901f7629ca6f,https://static.inaturalist.org/photos/27727286/medium.jpg,9083,Northern Cardinal,data/new_raw/images/e78333bf-3446-473c-8892-901f7629ca6f.jpg
a42014af-f78f-45a1-8bde-bea570c25b86,https://static.inaturalist.org/photos/27727364/medium.jpg,42051,Coyote,data/new_raw/images/a42014af-f78f-45a1-8bde-bea570c25b86.jpg
e2612347-cd00-4235-84b2-cd6055b03bce,https://inaturalist-open-data.s3.amazonaws.com/photos/27729713/medium.jpg,14850,European Starling,data/new_raw/images/e2612347-cd00-4235-84b2-cd6055b03bce.jpg
376456b2-3ee0-464e-b463-075daafafef2,https://inaturalist-open-data.s3.amazonaws.com/photos/27729817/medium.jpg,5212,Red-tailed Hawk,data/new_raw/images/376456b2-3ee0-464e-b463-075daafafef2.jpg
fcf2b666-1444-4c8d-a330-1a95658c9f40,https://inaturalist-open-data.s3.amazonaws.com/photos/27730361/medium.jpg,9184,White-throated Sparrow,data/new_raw/images/fcf2b666-1444-4c8d-a330-1a95658c9f40.jpg
f3bb63d9-93d4-43fe-82a7-e356fd1eaeaf,https://inaturalist-open-data.s3.amazonaws.com/photos/27730435/medium.jpg,117100,Golden-crowned Kinglet,data/new_raw/images/f3bb63d9-93d4-43fe-82a7-e356fd1eaeaf.jpg
b6df8c7a-28d9-4dc2-b499-f9e4b88f154b,https://static.inaturalist.org/photos/27736364/medium.jpeg,6930,Mallard,data/new_raw/images/b6df8c7a-28d9-4dc2-b499-f9e4b88f154b.jpg
28fb74d5-9a16-4547-9ba9-d9497da90420,https://static.inaturalist.org/photos/27736572/medium.jpeg,7107,Wood Duck,data/new_raw/images/28fb74d5-9a16-4547-9ba9-d9497da90420.jpg
f2a8ed86-42e9-4997-8df3-d212063c1c76,https://static.inaturalist.org/photos/27736614/medium.jpeg,6994,Barrow's Goldeneye,data/new_raw/images/f2a8ed86-42e9-4997-8df3-d212063c1c76.jpg
12edc1a0-fec4-4a92-a8e3-e035db72c3c0,https://static.inaturalist.org/photos/27736638/medium.jpeg,7109,Hooded Merganser,data/new_raw/images/12edc1a0-fec4-4a92-a8e3-e035db72c3c0.jpg
ecb5166b-f6f8-4dd0-b7b8-d03a7982f1b5,https://static.inaturalist.org/photos/27736670/medium.jpeg,4258,Chilean Flamingo,data/new_raw/images/ecb5166b-f6f8-4dd0-b7b8-d03a7982f1b5.jpg
3df4b2b6-d4b0-4b83-a6c3-215ff7d75b21,https://inaturalist-open-data.s3.amazonaws.com/photos/27738324/medium.jpeg,4981,Black-crowned Night Heron,data/new_raw/images/3df4b2b6-d4b0-4b83-a6c3-215ff7d75b21.jpg
eb7e8285-4165-4357-9449-c8b62511a224,https://inaturalist-open-data.s3.amazonaws.com/photos/27738327/medium.jpeg,12727,American Robin,data/new_raw/images/eb7e8285-4165-4357-9449-c8b62511a224.jpg
84f9c15c-57b5-47cd-87d8-4a861bd48fc5,https://static.inaturalist.org/photos/27802353/medium.jpg,4258,Chilean Flamingo,data/new_raw/images/84f9c15c-57b5-47cd-87d8-4a861bd48fc5.jpg
19d57703-8df0-4973-8b74-97357e7bafa4,https://static.inaturalist.org/photos/27804726/medium.jpg,43111,Eastern Cottontail,data/new_raw/images/19d57703-8df0-4973-8b74-97357e7bafa4.jpg
d5faf6ec-65df-422f-8f9b-c260202cc431,https://static.inaturalist.org/photos/27830498/medium.jpg,122767,Feral Pigeon,data/new_raw/images/d5faf6ec-65df-422f-8f9b-c260202cc431.jpg
431952df-0371-4437-baf4-492af7a2c0dd,https://static.inaturalist.org/photos/27833205/medium.jpeg,8021,American Crow,data/new_raw/images/431952df-0371-4437-baf4-492af7a2c0dd.jpg
b1db4c16-c8f1-490e-a964-f0d9822ed5f4,https://static.inaturalist.org/photos/27893040/medium.jpg,13858,House Sparrow,data/new_raw/images/b1db4c16-c8f1-490e-a964-f0d9822ed5f4.jpg
834d9b09-e726-4637-817f-823ba8ba7950,https://inaturalist-open-data.s3.amazonaws.com/photos/27894749/medium.jpg,5212,Red-tailed Hawk,data/new_raw/images/834d9b09-e726-4637-817f-823ba8ba7950.jpg
d62252ff-a177-4ee2-93b7-a21c31fd1432,https://inaturalist-open-data.s3.amazonaws.com/photos/27903642/medium.jpeg,508048,Sandhill Crane,data/new_raw/images/d62252ff-a177-4ee2-93b7-a21c31fd1432.jpg
35247257-2d68-480f-a10a-c8d991b0dc4f,https://inaturalist-open-data.s3.amazonaws.com/photos/27904922/medium.jpeg,508048,Sandhill Crane,data/new_raw/images/35247257-2d68-480f-a10a-c8d991b0dc4f.jpg
e3c8175c-ad58-4c61-b1c2-0e707b14d5fd,https://inaturalist-open-data.s3.amazonaws.com/photos/27904926/medium.jpeg,494355,Eastern Red-tailed Hawk,data/new_raw/images/e3c8175c-ad58-4c61-b1c2-0e707b14d5fd.jpg
6a39c18a-6953-4feb-84f0-5b37611440eb,https://inaturalist-open-data.s3.amazonaws.com/photos/27904931/medium.jpeg,792988,Downy Woodpecker,data/new_raw/images/6a39c18a-6953-4feb-84f0-5b37611440eb.jpg
735bc9b0-887f-4fec-aaf6-4a1ccf8dfbb2,https://inaturalist-open-data.s3.amazonaws.com/photos/27904933/medium.jpeg,4756,Turkey Vulture,data/new_raw/images/735bc9b0-887f-4fec-aaf6-4a1ccf8dfbb2.jpg
93ee787c-6a9d-4f97-8968-2960f6b82533,https://inaturalist-open-data.s3.amazonaws.com/photos/27909252/medium.jpeg,42223,White-tailed Deer,data/new_raw/images/93ee787c-6a9d-4f97-8968-2960f6b82533.jpg
ff1e13dd-50b7-466b-9739-1d504a3a727c,https://inaturalist-open-data.s3.amazonaws.com/photos/27912343/medium.jpg,5212,Red-tailed Hawk,data/new_raw/images/ff1e13dd-50b7-466b-9739-1d504a3a727c.jpg
a2ac7ba6-6d64-44b7-aa95-b933e3f022ea,https://inaturalist-open-data.s3.amazonaws.com/photos/27915360/medium.jpg,473,American Coot,data/new_raw/images/a2ac7ba6-6d64-44b7-aa95-b933e3f022ea.jpg
72877548-383f-48f1-9051-5c2277658c55,https://inaturalist-open-data.s3.amazonaws.com/photos/27981607/medium.jpeg,474210,American Tree Sparrow,data/new_raw/images/72877548-383f-48f1-9051-5c2277658c55.jpg
29963fbc-f464-4add-b9d8-d0ff13b182bb,https://inaturalist-open-data.s3.amazonaws.com/photos/27981880/medium.jpeg,9100,Song Sparrow,data/new_raw/images/29963fbc-f464-4add-b9d8-d0ff13b182bb.jpg
0d3aff54-7744-453e-b6c3-07ccd2750320,https://inaturalist-open-data.s3.amazonaws.com/photos/27982372/medium.jpeg,117100,Golden-crowned Kinglet,data/new_raw/images/0d3aff54-7744-453e-b6c3-07ccd2750320.jpg
05ef8b63-a516-4af0-9fcf-29d38c2a12b3,https://inaturalist-open-data.s3.amazonaws.com/photos/27982496/medium.jpeg,5212,Red-tailed Hawk,data/new_raw/images/05ef8b63-a516-4af0-9fcf-29d38c2a12b3.jpg
31e4b7ff-56b6-4c09-a949-7ff02666592a,https://inaturalist-open-data.s3.amazonaws.com/photos/27982548/medium.jpeg,145310,American Goldfinch,data/new_raw/images/31e4b7ff-56b6-4c09-a949-7ff02666592a.jpg
3847472a-575a-4b3c-9e16-695d3f5e8299,https://inaturalist-open-data.s3.amazonaws.com/photos/27982583/medium.jpeg,9184,White-throated Sparrow,data/new_raw/images/3847472a-575a-4b3c-9e16-695d3f5e8299.jpg
8545fd7e-b963-466a-8a29-07b598cc9b48,https://inaturalist-open-data.s3.amazonaws.com/photos/27982779/medium.jpeg,9156,Fox Sparrow,data/new_raw/images/8545fd7e-b963-466a-8a29-07b598cc9b48.jpg
fd4757f7-4d16-4789-91dc-933bf838b80e,https://inaturalist-open-data.s3.amazonaws.com/photos/27982822/medium.jpeg,1579017,Cooper's Hawk,data/new_raw/images/fd4757f7-4d16-4789-91dc-933bf838b80e.jpg
5c1760c2-b12d-4e35-a79a-ee58a9c5dd62,https://inaturalist-open-data.s3.amazonaws.com/photos/27986016/medium.jpg,5212,Red-tailed Hawk,data/new_raw/images/5c1760c2-b12d-4e35-a79a-ee58a9c5dd62.jpg
a2833da0-bdf7-4e5a-8ecb-d682b0e4e0fe,https://inaturalist-open-data.s3.amazonaws.com/photos/27986069/medium.jpg,18205,Red-bellied Woodpecker,data/new_raw/images/a2833da0-bdf7-4e5a-8ecb-d682b0e4e0fe.jpg
7e01fb2a-910b-4eaa-9939-b6c0287a7c00,https://inaturalist-open-data.s3.amazonaws.com/photos/27986083/medium.jpg,46020,Eastern Fox Squirrel,data/new_raw/images/7e01fb2a-910b-4eaa-9939-b6c0287a7c00.jpg
a4925e69-06c0-4fa4-a81e-50b5a31230b6,https://inaturalist-open-data.s3.amazonaws.com/photos/27986263/medium.jpg,792988,Downy Woodpecker,data/new_raw/images/a4925e69-06c0-4fa4-a81e-50b5a31230b6.jpg
399543d5-765b-4a7d-b995-1a29373b8898,https://inaturalist-open-data.s3.amazonaws.com/photos/27997470/medium.jpeg,508048,Sandhill Crane,data/new_raw/images/399543d5-765b-4a7d-b995-1a29373b8898.jpg
d5d63f35-578c-4f90-90e5-7e4b400ab943,https://inaturalist-open-data.s3.amazonaws.com/photos/27997472/medium.jpeg,5305,Bald Eagle,data/new_raw/images/d5d63f35-578c-4f90-90e5-7e4b400ab943.jpg
289072a4-5114-4479-a950-31c9de3f545a,https://inaturalist-open-data.s3.amazonaws.com/photos/27997474/medium.jpeg,5200,Rough-legged Hawk,data/new_raw/images/289072a4-5114-4479-a950-31c9de3f545a.jpg
a49737a1-a919-4491-a1ac-ccd1328da0a4,https://inaturalist-open-data.s3.amazonaws.com/photos/27997476/medium.jpeg,5305,Bald Eagle,data/new_raw/images/a49737a1-a919-4491-a1ac-ccd1328da0a4.jpg
1b65f563-989a-44cf-b5d4-5b3706433263,https://inaturalist-open-data.s3.amazonaws.com/photos/27997479/medium.jpeg,5200,Rough-legged Hawk,data/new_raw/images/1b65f563-989a-44cf-b5d4-5b3706433263.jpg
bc143ca9-62e5-4fb4-8532-9f73117595e3,https://inaturalist-open-data.s3.amazonaws.com/photos/27997478/medium.jpeg,494355,Eastern Red-tailed Hawk,data/new_raw/images/bc143ca9-62e5-4fb4-8532-9f73117595e3.jpg
4c5ac29f-632f-40e8-88e2-0ecc57510a78,https://static.inaturalist.org/photos/28005513/medium.jpg,44396,Eastern Deermouse,data/new_raw/images/4c5ac29f-632f-40e8-88e2-0ecc57510a78.jpg
52dbd933-7e83-4f06-abf5-f0080fc3efe5,https://inaturalist-open-data.s3.amazonaws.com/photos/28007295/medium.jpeg,145237,Blackburnian Warbler,data/new_raw/images/52dbd933-7e83-4f06-abf5-f0080fc3efe5.jpg
dee5f165-6616-4a8a-8033-e8223bdbd0ab,https://inaturalist-open-data.s3.amazonaws.com/photos/28013470/medium.jpeg,46017,Eastern Gray Squirrel,data/new_raw/images/dee5f165-6616-4a8a-8033-e8223bdbd0ab.jpg
81f02edd-85a5-4255-93d9-f10145298ddb,https://inaturalist-open-data.s3.amazonaws.com/photos/28013624/medium.jpeg,13858,House Sparrow,data/new_raw/images/81f02edd-85a5-4255-93d9-f10145298ddb.jpg
5bd3a171-120d-4fad-bda4-794a85632949,https://inaturalist-open-data.s3.amazonaws.com/photos/28013785/medium.jpeg,46017,Eastern Gray Squirrel,data/new_raw/images/5bd3a171-120d-4fad-bda4-794a85632949.jpg
2ff34a12-2161-44ab-b24d-021fa08641be,https://inaturalist-open-data.s3.amazonaws.com/photos/28014644/medium.jpg,1579017,Cooper's Hawk,data/new_raw/images/2ff34a12-2161-44ab-b24d-021fa08641be.jpg
93952f70-5508-4499-b3ba-533197f286a6,https://inaturalist-open-data.s3.amazonaws.com/photos/28014813/medium.jpg,508048,Sandhill Crane,data/new_raw/images/93952f70-5508-4499-b3ba-533197f286a6.jpg
9dab78b5-2b98-4263-8ac8-0d4341c12e24,https://inaturalist-open-data.s3.amazonaws.com/photos/28014857/medium.jpg,10094,Dark-eyed Junco,data/new_raw/images/9dab78b5-2b98-4263-8ac8-0d4341c12e24.jpg
8849c6b6-b797-427b-bbe6-38aa2e43d6bd,https://inaturalist-open-data.s3.amazonaws.com/photos/28015168/medium.jpg,792988,Downy Woodpecker,data/new_raw/images/8849c6b6-b797-427b-bbe6-38aa2e43d6bd.jpg
ff439c1b-b1a3-4392-b8cf-d18aff08a00d,https://inaturalist-open-data.s3.amazonaws.com/photos/28015192/medium.jpg,9184,White-throated Sparrow,data/new_raw/images/ff439c1b-b1a3-4392-b8cf-d18aff08a00d.jpg
40aaea54-53a0-4069-9858-0e05cebb22f7,https://inaturalist-open-data.s3.amazonaws.com/photos/28031680/medium.jpeg,7109,Hooded Merganser,data/new_raw/images/40aaea54-53a0-4069-9858-0e05cebb22f7.jpg
3671360d-e10d-4d24-ac13-186b56aa1aaa,https://inaturalist-open-data.s3.amazonaws.com/photos/28031734/medium.jpeg,7109,Hooded Merganser,data/new_raw/images/3671360d-e10d-4d24-ac13-186b56aa1aaa.jpg
cf8d275b-5eb7-42ab-bae3-dd517158006e,https://inaturalist-open-data.s3.amazonaws.com/photos/28031836/medium.jpeg,9135,Chipping Sparrow,data/new_raw/images/cf8d275b-5eb7-42ab-bae3-dd517158006e.jpg
223840f7-1e68-4ce0-a2a7-16ac01095e56,https://static.inaturalist.org/photos/28052408/medium.jpg,145300,Redpoll,data/new_raw/images/223840f7-1e68-4ce0-a2a7-16ac01095e56.jpg
ff63fed6-d64f-478e-9df8-6b0f681374f4,https://static.inaturalist.org/photos/28052450/medium.jpg,9083,Northern Cardinal,data/new_raw/images/ff63fed6-d64f-478e-9df8-6b0f681374f4.jpg
915607ff-18cd-4436-9679-7cdb8f4f4c19,https://static.inaturalist.org/photos/28056087/medium.jpg,117100,Golden-crowned Kinglet,data/new_raw/images/915607ff-18cd-4436-9679-7cdb8f4f4c19.jpg
a55fb631-ca71-4e71-85e1-0fc135d0ff18,https://static.inaturalist.org/photos/28060132/medium.jpg,46017,Eastern Gray Squirrel,data/new_raw/images/a55fb631-ca71-4e71-85e1-0fc135d0ff18.jpg
0b0b0024-8b46-4e06-8a37-031d64f59c39,https://static.inaturalist.org/photos/28060307/medium.jpg,792988,Downy Woodpecker,data/new_raw/images/0b0b0024-8b46-4e06-8a37-031d64f59c39.jpg
faf5527e-9fea-48ba-aaaf-1c31b7372208,https://static.inaturalist.org/photos/28060348/medium.jpg,7089,Canada Goose,data/new_raw/images/faf5527e-9fea-48ba-aaaf-1c31b7372208.jpg
ca19a132-9fc9-4a25-9beb-c5417275c854,https://static.inaturalist.org/photos/28060421/medium.jpg,792988,Downy Woodpecker,data/new_raw/images/ca19a132-9fc9-4a25-9beb-c5417275c854.jpg
5b588759-0dc4-47a7-a7ac-3266e371e6d9,https://inaturalist-open-data.s3.amazonaws.com/photos/28063362/medium.jpg,7294,Horned Lark,data/new_raw/images/5b588759-0dc4-47a7-a7ac-3266e371e6d9.jpg
2a618d77-d194-4f3c-af1f-e14e835ebb37,https://static.inaturalist.org/photos/28065568/medium.jpg,9083,Northern Cardinal,data/new_raw/images/2a618d77-d194-4f3c-af1f-e14e835ebb37.jpg
f8076975-a5ef-405d-b567-c489a8a97bc3,https://static.inaturalist.org/photos/28065604/medium.jpg,42223,White-tailed Deer,data/new_raw/images/f8076975-a5ef-405d-b567-c489a8a97bc3.jpg
f25c1b41-7c5b-496a-bd9c-e52784885f0b,https://inaturalist-open-data.s3.amazonaws.com/photos/28068697/medium.jpeg,3875,Solitary Sandpiper,data/new_raw/images/f25c1b41-7c5b-496a-bd9c-e52784885f0b.jpg
9eaf3494-4bfc-40df-8fa5-b9bde04b4f12,https://inaturalist-open-data.s3.amazonaws.com/photos/28068713/medium.jpeg,144537,Caspian Tern,data/new_raw/images/9eaf3494-4bfc-40df-8fa5-b9bde04b4f12.jpg
35bd4d26-7ee3-42ec-a9ee-5b520be5c852,https://inaturalist-open-data.s3.amazonaws.com/photos/28068717/medium.jpeg,17394,Warbling Vireo,data/new_raw/images/35bd4d26-7ee3-42ec-a9ee-5b520be5c852.jpg
98ea386a-1eb5-4a4f-9d28-7a2e77ec2517,https://inaturalist-open-data.s3.amazonaws.com/photos/28068720/medium.jpeg,145237,Blackburnian Warbler,data/new_raw/images/98ea386a-1eb5-4a4f-9d28-7a2e77ec2517.jpg
d4a405c9-8de1-4247-b50b-5fea6a38e495,https://inaturalist-open-data.s3.amazonaws.com/photos/28068723/medium.jpeg,145258,Black-throated Green Warbler,data/new_raw/images/d4a405c9-8de1-4247-b50b-5fea6a38e495.jpg
78bd150f-5ea2-4f77-8e18-1bfad24c9cb6,https://inaturalist-open-data.s3.amazonaws.com/photos/28068743/medium.jpeg,12901,Veery,data/new_raw/images/78bd150f-5ea2-4f77-8e18-1bfad24c9cb6.jpg
bb04ccbc-4779-4f4f-b275-f101a874be7f,https://inaturalist-open-data.s3.amazonaws.com/photos/28068747/medium.jpeg,10271,Rose-breasted Grosbeak,data/new_raw/images/bb04ccbc-4779-4f4f-b275-f101a874be7f.jpg
2c17dfae-6a52-4f29-b0f8-4b4e0f6acf83,https://inaturalist-open-data.s3.amazonaws.com/photos/28068748/medium.jpeg,10286,Black-and-white Warbler,data/new_raw/images/2c17dfae-6a52-4f29-b0f8-4b4e0f6acf83.jpg
6cb756af-9d18-4a57-92ba-c218681eed36,https://inaturalist-open-data.s3.amazonaws.com/photos/28068751/medium.jpeg,555736,Northern Yellow-shafted Flicker,data/new_raw/images/6cb756af-9d18-4a57-92ba-c218681eed36.jpg
bcd8ea70-ece4-4254-951e-66a508c31fc2,https://inaturalist-open-data.s3.amazonaws.com/photos/28068752/medium.jpeg,17394,Warbling Vireo,data/new_raw/images/bcd8ea70-ece4-4254-951e-66a508c31fc2.jpg
9c380998-af5a-4afc-b0eb-974474ec9a53,https://inaturalist-open-data.s3.amazonaws.com/photos/28068756/medium.jpeg,17394,Warbling Vireo,data/new_raw/images/9c380998-af5a-4afc-b0eb-974474ec9a53.jpg
da22fc01-84f3-490a-9c1d-aed3148e31ff,https://inaturalist-open-data.s3.amazonaws.com/photos/28068761/medium.jpeg,10227,Indigo Bunting,data/new_raw/images/da22fc01-84f3-490a-9c1d-aed3148e31ff.jpg
43f2fca4-53aa-473f-bad5-c0476ade6e85,https://inaturalist-open-data.s3.amazonaws.com/photos/28068763/medium.jpeg,145238,Yellow Warbler,data/new_raw/images/43f2fca4-53aa-473f-bad5-c0476ade6e85.jpg
0d11598b-abc1-4a89-924b-1265c49e8f6f,https://inaturalist-open-data.s3.amazonaws.com/photos/28068781/medium.jpeg,41663,Common Raccoon,data/new_raw/images/0d11598b-abc1-4a89-924b-1265c49e8f6f.jpg
c3850ce9-289d-41ed-80fd-1b6af01d8319,https://inaturalist-open-data.s3.amazonaws.com/photos/28068784/medium.jpeg,9721,Common Yellowthroat,data/new_raw/images/c3850ce9-289d-41ed-80fd-1b6af01d8319.jpg
40b009ba-2d30-4132-8ac8-1e8af0b00ae3,https://inaturalist-open-data.s3.amazonaws.com/photos/28068787/medium.jpeg,9807,Golden-winged Warbler,data/new_raw/images/40b009ba-2d30-4132-8ac8-1e8af0b00ae3.jpg
b31258bb-1910-4786-a0a9-f57f1cfa5bed,https://inaturalist-open-data.s3.amazonaws.com/photos/28068788/medium.jpeg,16597,Empidonax Flycatchers,data/new_raw/images/b31258bb-1910-4786-a0a9-f57f1cfa5bed.jpg
f0d1e693-db1e-4d44-9404-ddb00b2a3528,https://inaturalist-open-data.s3.amazonaws.com/photos/28068795/medium.jpeg,12901,Veery,data/new_raw/images/f0d1e693-db1e-4d44-9404-ddb00b2a3528.jpg
f45863c1-88c7-46e5-825d-61843e3ee792,https://inaturalist-open-data.s3.amazonaws.com/photos/28068797/medium.jpeg,9083,Northern Cardinal,data/new_raw/images/f45863c1-88c7-46e5-825d-61843e3ee792.jpg
235da26f-c4ef-44e5-9e1b-f16857be317e,https://inaturalist-open-data.s3.amazonaws.com/photos/28068800/medium.jpeg,145233,Northern Parula,data/new_raw/images/235da26f-c4ef-44e5-9e1b-f16857be317e.jpg
ec965cde-6220-4237-bedb-cc327648e92c,https://inaturalist-open-data.s3.amazonaws.com/photos/28070165/medium.jpeg,42223,White-tailed Deer,data/new_raw/images/ec965cde-6220-4237-bedb-cc327648e92c.jpg
18625cdd-37b6-47de-b2f4-56b199c6ddef,https://inaturalist-open-data.s3.amazonaws.com/photos/28070166/medium.jpeg,1286843,Sedge Wren,data/new_raw/images/18625cdd-37b6-47de-b2f4-56b199c6ddef.jpg
6a173d79-ccf3-4562-86c7-87562149469d,https://inaturalist-open-data.s3.amazonaws.com/photos/28070171/medium.jpeg,14995,Gray Catbird,data/new_raw/images/6a173d79-ccf3-4562-86c7-87562149469d.jpg
960e3179-8ae6-4832-9227-e1f3d59c73cc,https://inaturalist-open-data.s3.amazonaws.com/photos/28070182/medium.jpeg,62550,Ovenbird,data/new_raw/images/960e3179-8ae6-4832-9227-e1f3d59c73cc.jpg
c10521af-9366-4e40-bbb0-c4c62503bd0c,https://inaturalist-open-data.s3.amazonaws.com/photos/28070183/medium.jpeg,494355,Eastern Red-tailed Hawk,data/new_raw/images/c10521af-9366-4e40-bbb0-c4c62503bd0c.jpg
69cd835e-47d5-441e-9096-d3a6aac01c8d,https://inaturalist-open-data.s3.amazonaws.com/photos/28070185/medium.jpeg,12883,Gray-cheeked Thrush,data/new_raw/images/69cd835e-47d5-441e-9096-d3a6aac01c8d.jpg
6ece4303-7df6-4b16-bd85-8a99ac5b1127,https://inaturalist-open-data.s3.amazonaws.com/photos/28071474/medium.jpeg,145275,Canada Warbler,data/new_raw/images/6ece4303-7df6-4b16-bd85-8a99ac5b1127.jpg
4815020f-a826-4b04-b7bf-414bcca036fe,https://inaturalist-open-data.s3.amazonaws.com/photos/28071811/medium.jpeg,7019,Greater White-fronted Goose,data/new_raw/images/4815020f-a826-4b04-b7bf-414bcca036fe.jpg
0f810209-cb2a-4ea3-8d06-1b0210426569,https://inaturalist-open-data.s3.amazonaws.com/photos/28071856/medium.jpeg,9184,White-throated Sparrow,data/new_raw/images/0f810209-cb2a-4ea3-8d06-1b0210426569.jpg
3e1b459e-2d0f-4259-97ca-b358169ce424,https://inaturalist-open-data.s3.amazonaws.com/photos/28071860/medium.jpeg,9176,White-crowned Sparrow,data/new_raw/images/3e1b459e-2d0f-4259-97ca-b358169ce424.jpg
dfbe07eb-d5d7-4e6f-8c14-d5c6a3a5af35,https://inaturalist-open-data.s3.amazonaws.com/photos/28071942/medium.jpeg,145229,Hooded Warbler,data/new_raw/images/dfbe07eb-d5d7-4e6f-8c14-d5c6a3a5af35.jpg
d5f0a1cf-5c15-4bde-a342-16275f19e63a,https://inaturalist-open-data.s3.amazonaws.com/photos/28071946/medium.jpeg,42223,White-tailed Deer,data/new_raw/images/d5f0a1cf-5c15-4bde-a342-16275f19e63a.jpg
c8942eea-5e1d-452f-8031-87b35af0330d,https://inaturalist-open-data.s3.amazonaws.com/photos/28072408/medium.jpeg,1960,Black-billed Cuckoo,data/new_raw/images/c8942eea-5e1d-452f-8031-87b35af0330d.jpg
6908ab68-c4ee-4d59-a6ec-a8d81987b4ee,https://inaturalist-open-data.s3.amazonaws.com/photos/28072411/medium.jpeg,4793,Killdeer,data/new_raw/images/6908ab68-c4ee-4d59-a6ec-a8d81987b4ee.jpg
17785008-e065-499a-8a06-f22dcabb8fbd,https://inaturalist-open-data.s3.amazonaws.com/photos/28073415/medium.jpeg,9148,Clay-colored Sparrow,data/new_raw/images/17785008-e065-499a-8a06-f22dcabb8fbd.jpg
90b30ab6-2530-4756-8fee-adc6e030edbd,https://inaturalist-open-data.s3.amazonaws.com/photos/28073417/medium.jpeg,3875,Solitary Sandpiper,data/new_raw/images/90b30ab6-2530-4756-8fee-adc6e030edbd.jpg
0a6bbc14-7591-4fb5-9008-d4949f7c3031,https://inaturalist-open-data.s3.amazonaws.com/photos/28073419/medium.jpeg,4981,Black-crowned Night Heron,data/new_raw/images/0a6bbc14-7591-4fb5-9008-d4949f7c3031.jpg
b3257999-a76d-415f-b0c6-c417e7efd711,https://inaturalist-open-data.s3.amazonaws.com/photos/28073420/medium.jpeg,5020,Green Heron,data/new_raw/images/b3257999-a76d-415f-b0c6-c417e7efd711.jpg
56a78ff4-3260-45e6-96ff-ec23cffa3f86,https://inaturalist-open-data.s3.amazonaws.com/photos/28073426/medium.jpeg,132704,Myrtle Warbler,data/new_raw/images/56a78ff4-3260-45e6-96ff-ec23cffa3f86.jpg
df329ea6-5f26-4af0-8fe1-e0d5c9dcd967,https://inaturalist-open-data.s3.amazonaws.com/photos/28073429/medium.jpeg,10322,Rusty Blackbird,data/new_raw/images/df329ea6-5f26-4af0-8fe1-e0d5c9dcd967.jpg
b615f778-87e7-4a1b-a4e7-83b93e00090d,https://static.inaturalist.org/photos/28081639/medium.jpg,5305,Bald Eagle,data/new_raw/images/b615f778-87e7-4a1b-a4e7-83b93e00090d.jpg
cdd29f20-8b64-4564-b1f2-b714814cc3c1,https://inaturalist-open-data.s3.amazonaws.com/photos/28097669/medium.jpeg,4885,American Avocet,data/new_raw/images/cdd29f20-8b64-4564-b1f2-b714814cc3c1.jpg
adf39d2b-de17-49c8-af95-659716022eca,https://inaturalist-open-data.s3.amazonaws.com/photos/28100516/medium.jpeg,4999,Yellow-crowned Night Heron,data/new_raw/images/adf39d2b-de17-49c8-af95-659716022eca.jpg
34003d21-7205-47c1-b23c-a370f604a4ef,https://static.inaturalist.org/photos/28133941/medium.jpg,41880,Striped Skunk,data/new_raw/images/34003d21-7205-47c1-b23c-a370f604a4ef.jpg
1258afa9-cbbd-4324-87da-5b6af6860ef4,https://static.inaturalist.org/photos/28134129/medium.jpg,41663,Common Raccoon,data/new_raw/images/1258afa9-cbbd-4324-87da-5b6af6860ef4.jpg
3ccf2957-31d0-4b46-bc5e-b8c5a43749fe,https://inaturalist-open-data.s3.amazonaws.com/photos/28143201/medium.jpeg,3936,American Woodcock,data/new_raw/images/3ccf2957-31d0-4b46-bc5e-b8c5a43749fe.jpg
033bd980-60e4-4372-9d4a-d08100517557,https://inaturalist-open-data.s3.amazonaws.com/photos/28143217/medium.jpeg,9184,White-throated Sparrow,data/new_raw/images/033bd980-60e4-4372-9d4a-d08100517557.jpg
00ae1811-173b-4409-a86a-2a1cb23aee2c,https://inaturalist-open-data.s3.amazonaws.com/photos/28143229/medium.jpeg,9156,Fox Sparrow,data/new_raw/images/00ae1811-173b-4409-a86a-2a1cb23aee2c.jpg
ee0f759c-848d-4d50-905d-d846863725ed,https://inaturalist-open-data.s3.amazonaws.com/photos/28143244/medium.jpeg,145300,Redpoll,data/new_raw/images/ee0f759c-848d-4d50-905d-d846863725ed.jpg
9259bf56-e47f-410c-b862-1768d7dff5ad,https://inaturalist-open-data.s3.amazonaws.com/photos/28143255/medium.jpeg,1579017,Cooper's Hawk,data/new_raw/images/9259bf56-e47f-410c-b862-1768d7dff5ad.jpg
de8717f9-71ee-453b-b10c-bd303b0fffd0,https://inaturalist-open-data.s3.amazonaws.com/photos/28143262/medium.jpeg,145310,American Goldfinch,data/new_raw/images/de8717f9-71ee-453b-b10c-bd303b0fffd0.jpg
5ed23071-5cc5-44b9-b4ff-50da09aa17b5,https://inaturalist-open-data.s3.amazonaws.com/photos/30290709/medium.jpg,3936,American Woodcock,data/new_raw/images/5ed23071-5cc5-44b9-b4ff-50da09aa17b5.jpg
807dabd3-fd7a-4767-9432-95c91e2a050a,https://static.inaturalist.org/photos/28175404/medium.jpeg,46017,Eastern Gray Squirrel,data/new_raw/images/807dabd3-fd7a-4767-9432-95c91e2a050a.jpg
479bb8a4-a6b1-4141-90ad-74ba3cc013f3,https://static.inaturalist.org/photos/28175410/medium.jpeg,46017,Eastern Gray Squirrel,data/new_raw/images/479bb8a4-a6b1-4141-90ad-74ba3cc013f3.jpg
f5c2be93-d46a-464e-8d4d-b912f31b9eb2,https://static.inaturalist.org/photos/28175423/medium.jpeg,43111,Eastern Cottontail,data/new_raw/images/f5c2be93-d46a-464e-8d4d-b912f31b9eb2.jpg
8e9bfe51-0b9a-4a3d-a6dc-a47dd0a33f59,https://static.inaturalist.org/photos/28175430/medium.jpeg,46017,Eastern Gray Squirrel,data/new_raw/images/8e9bfe51-0b9a-4a3d-a6dc-a47dd0a33f59.jpg
3fa6c0ec-07c1-4edf-8830-dd9ac8e80af9,https://static.inaturalist.org/photos/28175434/medium.jpeg,46017,Eastern Gray Squirrel,data/new_raw/images/3fa6c0ec-07c1-4edf-8830-dd9ac8e80af9.jpg
0c82957e-6ab0-4db8-b0e9-f94c1c6a3701,https://static.inaturalist.org/photos/28175437/medium.jpeg,46017,Eastern Gray Squirrel,data/new_raw/images/0c82957e-6ab0-4db8-b0e9-f94c1c6a3701.jpg
c9721b9c-9ebc-466c-b9d6-ea22a44a2e7a,https://static.inaturalist.org/photos/28175445/medium.jpeg,46017,Eastern Gray Squirrel,data/new_raw/images/c9721b9c-9ebc-466c-b9d6-ea22a44a2e7a.jpg
6d5331a9-d406-4058-a790-bd92a33911b6,https://static.inaturalist.org/photos/28175458/medium.jpeg,43111,Eastern Cottontail,data/new_raw/images/6d5331a9-d406-4058-a790-bd92a33911b6.jpg
51ef1c9f-08c4-46e7-9971-ee54c9a30e57,https://static.inaturalist.org/photos/28175463/medium.jpeg,46017,Eastern Gray Squirrel,data/new_raw/images/51ef1c9f-08c4-46e7-9971-ee54c9a30e57.jpg
11db3cde-8e9f-4baa-813b-3360a8d6efb2,https://static.inaturalist.org/photos/28175468/medium.jpeg,46017,Eastern Gray Squirrel,data/new_raw/images/11db3cde-8e9f-4baa-813b-3360a8d6efb2.jpg
eaccfc45-2504-46b9-be27-92e5bfbf3878,https://static.inaturalist.org/photos/28175471/medium.jpeg,46017,Eastern Gray Squirrel,data/new_raw/images/eaccfc45-2504-46b9-be27-92e5bfbf3878.jpg
33f19f25-43d2-4880-a360-1938e8a3f110,https://static.inaturalist.org/photos/28175478/medium.jpeg,46017,Eastern Gray Squirrel,data/new_raw/images/33f19f25-43d2-4880-a360-1938e8a3f110.jpg
1b18b38e-3fa9-4b8b-b130-bbb478045645,https://static.inaturalist.org/photos/28175485/medium.jpeg,46017,Eastern Gray Squirrel,data/new_raw/images/1b18b38e-3fa9-4b8b-b130-bbb478045645.jpg
680ea800-9396-43ea-84c7-f0d5e6d616de,https://static.inaturalist.org/photos/28175488/medium.jpeg,44576,Brown Rat,data/new_raw/images/680ea800-9396-43ea-84c7-f0d5e6d616de.jpg
57dbf1ac-c70d-47bd-be3e-80cc9e2479cf,https://static.inaturalist.org/photos/28175494/medium.jpeg,46017,Eastern Gray Squirrel,data/new_raw/images/57dbf1ac-c70d-47bd-be3e-80cc9e2479cf.jpg
e8ef9609-79ba-416c-9e5d-8d18b5b72fb0,https://static.inaturalist.org/photos/28175499/medium.jpeg,46017,Eastern Gray Squirrel,data/new_raw/images/e8ef9609-79ba-416c-9e5d-8d18b5b72fb0.jpg
ee14bda5-19b2-4b33-b063-db991589ca11,https://static.inaturalist.org/photos/28175504/medium.jpeg,46017,Eastern Gray Squirrel,data/new_raw/images/ee14bda5-19b2-4b33-b063-db991589ca11.jpg
da503058-1873-4534-81ce-0b24c2417a39,https://static.inaturalist.org/photos/28175509/medium.jpeg,46017,Eastern Gray Squirrel,data/new_raw/images/da503058-1873-4534-81ce-0b24c2417a39.jpg
09f7a959-8d31-4890-87cb-07b7b996c541,https://static.inaturalist.org/photos/28175513/medium.jpeg,46017,Eastern Gray Squirrel,data/new_raw/images/09f7a959-8d31-4890-87cb-07b7b996c541.jpg
e3224a6f-3966-4e55-921e-3acdf5ce7ba4,https://static.inaturalist.org/photos/28175521/medium.jpeg,46017,Eastern Gray Squirrel,data/new_raw/images/e3224a6f-3966-4e55-921e-3acdf5ce7ba4.jpg
02f029fa-a937-4e80-9b5c-41080bf817d2,https://static.inaturalist.org/photos/28175524/medium.jpeg,46017,Eastern Gray Squirrel,data/new_raw/images/02f029fa-a937-4e80-9b5c-41080bf817d2.jpg
d6289290-cf9d-4c2d-978d-532583bbb0b6,https://static.inaturalist.org/photos/28175527/medium.jpeg,43111,Eastern Cottontail,data/new_raw/images/d6289290-cf9d-4c2d-978d-532583bbb0b6.jpg
dddbacc7-51f5-407a-8181-c383ee811391,https://static.inaturalist.org/photos/28175531/medium.jpeg,46017,Eastern Gray Squirrel,data/new_raw/images/dddbacc7-51f5-407a-8181-c383ee811391.jpg
cc126f14-3491-47e1-b41c-25715e23bc3f,https://static.inaturalist.org/photos/28175533/medium.jpeg,46017,Eastern Gray Squirrel,data/new_raw/images/cc126f14-3491-47e1-b41c-25715e23bc3f.jpg
9a2778cb-880d-40c3-9ad9-eae45e72df96,https://static.inaturalist.org/photos/28175539/medium.jpeg,43111,Eastern Cottontail,data/new_raw/images/9a2778cb-880d-40c3-9ad9-eae45e72df96.jpg
1b1f229e-f353-414c-93a2-fdafcf1dac8d,https://static.inaturalist.org/photos/28175551/medium.jpeg,46017,Eastern Gray Squirrel,data/new_raw/images/1b1f229e-f353-414c-93a2-fdafcf1dac8d.jpg
0d4910ea-a57e-49b3-8812-c80e98288b24,https://static.inaturalist.org/photos/28175561/medium.jpeg,46017,Eastern Gray Squirrel,data/new_raw/images/0d4910ea-a57e-49b3-8812-c80e98288b24.jpg
14fed5ab-ba70-48ca-bc63-2b5d6d098a09,https://static.inaturalist.org/photos/28175566/medium.jpeg,46017,Eastern Gray Squirrel,data/new_raw/images/14fed5ab-ba70-48ca-bc63-2b5d6d098a09.jpg
1e74e96b-a76b-42c9-9dd1-d3254e4edd67,https://static.inaturalist.org/photos/28175574/medium.jpeg,43111,Eastern Cottontail,data/new_raw/images/1e74e96b-a76b-42c9-9dd1-d3254e4edd67.jpg
42473f19-2a96-457c-9898-1be00cb58095,https://static.inaturalist.org/photos/28175581/medium.jpeg,46017,Eastern Gray Squirrel,data/new_raw/images/42473f19-2a96-457c-9898-1be00cb58095.jpg
2ef87687-67d3-48f1-b39d-504349a98ec3,https://static.inaturalist.org/photos/28175593/medium.jpeg,46017,Eastern Gray Squirrel,data/new_raw/images/2ef87687-67d3-48f1-b39d-504349a98ec3.jpg
f5d65c41-e2f4-4f19-b210-e7dc43cfa5c0,https://static.inaturalist.org/photos/28175607/medium.jpeg,43111,Eastern Cottontail,data/new_raw/images/f5d65c41-e2f4-4f19-b210-e7dc43cfa5c0.jpg
10c0e72c-c1b7-4b3b-86e2-9ab1b112958f,https://static.inaturalist.org/photos/28175612/medium.jpeg,46017,Eastern Gray Squirrel,data/new_raw/images/10c0e72c-c1b7-4b3b-86e2-9ab1b112958f.jpg
fa16d6e5-687b-4dc0-8e87-d924514102ef,https://static.inaturalist.org/photos/28175628/medium.jpeg,12727,American Robin,data/new_raw/images/fa16d6e5-687b-4dc0-8e87-d924514102ef.jpg
28cbfed4-a805-4b2a-8648-ea9fc6855935,https://static.inaturalist.org/photos/28175633/medium.jpeg,46017,Eastern Gray Squirrel,data/new_raw/images/28cbfed4-a805-4b2a-8648-ea9fc6855935.jpg
6845374a-c66c-433a-815c-b86ad6f0f437,https://static.inaturalist.org/photos/28175640/medium.jpeg,46017,Eastern Gray Squirrel,data/new_raw/images/6845374a-c66c-433a-815c-b86ad6f0f437.jpg
1528f133-73c2-4b1a-b526-ddb8afbf32bf,https://static.inaturalist.org/photos/28175645/medium.jpeg,46017,Eastern Gray Squirrel,data/new_raw/images/1528f133-73c2-4b1a-b526-ddb8afbf32bf.jpg
c8ded9bb-8324-41de-8dcd-2e86865c53bb,https://static.inaturalist.org/photos/28175661/medium.jpeg,44576,Brown Rat,data/new_raw/images/c8ded9bb-8324-41de-8dcd-2e86865c53bb.jpg
2ad5df96-a8a5-4a6c-af6f-8c3316c5acfc,https://static.inaturalist.org/photos/28175668/medium.jpeg,46017,Eastern Gray Squirrel,data/new_raw/images/2ad5df96-a8a5-4a6c-af6f-8c3316c5acfc.jpg
74046b66-d95f-4b3b-bb8a-cd05ab32a34b,https://static.inaturalist.org/photos/28175674/medium.jpeg,46017,Eastern Gray Squirrel,data/new_raw/images/74046b66-d95f-4b3b-bb8a-cd05ab32a34b.jpg
fff5e0ab-9c4e-4c44-9f9c-faa8d848b5bb,https://static.inaturalist.org/photos/28175677/medium.jpeg,43111,Eastern Cottontail,data/new_raw/images/fff5e0ab-9c4e-4c44-9f9c-faa8d848b5bb.jpg
824683d1-465c-486e-b1e1-8456bee7a95f,https://static.inaturalist.org/photos/28175680/medium.jpeg,44576,Brown Rat,data/new_raw/images/824683d1-465c-486e-b1e1-8456bee7a95f.jpg
52d530ad-9bdd-4112-855d-f977743c27ab,https://static.inaturalist.org/photos/28175684/medium.jpeg,46017,Eastern Gray Squirrel,data/new_raw/images/52d530ad-9bdd-4112-855d-f977743c27ab.jpg
e3a60217-7dcd-4900-a6e4-350d46a74029,https://static.inaturalist.org/photos/28175692/medium.jpeg,44705,House Mouse,data/new_raw/images/e3a60217-7dcd-4900-a6e4-350d46a74029.jpg
c0226d34-ceed-41d1-a172-48af83a3fad1,https://static.inaturalist.org/photos/28175694/medium.jpeg,43111,Eastern Cottontail,data/new_raw/images/c0226d34-ceed-41d1-a172-48af83a3fad1.jpg
569fc0f8-3850-4189-abec-055cb209cd6b,https://static.inaturalist.org/photos/28175702/medium.jpeg,46017,Eastern Gray Squirrel,data/new_raw/images/569fc0f8-3850-4189-abec-055cb209cd6b.jpg
15190a56-43d0-43fc-9356-056844ad5722,https://static.inaturalist.org/photos/28175706/medium.jpeg,46017,Eastern Gray Squirrel,data/new_raw/images/15190a56-43d0-43fc-9356-056844ad5722.jpg
82ebd0f3-0161-491a-b8cf-fe8dc9376dc9,https://static.inaturalist.org/photos/28175708/medium.jpeg,46017,Eastern Gray Squirrel,data/new_raw/images/82ebd0f3-0161-491a-b8cf-fe8dc9376dc9.jpg
ba970dd0-0303-46a8-bf2e-6dc994ff26ad,https://static.inaturalist.org/photos/28175711/medium.jpeg,46017,Eastern Gray Squirrel,data/new_raw/images/ba970dd0-0303-46a8-bf2e-6dc994ff26ad.jpg
79552bff-7ef9-4e4e-95af-eaa551ea221b,https://static.inaturalist.org/photos/28175716/medium.jpeg,44705,House Mouse,data/new_raw/images/79552bff-7ef9-4e4e-95af-eaa551ea221b.jpg
86b7e9e8-e1ff-437d-9270-d3aecc89f44b,https://static.inaturalist.org/photos/28175720/medium.jpeg,43111,Eastern Cottontail,data/new_raw/images/86b7e9e8-e1ff-437d-9270-d3aecc89f44b.jpg
7a2692f3-9737-4b50-a9dd-66a879122a67,https://static.inaturalist.org/photos/28175724/medium.jpeg,46017,Eastern Gray Squirrel,data/new_raw/images/7a2692f3-9737-4b50-a9dd-66a879122a67.jpg
9b3d035d-3837-4302-8ce5-a9282b498ce7,https://static.inaturalist.org/photos/28175729/medium.jpeg,46017,Eastern Gray Squirrel,data/new_raw/images/9b3d035d-3837-4302-8ce5-a9282b498ce7.jpg
e6865f17-0294-439f-bffb-12a499c97ac3,https://static.inaturalist.org/photos/28175735/medium.jpeg,46017,Eastern Gray Squirrel,data/new_raw/images/e6865f17-0294-439f-bffb-12a499c97ac3.jpg
522419a3-25fd-4ff8-8f69-720a6511c819,https://static.inaturalist.org/photos/28175737/medium.jpeg,46017,Eastern Gray Squirrel,data/new_raw/images/522419a3-25fd-4ff8-8f69-720a6511c819.jpg
61306f82-d693-4429-85d0-a592bbf4ebad,https://static.inaturalist.org/photos/28175745/medium.jpeg,1579017,Cooper's Hawk,data/new_raw/images/61306f82-d693-4429-85d0-a592bbf4ebad.jpg
82fef943-dd7f-43c8-ad0c-28dc2880e5ff,https://static.inaturalist.org/photos/28176762/medium.jpg,46017,Eastern Gray Squirrel,data/new_raw/images/82fef943-dd7f-43c8-ad0c-28dc2880e5ff.jpg
f8a63fd6-8e7e-4630-ac07-db37e4f27530,https://inaturalist-open-data.s3.amazonaws.com/photos/28178096/medium.jpg,5212,Red-tailed Hawk,data/new_raw/images/f8a63fd6-8e7e-4630-ac07-db37e4f27530.jpg
5a63611d-56eb-4092-bfac-fba89c388327,https://static.inaturalist.org/photos/28178429/medium.jpg,43584,Human,data/new_raw/images/5a63611d-56eb-4092-bfac-fba89c388327.jpg
fccb4ae3-5f4b-4ab0-a519-6cc84d784da6,https://inaturalist-open-data.s3.amazonaws.com/photos/28207438/medium.jpeg,132704,Myrtle Warbler,data/new_raw/images/fccb4ae3-5f4b-4ab0-a519-6cc84d784da6.jpg
d8727a01-ffce-4d6e-aa3d-917250b76aaf,https://inaturalist-open-data.s3.amazonaws.com/photos/28207444/medium.jpeg,4956,Great Blue Heron,data/new_raw/images/d8727a01-ffce-4d6e-aa3d-917250b76aaf.jpg
58a4207b-6827-40a0-91fd-5fb51e7d7ea8,https://inaturalist-open-data.s3.amazonaws.com/photos/28208369/medium.jpeg,42223,White-tailed Deer,data/new_raw/images/58a4207b-6827-40a0-91fd-5fb51e7d7ea8.jpg
f39d3545-6297-40b9-8cdb-4fc9288cf33b,https://inaturalist-open-data.s3.amazonaws.com/photos/28208370/medium.jpeg,343340,Eastern Red Fox Sparrow,data/new_raw/images/f39d3545-6297-40b9-8cdb-4fc9288cf33b.jpg
b79ec53b-403d-4d03-9d98-5d74f46ec163,https://inaturalist-open-data.s3.amazonaws.com/photos/28208391/medium.jpeg,4956,Great Blue Heron,data/new_raw/images/b79ec53b-403d-4d03-9d98-5d74f46ec163.jpg
e9b61baa-c6dc-404f-b3ad-35ae11e8b598,https://inaturalist-open-data.s3.amazonaws.com/photos/28208396/medium.jpeg,46017,Eastern Gray Squirrel,data/new_raw/images/e9b61baa-c6dc-404f-b3ad-35ae11e8b598.jpg
2f478765-42e3-4474-854c-b6c4afcdacf3,https://static.inaturalist.org/photos/28234425/medium.jpg,5212,Red-tailed Hawk,data/new_raw/images/2f478765-42e3-4474-854c-b6c4afcdacf3.jpg
01ced497-5852-4364-a088-977a9188472f,https://inaturalist-open-data.s3.amazonaws.com/photos/28258031/medium.jpg,5212,Red-tailed Hawk,data/new_raw/images/01ced497-5852-4364-a088-977a9188472f.jpg
dbda89f4-05b9-4438-b283-15de1eb61438,https://static.inaturalist.org/photos/28259877/medium.jpg,792988,Downy Woodpecker,data/new_raw/images/dbda89f4-05b9-4438-b283-15de1eb61438.jpg
2ae69f30-d599-4e5a-916c-f14f25ee8cfb,https://static.inaturalist.org/photos/28262872/medium.jpeg,3936,American Woodcock,data/new_raw/images/2ae69f30-d599-4e5a-916c-f14f25ee8cfb.jpg
2e62332d-16eb-4626-8986-2e9740d26168,https://inaturalist-open-data.s3.amazonaws.com/photos/28269215/medium.jpg,10094,Dark-eyed Junco,data/new_raw/images/2e62332d-16eb-4626-8986-2e9740d26168.jpg
b745d8b5-6402-4351-977e-a90efad7307c,https://inaturalist-open-data.s3.amazonaws.com/photos/28278697/medium.jpg,7109,Hooded Merganser,data/new_raw/images/b745d8b5-6402-4351-977e-a90efad7307c.jpg
3ff8edbf-9246-47e0-96fa-08b5e77d71d7,https://inaturalist-open-data.s3.amazonaws.com/photos/28287005/medium.jpg,7251,Perching Birds,data/new_raw/images/3ff8edbf-9246-47e0-96fa-08b5e77d71d7.jpg
8aa0394b-0ac8-4a52-bdd7-f7a0f5d9a6dc,https://inaturalist-open-data.s3.amazonaws.com/photos/28287012/medium.jpg,7251,Perching Birds,data/new_raw/images/8aa0394b-0ac8-4a52-bdd7-f7a0f5d9a6dc.jpg
b3b04195-c838-453f-8f4f-f51abbd90efb,https://static.inaturalist.org/photos/28288697/medium.jpeg,43111,Eastern Cottontail,data/new_raw/images/b3b04195-c838-453f-8f4f-f51abbd90efb.jpg
8098e9e9-a609-4fc4-955f-4f5846e26eb8,https://static.inaturalist.org/photos/28288693/medium.jpeg,12727,American Robin,data/new_raw/images/8098e9e9-a609-4fc4-955f-4f5846e26eb8.jpg
478685a8-bc2e-47ac-913b-f1e416345c41,https://static.inaturalist.org/photos/28288694/medium.jpeg,43111,Eastern Cottontail,data/new_raw/images/478685a8-bc2e-47ac-913b-f1e416345c41.jpg
95dfbcfc-e3f1-47ef-83c4-2625f00fb8c8,https://static.inaturalist.org/photos/28288695/medium.jpeg,43111,Eastern Cottontail,data/new_raw/images/95dfbcfc-e3f1-47ef-83c4-2625f00fb8c8.jpg
90abdd30-c038-4e7a-b81a-3004d35e476a,https://static.inaturalist.org/photos/28288700/medium.jpeg,43111,Eastern Cottontail,data/new_raw/images/90abdd30-c038-4e7a-b81a-3004d35e476a.jpg
989d7464-6e3c-429b-b5f9-cde2b43eff96,https://static.inaturalist.org/photos/28288699/medium.jpeg,43111,Eastern Cottontail,data/new_raw/images/989d7464-6e3c-429b-b5f9-cde2b43eff96.jpg
e81b56f3-63d0-424a-a209-5de5fdd9ce8c,https://static.inaturalist.org/photos/28288855/medium.jpeg,13858,House Sparrow,data/new_raw/images/e81b56f3-63d0-424a-a209-5de5fdd9ce8c.jpg
7305f1af-920f-4d34-a9e9-b742410f4bfc,https://static.inaturalist.org/photos/28288952/medium.jpeg,13858,House Sparrow,data/new_raw/images/7305f1af-920f-4d34-a9e9-b742410f4bfc.jpg
dece2f27-b674-43c0-bdf3-6696e3dc75d3,https://static.inaturalist.org/photos/28288932/medium.jpeg,43111,Eastern Cottontail,data/new_raw/images/dece2f27-b674-43c0-bdf3-6696e3dc75d3.jpg
d01390fe-20fb-47d3-9c84-6305287c48d3,https://static.inaturalist.org/photos/28288795/medium.jpg,13858,House Sparrow,data/new_raw/images/d01390fe-20fb-47d3-9c84-6305287c48d3.jpg
b2ffeb7f-94cf-4d17-88d8-04544bc5f9a8,https://static.inaturalist.org/photos/28288904/medium.jpg,13858,House Sparrow,data/new_raw/images/b2ffeb7f-94cf-4d17-88d8-04544bc5f9a8.jpg
a4dcc13c-5444-4b1e-b4a3-4603f6f645ef,https://static.inaturalist.org/photos/28288883/medium.jpg,13858,House Sparrow,data/new_raw/images/a4dcc13c-5444-4b1e-b4a3-4603f6f645ef.jpg
2443a1aa-03b6-4e0d-abeb-9216dee3baf4,https://static.inaturalist.org/photos/28288908/medium.jpg,13858,House Sparrow,data/new_raw/images/2443a1aa-03b6-4e0d-abeb-9216dee3baf4.jpg
77cb7b44-2db6-412f-979f-88efcaa6849f,https://static.inaturalist.org/photos/28288912/medium.jpg,13858,House Sparrow,data/new_raw/images/77cb7b44-2db6-412f-979f-88efcaa6849f.jpg
d1d95ea7-69c3-41e1-a346-0652a2641cd2,https://static.inaturalist.org/photos/28288915/medium.jpg,13858,House Sparrow,data/new_raw/images/d1d95ea7-69c3-41e1-a346-0652a2641cd2.jpg
c2da4c5b-dee7-41ae-8237-389ac462faf3,https://static.inaturalist.org/photos/28288920/medium.jpg,13858,House Sparrow,data/new_raw/images/c2da4c5b-dee7-41ae-8237-389ac462faf3.jpg
d43b7a14-3bee-4473-8b6d-725ef100c39b,https://static.inaturalist.org/photos/28288944/medium.jpg,44540,Old World Rats,data/new_raw/images/d43b7a14-3bee-4473-8b6d-725ef100c39b.jpg
00558ef1-0d64-47be-b582-73d5d706e8db,https://static.inaturalist.org/photos/28288810/medium.jpeg,13858,House Sparrow,data/new_raw/images/00558ef1-0d64-47be-b582-73d5d706e8db.jpg
cc35f9d1-238d-47b3-ab76-f186123ec63b,https://static.inaturalist.org/photos/28288814/medium.jpeg,13858,House Sparrow,data/new_raw/images/cc35f9d1-238d-47b3-ab76-f186123ec63b.jpg
f74e0873-c94f-41c8-a605-2e4fac4f99a1,https://static.inaturalist.org/photos/28288815/medium.jpeg,13858,House Sparrow,data/new_raw/images/f74e0873-c94f-41c8-a605-2e4fac4f99a1.jpg
e72981ae-b6d7-4d00-bc13-c17955198fdc,https://static.inaturalist.org/photos/28288817/medium.jpeg,13858,House Sparrow,data/new_raw/images/e72981ae-b6d7-4d00-bc13-c17955198fdc.jpg
58d2b851-8b94-4bcf-b996-f38475117749,https://static.inaturalist.org/photos/28288820/medium.jpeg,10094,Dark-eyed Junco,data/new_raw/images/58d2b851-8b94-4bcf-b996-f38475117749.jpg
c2496528-2cae-4099-b8f4-7a6f0b833f50,https://static.inaturalist.org/photos/28288823/medium.jpeg,8021,American Crow,data/new_raw/images/c2496528-2cae-4099-b8f4-7a6f0b833f50.jpg
2f0eec53-ffc4-4604-9913-48779cf3a427,https://static.inaturalist.org/photos/28288826/medium.jpeg,10094,Dark-eyed Junco,data/new_raw/images/2f0eec53-ffc4-4604-9913-48779cf3a427.jpg
2c3821bc-981d-4e33-b6ac-193dfb11bf5f,https://static.inaturalist.org/photos/28288830/medium.jpeg,13858,House Sparrow,data/new_raw/images/2c3821bc-981d-4e33-b6ac-193dfb11bf5f.jpg
99ba2dd3-b974-473d-8e27-f7ba1581ae13,https://static.inaturalist.org/photos/28288831/medium.jpeg,13858,House Sparrow,data/new_raw/images/99ba2dd3-b974-473d-8e27-f7ba1581ae13.jpg
502660b7-1999-4fea-956e-4c2fce8f0094,https://static.inaturalist.org/photos/28288833/medium.jpeg,14850,European Starling,data/new_raw/images/502660b7-1999-4fea-956e-4c2fce8f0094.jpg
85d383f1-f6cd-48b5-83a1-8cf308ceac99,https://static.inaturalist.org/photos/28288834/medium.jpeg,43111,Eastern Cottontail,data/new_raw/images/85d383f1-f6cd-48b5-83a1-8cf308ceac99.jpg
eff1523c-fdff-43ad-a295-a63c5474400a,https://static.inaturalist.org/photos/28288836/medium.jpeg,43111,Eastern Cottontail,data/new_raw/images/eff1523c-fdff-43ad-a295-a63c5474400a.jpg
c0e5884e-1977-4c1e-84ce-a0432bc6d873,https://static.inaturalist.org/photos/28288838/medium.jpeg,43111,Eastern Cottontail,data/new_raw/images/c0e5884e-1977-4c1e-84ce-a0432bc6d873.jpg
d8620930-ef3b-4197-84b1-f8bae85f72fb,https://static.inaturalist.org/photos/28288849/medium.jpeg,43111,Eastern Cottontail,data/new_raw/images/d8620930-ef3b-4197-84b1-f8bae85f72fb.jpg
d9cf2219-27e3-497a-ae62-ae5f41f9bc71,https://static.inaturalist.org/photos/28288853/medium.jpeg,43111,Eastern Cottontail,data/new_raw/images/d9cf2219-27e3-497a-ae62-ae5f41f9bc71.jpg
0f4543d6-e6ea-433d-a843-9e4bea213f84,https://static.inaturalist.org/photos/28289039/medium.jpeg,43111,Eastern Cottontail,data/new_raw/images/0f4543d6-e6ea-433d-a843-9e4bea213f84.jpg
6c605700-c4d2-4b3f-9e1c-9ffac5a1e927,https://static.inaturalist.org/photos/28288929/medium.jpeg,13858,House Sparrow,data/new_raw/images/6c605700-c4d2-4b3f-9e1c-9ffac5a1e927.jpg
8d648723-1148-469d-b588-8f1d18e19f6d,https://static.inaturalist.org/photos/28288934/medium.jpeg,43111,Eastern Cottontail,data/new_raw/images/8d648723-1148-469d-b588-8f1d18e19f6d.jpg
d9cfedc4-0ea7-4603-857e-71cc00064f71,https://static.inaturalist.org/photos/28289250/medium.jpeg,43111,Eastern Cottontail,data/new_raw/images/d9cfedc4-0ea7-4603-857e-71cc00064f71.jpg
d7fd368f-fe3c-4801-a092-58ecdd28cb3d,https://static.inaturalist.org/photos/28289381/medium.jpeg,44540,Old World Rats,data/new_raw/images/d7fd368f-fe3c-4801-a092-58ecdd28cb3d.jpg
52df773f-9bc4-4a80-80f9-34deab470178,https://static.inaturalist.org/photos/28289392/medium.jpeg,44540,Old World Rats,data/new_raw/images/52df773f-9bc4-4a80-80f9-34deab470178.jpg
0830e9ae-9e74-41e3-98f1-bf9f29c9ee46,https://static.inaturalist.org/photos/28289393/medium.jpeg,44576,Brown Rat,data/new_raw/images/0830e9ae-9e74-41e3-98f1-bf9f29c9ee46.jpg
1446ebf9-d001-4bfd-a574-a1cfe90c1722,https://static.inaturalist.org/photos/28289395/medium.jpeg,44540,Old World Rats,data/new_raw/images/1446ebf9-d001-4bfd-a574-a1cfe90c1722.jpg
cbf4499f-ce86-4dee-b86a-80aea7dfa3bf,https://static.inaturalist.org/photos/28289396/medium.jpeg,44576,Brown Rat,data/new_raw/images/cbf4499f-ce86-4dee-b86a-80aea7dfa3bf.jpg
dc8d98e7-f582-4658-bd7c-ddc8e09adef7,https://static.inaturalist.org/photos/28289405/medium.jpeg,40151,Mammals,data/new_raw/images/dc8d98e7-f582-4658-bd7c-ddc8e09adef7.jpg
e5d51542-561b-4ba4-b034-55ec43a815cc,https://static.inaturalist.org/photos/28289481/medium.jpeg,44540,Old World Rats,data/new_raw/images/e5d51542-561b-4ba4-b034-55ec43a815cc.jpg
57a5cf29-b2be-4035-bc75-792445df8647,https://static.inaturalist.org/photos/28289470/medium.jpeg,44576,Brown Rat,data/new_raw/images/57a5cf29-b2be-4035-bc75-792445df8647.jpg
771cf14a-de33-4ca6-b65b-a4aa1509484e,https://static.inaturalist.org/photos/28289510/medium.jpeg,43111,Eastern Cottontail,data/new_raw/images/771cf14a-de33-4ca6-b65b-a4aa1509484e.jpg
b2a7861a-5642-411b-bc80-172fefdee1f4,https://static.inaturalist.org/photos/28289531/medium.jpeg,44540,Old World Rats,data/new_raw/images/b2a7861a-5642-411b-bc80-172fefdee1f4.jpg
48df582a-4dfd-4303-84ea-96e8a3d77422,https://static.inaturalist.org/photos/28289511/medium.jpeg,13858,House Sparrow,data/new_raw/images/48df582a-4dfd-4303-84ea-96e8a3d77422.jpg
fec74cce-f59b-4bef-8b91-22323bb238da,https://static.inaturalist.org/photos/28289543/medium.jpeg,43111,Eastern Cottontail,data/new_raw/images/fec74cce-f59b-4bef-8b91-22323bb238da.jpg
b04018fd-154e-40ed-9188-028e9e683b51,https://static.inaturalist.org/photos/28289556/medium.jpeg,44576,Brown Rat,data/new_raw/images/b04018fd-154e-40ed-9188-028e9e683b51.jpg
6deef9e2-b352-4963-ae66-aef7f8744011,https://static.inaturalist.org/photos/28289576/medium.jpeg,43111,Eastern Cottontail,data/new_raw/images/6deef9e2-b352-4963-ae66-aef7f8744011.jpg
cbf0cbf6-8d3d-4d2d-8328-fe242f434942,https://static.inaturalist.org/photos/28289594/medium.jpeg,44540,Old World Rats,data/new_raw/images/cbf0cbf6-8d3d-4d2d-8328-fe242f434942.jpg
ed935a90-418b-42d0-a04c-088af800ad61,https://static.inaturalist.org/photos/28289634/medium.jpeg,13858,House Sparrow,data/new_raw/images/ed935a90-418b-42d0-a04c-088af800ad61.jpg
57ce9940-a54b-4a13-ac62-98a994ad883e,https://static.inaturalist.org/photos/28289640/medium.jpeg,44540,Old World Rats,data/new_raw/images/57ce9940-a54b-4a13-ac62-98a994ad883e.jpg
badb3b8b-da4f-4e33-9880-f812fd74377d,https://static.inaturalist.org/photos/28289192/medium.jpeg,43111,Eastern Cottontail,data/new_raw/images/badb3b8b-da4f-4e33-9880-f812fd74377d.jpg
393c6348-1f89-4f14-8ba9-ed27dc77f929,https://static.inaturalist.org/photos/28289022/medium.jpeg,43111,Eastern Cottontail,data/new_raw/images/393c6348-1f89-4f14-8ba9-ed27dc77f929.jpg
59170ddc-b698-41b5-9171-0575eee0bb46,https://static.inaturalist.org/photos/28289034/medium.jpeg,43111,Eastern Cottontail,data/new_raw/images/59170ddc-b698-41b5-9171-0575eee0bb46.jpg
30997942-5c2e-4f75-a39d-442742562b24,https://static.inaturalist.org/photos/28289703/medium.jpeg,13858,House Sparrow,data/new_raw/images/30997942-5c2e-4f75-a39d-442742562b24.jpg
e9fb7683-5835-4e53-8a44-5bb8b0b5768a,https://static.inaturalist.org/photos/28289740/medium.jpeg,43111,Eastern Cottontail,data/new_raw/images/e9fb7683-5835-4e53-8a44-5bb8b0b5768a.jpg
5279f7e4-7d89-4418-bf5f-bec159b57aeb,https://static.inaturalist.org/photos/28289841/medium.jpeg,13858,House Sparrow,data/new_raw/images/5279f7e4-7d89-4418-bf5f-bec159b57aeb.jpg
98de0bcb-d63b-4d96-bb08-984baab604e6,https://static.inaturalist.org/photos/28289870/medium.jpeg,13858,House Sparrow,data/new_raw/images/98de0bcb-d63b-4d96-bb08-984baab604e6.jpg
ad4d974e-3889-42e6-8cbc-634c51a751a7,https://static.inaturalist.org/photos/28289145/medium.jpeg,43111,Eastern Cottontail,data/new_raw/images/ad4d974e-3889-42e6-8cbc-634c51a751a7.jpg
d8e3dc03-173e-4082-94d7-97e7fce681d0,https://static.inaturalist.org/photos/28289199/medium.jpeg,13858,House Sparrow,data/new_raw/images/d8e3dc03-173e-4082-94d7-97e7fce681d0.jpg
71b55f5c-edf2-49a4-b0a6-abf5e2a2ce7e,https://static.inaturalist.org/photos/28289187/medium.jpeg,13858,House Sparrow,data/new_raw/images/71b55f5c-edf2-49a4-b0a6-abf5e2a2ce7e.jpg
14613768-9b20-4f04-92df-be9522d9c52a,https://static.inaturalist.org/photos/28289214/medium.jpeg,12727,American Robin,data/new_raw/images/14613768-9b20-4f04-92df-be9522d9c52a.jpg
65af8268-b74f-479f-8371-6c26c30719ea,https://static.inaturalist.org/photos/28289220/medium.jpeg,13858,House Sparrow,data/new_raw/images/65af8268-b74f-479f-8371-6c26c30719ea.jpg
b9dff87a-bef2-4092-8eab-be747530f24e,https://static.inaturalist.org/photos/28289246/medium.jpeg,12890,Hermit Thrush,data/new_raw/images/b9dff87a-bef2-4092-8eab-be747530f24e.jpg
b447b60e-7586-4e4e-a366-6c7782ccacc3,https://static.inaturalist.org/photos/28289248/medium.jpeg,13858,House Sparrow,data/new_raw/images/b447b60e-7586-4e4e-a366-6c7782ccacc3.jpg
c2de7a38-66e6-48f6-a3bb-453527e29ff4,https://static.inaturalist.org/photos/28289282/medium.jpeg,43111,Eastern Cottontail,data/new_raw/images/c2de7a38-66e6-48f6-a3bb-453527e29ff4.jpg
061d59d6-21df-4534-89a4-79df09dcf893,https://static.inaturalist.org/photos/28289283/medium.jpeg,13858,House Sparrow,data/new_raw/images/061d59d6-21df-4534-89a4-79df09dcf893.jpg
639a9db3-778c-4690-80d1-0d35af6f8529,https://static.inaturalist.org/photos/28289285/medium.jpeg,14850,European Starling,data/new_raw/images/639a9db3-778c-4690-80d1-0d35af6f8529.jpg
b02f1c32-feac-44bb-8d80-7ffad4b50bae,https://static.inaturalist.org/photos/28289288/medium.jpeg,13858,House Sparrow,data/new_raw/images/b02f1c32-feac-44bb-8d80-7ffad4b50bae.jpg
7a707fd6-057f-4650-898d-8f18a1977f0d,https://static.inaturalist.org/photos/28289293/medium.jpeg,14850,European Starling,data/new_raw/images/7a707fd6-057f-4650-898d-8f18a1977f0d.jpg
df4c816d-ded7-4483-9459-e56c977295b8,https://static.inaturalist.org/photos/28289295/medium.jpeg,9083,Northern Cardinal,data/new_raw/images/df4c816d-ded7-4483-9459-e56c977295b8.jpg
113b726f-c1d1-4896-9162-bcbc8acc961f,https://static.inaturalist.org/photos/28289296/medium.jpeg,13858,House Sparrow,data/new_raw/images/113b726f-c1d1-4896-9162-bcbc8acc961f.jpg
4cd420be-e295-46d7-b676-64e57013c478,https://static.inaturalist.org/photos/28289304/medium.jpeg,10094,Dark-eyed Junco,data/new_raw/images/4cd420be-e295-46d7-b676-64e57013c478.jpg
261ac690-ab6c-49d4-9906-924f85de2f1d,https://static.inaturalist.org/photos/28289316/medium.jpeg,43111,Eastern Cottontail,data/new_raw/images/261ac690-ab6c-49d4-9906-924f85de2f1d.jpg
3bed775b-8420-437b-bc10-1c5da7427dd9,https://static.inaturalist.org/photos/28289325/medium.jpeg,559248,New World Sparrows,data/new_raw/images/3bed775b-8420-437b-bc10-1c5da7427dd9.jpg
314bf1ee-32a8-4266-848b-d589c9452da2,https://static.inaturalist.org/photos/28289326/medium.jpeg,9096,Swamp Sparrow,data/new_raw/images/314bf1ee-32a8-4266-848b-d589c9452da2.jpg
d1c31f40-b18d-4039-a45a-111f0bcf7b00,https://static.inaturalist.org/photos/28289333/medium.jpeg,9100,Song Sparrow,data/new_raw/images/d1c31f40-b18d-4039-a45a-111f0bcf7b00.jpg
192713a4-5323-406a-a2ad-12de18c573a9,https://static.inaturalist.org/photos/28289331/medium.jpeg,9100,Song Sparrow,data/new_raw/images/192713a4-5323-406a-a2ad-12de18c573a9.jpg
e384fe12-968b-44dd-bddc-74fa15c54e93,https://static.inaturalist.org/photos/28289337/medium.jpeg,13858,House Sparrow,data/new_raw/images/e384fe12-968b-44dd-bddc-74fa15c54e93.jpg
11a16ce8-7fcb-485c-bc0e-801d4e9cf7b2,https://static.inaturalist.org/photos/28289351/medium.jpeg,13858,House Sparrow,data/new_raw/images/11a16ce8-7fcb-485c-bc0e-801d4e9cf7b2.jpg
dddb6e32-8527-477c-91ac-b2a0699ea200,https://static.inaturalist.org/photos/28289357/medium.jpeg,43111,Eastern Cottontail,data/new_raw/images/dddb6e32-8527-477c-91ac-b2a0699ea200.jpg
bb1912e7-83e8-429b-9229-489a2ca605ed,https://static.inaturalist.org/photos/28289361/medium.jpeg,9100,Song Sparrow,data/new_raw/images/bb1912e7-83e8-429b-9229-489a2ca605ed.jpg
aa18da64-e94c-4316-829c-4f7e35a28ca4,https://static.inaturalist.org/photos/28289370/medium.jpeg,13858,House Sparrow,data/new_raw/images/aa18da64-e94c-4316-829c-4f7e35a28ca4.jpg
c878d271-c856-4ab4-8e82-84aa91574bb3,https://static.inaturalist.org/photos/28289887/medium.jpeg,43111,Eastern Cottontail,data/new_raw/images/c878d271-c856-4ab4-8e82-84aa91574bb3.jpg
4e2a5b64-038a-4533-a5d0-9e7d83af7b93,https://static.inaturalist.org/photos/28289905/medium.jpeg,43111,Eastern Cottontail,data/new_raw/images/4e2a5b64-038a-4533-a5d0-9e7d83af7b93.jpg
ee6f614b-8b34-46fe-8b72-f74423c8bf89,https://static.inaturalist.org/photos/28289923/medium.jpeg,13858,House Sparrow,data/new_raw/images/ee6f614b-8b34-46fe-8b72-f74423c8bf89.jpg
e3cab5ab-11d0-4be1-9260-a31480992a62,https://static.inaturalist.org/photos/28289548/medium.jpeg,13858,House Sparrow,data/new_raw/images/e3cab5ab-11d0-4be1-9260-a31480992a62.jpg
15974668-0329-4bb1-976c-2a4ac237de44,https://static.inaturalist.org/photos/28289560/medium.jpeg,13858,House Sparrow,data/new_raw/images/15974668-0329-4bb1-976c-2a4ac237de44.jpg
afe66196-0edc-44ef-bfa0-02b9b55baae5,https://static.inaturalist.org/photos/28289562/medium.jpeg,44540,Old World Rats,data/new_raw/images/afe66196-0edc-44ef-bfa0-02b9b55baae5.jpg
f252163f-1433-4ca1-91ae-199d58c13a8f,https://static.inaturalist.org/photos/28289943/medium.jpeg,13858,House Sparrow,data/new_raw/images/f252163f-1433-4ca1-91ae-199d58c13a8f.jpg
2efde6ac-472e-463e-8907-f0a04b97391e,https://static.inaturalist.org/photos/28289565/medium.jpeg,44576,Brown Rat,data/new_raw/images/2efde6ac-472e-463e-8907-f0a04b97391e.jpg
8f13b847-5b14-4127-829c-5d722f955384,https://static.inaturalist.org/photos/28289570/medium.jpeg,43111,Eastern Cottontail,data/new_raw/images/8f13b847-5b14-4127-829c-5d722f955384.jpg
49f1fab7-146e-4ae6-8a53-6f0a121be00f,https://static.inaturalist.org/photos/28289573/medium.jpeg,13858,House Sparrow,data/new_raw/images/49f1fab7-146e-4ae6-8a53-6f0a121be00f.jpg
d720bee1-5783-4974-bd17-028eec8a4c9f,https://static.inaturalist.org/photos/28289961/medium.jpeg,13858,House Sparrow,data/new_raw/images/d720bee1-5783-4974-bd17-028eec8a4c9f.jpg
de8a013b-f9cf-4fce-bf35-672f9c3a500a,https://static.inaturalist.org/photos/28289971/medium.jpeg,13858,House Sparrow,data/new_raw/images/de8a013b-f9cf-4fce-bf35-672f9c3a500a.jpg
b7403453-a34e-49d3-a6d2-e0543af9ca28,https://static.inaturalist.org/photos/28289575/medium.jpeg,43111,Eastern Cottontail,data/new_raw/images/b7403453-a34e-49d3-a6d2-e0543af9ca28.jpg
3a09dcf3-529d-4991-bff8-628aa71302b3,https://static.inaturalist.org/photos/28289579/medium.jpeg,43111,Eastern Cottontail,data/new_raw/images/3a09dcf3-529d-4991-bff8-628aa71302b3.jpg
868c647f-e427-4e58-a45a-dcdd758c34ba,https://static.inaturalist.org/photos/28289984/medium.jpeg,43111,Eastern Cottontail,data/new_raw/images/868c647f-e427-4e58-a45a-dcdd758c34ba.jpg
a400e80d-b291-42b8-835a-020d2ddfce90,https://static.inaturalist.org/photos/28290007/medium.jpeg,43111,Eastern Cottontail,data/new_raw/images/a400e80d-b291-42b8-835a-020d2ddfce90.jpg
ab9d1e8c-be54-4d8c-a103-553379ee064a,https://static.inaturalist.org/photos/28289589/medium.jpeg,43111,Eastern Cottontail,data/new_raw/images/ab9d1e8c-be54-4d8c-a103-553379ee064a.jpg
fe32669d-9efb-43c1-8c6c-ef3f80b97a1d,https://static.inaturalist.org/photos/28289595/medium.jpeg,43111,Eastern Cottontail,data/new_raw/images/fe32669d-9efb-43c1-8c6c-ef3f80b97a1d.jpg
6e1f8e19-c231-4c94-a938-4d906ce6eba6,https://static.inaturalist.org/photos/28290030/medium.jpeg,43111,Eastern Cottontail,data/new_raw/images/6e1f8e19-c231-4c94-a938-4d906ce6eba6.jpg
336436c8-9577-499c-8570-ea9c6569d7ab,https://static.inaturalist.org/photos/28290065/medium.jpeg,43111,Eastern Cottontail,data/new_raw/images/336436c8-9577-499c-8570-ea9c6569d7ab.jpg
9c191bd0-33b3-438b-9dd0-ea21c7c713c6,https://static.inaturalist.org/photos/28290080/medium.jpeg,43111,Eastern Cottontail,data/new_raw/images/9c191bd0-33b3-438b-9dd0-ea21c7c713c6.jpg
6b8aff6d-6e0d-48de-9d55-576c83b6a759,https://static.inaturalist.org/photos/28290092/medium.jpeg,46017,Eastern Gray Squirrel,data/new_raw/images/6b8aff6d-6e0d-48de-9d55-576c83b6a759.jpg
5ac63fc3-1525-405d-8a13-c79ad288de0d,https://static.inaturalist.org/photos/28289606/medium.jpeg,43111,Eastern Cottontail,data/new_raw/images/5ac63fc3-1525-405d-8a13-c79ad288de0d.jpg
aa7dfbd9-8788-4666-bc95-9adf0aca5153,https://static.inaturalist.org/photos/28289609/medium.jpeg,13858,House Sparrow,data/new_raw/images/aa7dfbd9-8788-4666-bc95-9adf0aca5153.jpg
9b6b988d-f5bd-41e3-877a-86fd072054fe,https://static.inaturalist.org/photos/28289625/medium.jpeg,43111,Eastern Cottontail,data/new_raw/images/9b6b988d-f5bd-41e3-877a-86fd072054fe.jpg
29d7f95a-ed65-48df-9d23-1de273b6ecc8,https://static.inaturalist.org/photos/28290115/medium.jpeg,43111,Eastern Cottontail,data/new_raw/images/29d7f95a-ed65-48df-9d23-1de273b6ecc8.jpg
77e7827a-2be2-4b4d-834c-b53072f08535,https://static.inaturalist.org/photos/28289623/medium.jpeg,43111,Eastern Cottontail,data/new_raw/images/77e7827a-2be2-4b4d-834c-b53072f08535.jpg
7f923603-83d5-4491-b6cb-dac68dd00285,https://static.inaturalist.org/photos/28289635/medium.jpeg,43111,Eastern Cottontail,data/new_raw/images/7f923603-83d5-4491-b6cb-dac68dd00285.jpg
24721579-b6cd-4bde-b5f3-e3b4a04b548b,https://static.inaturalist.org/photos/28289645/medium.jpeg,7251,Perching Birds,data/new_raw/images/24721579-b6cd-4bde-b5f3-e3b4a04b548b.jpg
67e3fc34-abb1-4726-b291-b93ddc05f19f,https://static.inaturalist.org/photos/28289655/medium.jpeg,8021,American Crow,data/new_raw/images/67e3fc34-abb1-4726-b291-b93ddc05f19f.jpg
e9efb48a-eeae-441f-a408-92b462aefd43,https://static.inaturalist.org/photos/28289659/medium.jpeg,13858,House Sparrow,data/new_raw/images/e9efb48a-eeae-441f-a408-92b462aefd43.jpg
87b7dde4-226a-4ccc-be06-0497b701866e,https://static.inaturalist.org/photos/28289660/medium.jpeg,43111,Eastern Cottontail,data/new_raw/images/87b7dde4-226a-4ccc-be06-0497b701866e.jpg
952453aa-a60a-4f80-82b9-e9ac4c7d50d1,https://static.inaturalist.org/photos/28289664/medium.jpeg,43111,Eastern Cottontail,data/new_raw/images/952453aa-a60a-4f80-82b9-e9ac4c7d50d1.jpg
4d38bc57-0891-42f5-9952-e2b1dc67c73b,https://static.inaturalist.org/photos/28289836/medium.jpeg,43111,Eastern Cottontail,data/new_raw/images/4d38bc57-0891-42f5-9952-e2b1dc67c73b.jpg
fd5b662a-16ba-4db8-8484-6143fc9bbe68,https://static.inaturalist.org/photos/28289673/medium.jpeg,13858,House Sparrow,data/new_raw/images/fd5b662a-16ba-4db8-8484-6143fc9bbe68.jpg
f041dae0-b944-4e37-8fd4-d7a06adc077c,https://static.inaturalist.org/photos/28289877/medium.jpeg,43111,Eastern Cottontail,data/new_raw/images/f041dae0-b944-4e37-8fd4-d7a06adc077c.jpg
0768ed2f-982e-4228-8c20-5a73ecb817ec,https://static.inaturalist.org/photos/28289683/medium.jpeg,14850,European Starling,data/new_raw/images/0768ed2f-982e-4228-8c20-5a73ecb817ec.jpg
a59b785e-bcc9-41a6-9062-3cf2cd480e55,https://static.inaturalist.org/photos/28289993/medium.jpeg,43111,Eastern Cottontail,data/new_raw/images/a59b785e-bcc9-41a6-9062-3cf2cd480e55.jpg
fa86c1b0-60e5-486b-afac-e7f007ae524a,https://static.inaturalist.org/photos/28290055/medium.jpeg,44576,Brown Rat,data/new_raw/images/fa86c1b0-60e5-486b-afac-e7f007ae524a.jpg
505871b8-d44f-4a5a-93a8-089429bca11a,https://static.inaturalist.org/photos/28289686/medium.jpeg,10168,Vesper Sparrow,data/new_raw/images/505871b8-d44f-4a5a-93a8-089429bca11a.jpg
34738182-f57b-442b-9ee5-5b44e063e535,https://static.inaturalist.org/photos/28290059/medium.jpeg,43111,Eastern Cottontail,data/new_raw/images/34738182-f57b-442b-9ee5-5b44e063e535.jpg
8260d782-a005-4c39-a54a-e697ebf6d25c,https://static.inaturalist.org/photos/28289688/medium.jpeg,44576,Brown Rat,data/new_raw/images/8260d782-a005-4c39-a54a-e697ebf6d25c.jpg
27f42242-f02a-4c3f-a814-16d3c2c27895,https://static.inaturalist.org/photos/28290070/medium.jpeg,7251,Perching Birds,data/new_raw/images/27f42242-f02a-4c3f-a814-16d3c2c27895.jpg
404dee0d-c147-419d-8194-f614049154cb,https://static.inaturalist.org/photos/28289694/medium.jpeg,44576,Brown Rat,data/new_raw/images/404dee0d-c147-419d-8194-f614049154cb.jpg
bbfc3b20-f772-44ac-86b1-2c893f9a23e6,https://static.inaturalist.org/photos/28289699/medium.jpeg,12727,American Robin,data/new_raw/images/bbfc3b20-f772-44ac-86b1-2c893f9a23e6.jpg
f2c56858-39c4-4586-bc4f-e9ef93c280c6,https://static.inaturalist.org/photos/28289611/medium.jpeg,43111,Eastern Cottontail,data/new_raw/images/f2c56858-39c4-4586-bc4f-e9ef93c280c6.jpg
0eea4ae5-0474-49ea-a652-14ba2df214d3,https://static.inaturalist.org/photos/28289614/medium.jpeg,43111,Eastern Cottontail,data/new_raw/images/0eea4ae5-0474-49ea-a652-14ba2df214d3.jpg
dc6f2af3-3f7c-453e-94fc-6cd0e86bf07d,https://static.inaturalist.org/photos/28289630/medium.jpeg,43111,Eastern Cottontail,data/new_raw/images/dc6f2af3-3f7c-453e-94fc-6cd0e86bf07d.jpg
93327e24-a0b0-4b7f-846e-bb9412a74175,https://static.inaturalist.org/photos/28289658/medium.jpeg,13858,House Sparrow,data/new_raw/images/93327e24-a0b0-4b7f-846e-bb9412a74175.jpg
18a527a5-5b6d-4aea-ab23-f25c87cd62b9,https://static.inaturalist.org/photos/28289661/medium.jpeg,44576,Brown Rat,data/new_raw/images/18a527a5-5b6d-4aea-ab23-f25c87cd62b9.jpg
dc44d01d-81ba-4af3-a3c3-f16f81030e64,https://static.inaturalist.org/photos/28289663/medium.jpeg,44576,Brown Rat,data/new_raw/images/dc44d01d-81ba-4af3-a3c3-f16f81030e64.jpg
c41be93f-7354-422e-b411-995f339b1ff9,https://static.inaturalist.org/photos/28289670/medium.jpeg,43111,Eastern Cottontail,data/new_raw/images/c41be93f-7354-422e-b411-995f339b1ff9.jpg
97bcf7c2-4fbd-451d-b12b-862226346d60,https://static.inaturalist.org/photos/28289681/medium.jpeg,46017,Eastern Gray Squirrel,data/new_raw/images/97bcf7c2-4fbd-451d-b12b-862226346d60.jpg
55f541d3-c70d-40d4-bd77-93c9af1fae18,https://static.inaturalist.org/photos/28289685/medium.jpeg,13858,House Sparrow,data/new_raw/images/55f541d3-c70d-40d4-bd77-93c9af1fae18.jpg
6280d2e3-9059-47aa-83d1-6b917148f936,https://static.inaturalist.org/photos/28289687/medium.jpeg,43111,Eastern Cottontail,data/new_raw/images/6280d2e3-9059-47aa-83d1-6b917148f936.jpg
147348d8-5b29-43b5-8d92-2aabb2a90085,https://static.inaturalist.org/photos/28289696/medium.jpeg,44576,Brown Rat,data/new_raw/images/147348d8-5b29-43b5-8d92-2aabb2a90085.jpg
3930347a-a75e-4c4c-a1ad-88c0e828c874,https://static.inaturalist.org/photos/28289698/medium.jpeg,44576,Brown Rat,data/new_raw/images/3930347a-a75e-4c4c-a1ad-88c0e828c874.jpg
db0bc3d7-dee9-4320-8fe2-a3d61fae6ad1,https://static.inaturalist.org/photos/28289702/medium.jpeg,43111,Eastern Cottontail,data/new_raw/images/db0bc3d7-dee9-4320-8fe2-a3d61fae6ad1.jpg
9fb0497a-a01a-4776-bb47-54d56f4fe64f,https://static.inaturalist.org/photos/28289705/medium.jpeg,44576,Brown Rat,data/new_raw/images/9fb0497a-a01a-4776-bb47-54d56f4fe64f.jpg
89dea2cb-719f-48bb-89b1-2267bb5e7b16,https://static.inaturalist.org/photos/28289708/medium.jpeg,44576,Brown Rat,data/new_raw/images/89dea2cb-719f-48bb-89b1-2267bb5e7b16.jpg
b4d18aba-3dd3-402f-8112-643c397f45e5,https://static.inaturalist.org/photos/28289710/medium.jpeg,44576,Brown Rat,data/new_raw/images/b4d18aba-3dd3-402f-8112-643c397f45e5.jpg
963f49f1-9283-482e-886d-f6a4ea59af48,https://static.inaturalist.org/photos/28289721/medium.jpeg,43111,Eastern Cottontail,data/new_raw/images/963f49f1-9283-482e-886d-f6a4ea59af48.jpg
b2313cbe-49f9-4e8d-a9bd-33cad66ce3a9,https://static.inaturalist.org/photos/28289725/medium.jpeg,13858,House Sparrow,data/new_raw/images/b2313cbe-49f9-4e8d-a9bd-33cad66ce3a9.jpg
a9c07dd4-1064-4bf8-a7ce-3d9d15caa87a,https://static.inaturalist.org/photos/28289727/medium.jpeg,12727,American Robin,data/new_raw/images/a9c07dd4-1064-4bf8-a7ce-3d9d15caa87a.jpg
be1abc3e-4917-4877-b99e-ba7b31edb590,https://static.inaturalist.org/photos/28289729/medium.jpeg,9721,Common Yellowthroat,data/new_raw/images/be1abc3e-4917-4877-b99e-ba7b31edb590.jpg
120b54e9-3098-460e-a4f0-7f77ed0d1ea5,https://static.inaturalist.org/photos/28289732/medium.jpeg,12727,American Robin,data/new_raw/images/120b54e9-3098-460e-a4f0-7f77ed0d1ea5.jpg
8dfe54fc-0090-4d47-a9d4-4cc4ebc73a67,https://static.inaturalist.org/photos/28289735/medium.jpeg,43111,Eastern Cottontail,data/new_raw/images/8dfe54fc-0090-4d47-a9d4-4cc4ebc73a67.jpg
862d4779-d70c-4fda-acf6-9c46fd707060,https://static.inaturalist.org/photos/28289738/medium.jpeg,43111,Eastern Cottontail,data/new_raw/images/862d4779-d70c-4fda-acf6-9c46fd707060.jpg
61fbdd7f-484c-4619-b584-e80f4531f0b6,https://static.inaturalist.org/photos/28288985/medium.jpeg,12727,American Robin,data/new_raw/images/61fbdd7f-484c-4619-b584-e80f4531f0b6.jpg
9dedfd12-c296-46a1-bb9a-9b106131a30f,https://static.inaturalist.org/photos/28289110/medium.jpeg,42652,Virginia Opossum,data/new_raw/images/9dedfd12-c296-46a1-bb9a-9b106131a30f.jpg
5a143583-9f28-4d8d-8337-dc564fe60866,https://static.inaturalist.org/photos/28289115/medium.jpeg,13858,House Sparrow,data/new_raw/images/5a143583-9f28-4d8d-8337-dc564fe60866.jpg
5dcb8d65-4c33-4e93-8205-c97c845f637d,https://static.inaturalist.org/photos/28289120/medium.jpeg,13858,House Sparrow,data/new_raw/images/5dcb8d65-4c33-4e93-8205-c97c845f637d.jpg
c4ad3c3f-f1da-415a-911a-a93fd79edb31,https://static.inaturalist.org/photos/28289122/medium.jpeg,42652,Virginia Opossum,data/new_raw/images/c4ad3c3f-f1da-415a-911a-a93fd79edb31.jpg
9b051e89-7595-4bfb-bd9a-ba795065d131,https://static.inaturalist.org/photos/28289564/medium.jpeg,13858,House Sparrow,data/new_raw/images/9b051e89-7595-4bfb-bd9a-ba795065d131.jpg
8226aeb5-28fe-4552-bb7a-e2e60c2a98e3,https://static.inaturalist.org/photos/28289571/medium.jpeg,13858,House Sparrow,data/new_raw/images/8226aeb5-28fe-4552-bb7a-e2e60c2a98e3.jpg
a3b827d0-594c-401a-b98c-1d8bce25da42,https://static.inaturalist.org/photos/28289574/medium.jpeg,12727,American Robin,data/new_raw/images/a3b827d0-594c-401a-b98c-1d8bce25da42.jpg
dca25e61-e17b-4a32-9b40-4059496c3d2a,https://static.inaturalist.org/photos/28289578/medium.jpeg,43111,Eastern Cottontail,data/new_raw/images/dca25e61-e17b-4a32-9b40-4059496c3d2a.jpg
ac1ef5f5-f8ca-4eba-bdda-cef0d82fc70b,https://static.inaturalist.org/photos/28289581/medium.jpeg,43111,Eastern Cottontail,data/new_raw/images/ac1ef5f5-f8ca-4eba-bdda-cef0d82fc70b.jpg
a86b47be-944b-4920-bc8d-33e261ff1b39,https://static.inaturalist.org/photos/28289588/medium.jpeg,13858,House Sparrow,data/new_raw/images/a86b47be-944b-4920-bc8d-33e261ff1b39.jpg
105a0a02-6625-4768-bba7-cac1d4c45f57,https://static.inaturalist.org/photos/28289591/medium.jpeg,13858,House Sparrow,data/new_raw/images/105a0a02-6625-4768-bba7-cac1d4c45f57.jpg
0190eb6d-a7ba-4424-916b-4f60513c5234,https://static.inaturalist.org/photos/28289885/medium.jpeg,43111,Eastern Cottontail,data/new_raw/images/0190eb6d-a7ba-4424-916b-4f60513c5234.jpg
00b0714b-cc70-4532-8ff9-b56af618fbcd,https://static.inaturalist.org/photos/28289992/medium.jpeg,13858,House Sparrow,data/new_raw/images/00b0714b-cc70-4532-8ff9-b56af618fbcd.jpg
209f1145-46c6-4c3b-a98f-1435a713d930,https://static.inaturalist.org/photos/28290003/medium.jpeg,13858,House Sparrow,data/new_raw/images/209f1145-46c6-4c3b-a98f-1435a713d930.jpg
b2f64d9e-9cf2-4e1d-910f-7827d0e1caba,https://static.inaturalist.org/photos/28290002/medium.jpeg,13858,House Sparrow,data/new_raw/images/b2f64d9e-9cf2-4e1d-910f-7827d0e1caba.jpg
0298c688-41d5-43f3-a451-91e27bb02692,https://static.inaturalist.org/photos/28290005/medium.jpeg,13858,House Sparrow,data/new_raw/images/0298c688-41d5-43f3-a451-91e27bb02692.jpg
96d8c979-8824-4482-860d-12736da2f5d3,https://static.inaturalist.org/photos/28290009/medium.jpeg,13858,House Sparrow,data/new_raw/images/96d8c979-8824-4482-860d-12736da2f5d3.jpg
1ae92e6f-748f-4472-9fd6-b447852cfe93,https://static.inaturalist.org/photos/28290037/medium.jpeg,43111,Eastern Cottontail,data/new_raw/images/1ae92e6f-748f-4472-9fd6-b447852cfe93.jpg
73b4802b-cb47-450b-b95a-1d13ef2a5454,https://static.inaturalist.org/photos/28290033/medium.jpeg,43111,Eastern Cottontail,data/new_raw/images/73b4802b-cb47-450b-b95a-1d13ef2a5454.jpg
33d9edaa-b4ee-41c6-b97a-bbebb25e9acc,https://static.inaturalist.org/photos/28290031/medium.jpeg,43111,Eastern Cottontail,data/new_raw/images/33d9edaa-b4ee-41c6-b97a-bbebb25e9acc.jpg
08373517-253f-4c2c-b36f-44e538270a9e,https://inaturalist-open-data.s3.amazonaws.com/photos/28290723/medium.jpeg,8021,American Crow,data/new_raw/images/08373517-253f-4c2c-b36f-44e538270a9e.jpg
b443fb82-42fd-4d1c-ab9d-8d2344b515bb,https://inaturalist-open-data.s3.amazonaws.com/photos/28290728/medium.jpeg,144594,Snowy Owl,data/new_raw/images/b443fb82-42fd-4d1c-ab9d-8d2344b515bb.jpg
e3f08d1b-0279-4895-9f1b-572672f62bfb,https://inaturalist-open-data.s3.amazonaws.com/photos/28290730/medium.jpeg,494355,Eastern Red-tailed Hawk,data/new_raw/images/e3f08d1b-0279-4895-9f1b-572672f62bfb.jpg
51e96f44-e63d-4d76-9c41-5cad73355817,https://inaturalist-open-data.s3.amazonaws.com/photos/28290732/medium.jpeg,144815,Black-capped Chickadee,data/new_raw/images/51e96f44-e63d-4d76-9c41-5cad73355817.jpg
c8a42811-e5e2-4201-8d65-a5f44609ef12,https://inaturalist-open-data.s3.amazonaws.com/photos/28291221/medium.jpeg,117059,Snow Bunting,data/new_raw/images/c8a42811-e5e2-4201-8d65-a5f44609ef12.jpg
c993c0e5-b8c7-483c-b80e-f875127e65e6,https://inaturalist-open-data.s3.amazonaws.com/photos/28291846/medium.jpeg,144815,Black-capped Chickadee,data/new_raw/images/c993c0e5-b8c7-483c-b80e-f875127e65e6.jpg
6c62d3a2-60fb-410d-9c8a-02489adcdb22,https://inaturalist-open-data.s3.amazonaws.com/photos/28292276/medium.jpeg,3849,Sanderling,data/new_raw/images/6c62d3a2-60fb-410d-9c8a-02489adcdb22.jpg
d721e009-f82d-4fb7-ac81-d555f4f1ab1b,https://inaturalist-open-data.s3.amazonaws.com/photos/28293573/medium.jpeg,46017,Eastern Gray Squirrel,data/new_raw/images/d721e009-f82d-4fb7-ac81-d555f4f1ab1b.jpg
9cfa4ae5-bb56-46f0-875c-1ee220ff844a,https://inaturalist-open-data.s3.amazonaws.com/photos/28293577/medium.jpeg,46017,Eastern Gray Squirrel,data/new_raw/images/9cfa4ae5-bb56-46f0-875c-1ee220ff844a.jpg
0f255eb7-f0d1-498e-81fd-bfa5a220357f,https://inaturalist-open-data.s3.amazonaws.com/photos/28293582/medium.jpeg,118552,Domestic Cat,data/new_raw/images/0f255eb7-f0d1-498e-81fd-bfa5a220357f.jpg
aba84be3-efa6-4f77-85cc-b5f4e15bcf43,https://inaturalist-open-data.s3.amazonaws.com/photos/28293584/medium.jpeg,41663,Common Raccoon,data/new_raw/images/aba84be3-efa6-4f77-85cc-b5f4e15bcf43.jpg
4efd2934-824d-452b-a390-3ee14209a8a3,https://inaturalist-open-data.s3.amazonaws.com/photos/28293597/medium.jpeg,41663,Common Raccoon,data/new_raw/images/4efd2934-824d-452b-a390-3ee14209a8a3.jpg
18707a89-63bb-4cf1-90cb-bec3eee88ce5,https://inaturalist-open-data.s3.amazonaws.com/photos/28293604/medium.jpeg,46017,Eastern Gray Squirrel,data/new_raw/images/18707a89-63bb-4cf1-90cb-bec3eee88ce5.jpg
130ae4db-6e90-4b61-b531-69fa187cb11b,https://inaturalist-open-data.s3.amazonaws.com/photos/28293612/medium.jpeg,13858,House Sparrow,data/new_raw/images/130ae4db-6e90-4b61-b531-69fa187cb11b.jpg
7f82be06-157f-4ee0-9f2a-666ae265890b,https://inaturalist-open-data.s3.amazonaws.com/photos/28293615/medium.jpeg,46017,Eastern Gray Squirrel,data/new_raw/images/7f82be06-157f-4ee0-9f2a-666ae265890b.jpg
87436f8e-7700-4823-8ffc-54894bb847b3,https://inaturalist-open-data.s3.amazonaws.com/photos/28293635/medium.jpeg,13858,House Sparrow,data/new_raw/images/87436f8e-7700-4823-8ffc-54894bb847b3.jpg
1a11f88f-0605-4bdd-ad7a-c90bfe45d6ba,https://inaturalist-open-data.s3.amazonaws.com/photos/28293639/medium.jpeg,118552,Domestic Cat,data/new_raw/images/1a11f88f-0605-4bdd-ad7a-c90bfe45d6ba.jpg
133198e5-95fe-4194-8fc9-994a946646a5,https://inaturalist-open-data.s3.amazonaws.com/photos/28293651/medium.jpeg,13858,House Sparrow,data/new_raw/images/133198e5-95fe-4194-8fc9-994a946646a5.jpg
e00ec738-84c2-4372-b9e2-c92f04f26bc3,https://inaturalist-open-data.s3.amazonaws.com/photos/28293661/medium.jpeg,118552,Domestic Cat,data/new_raw/images/e00ec738-84c2-4372-b9e2-c92f04f26bc3.jpg
56d24ea6-7484-4979-8441-a11782897754,https://inaturalist-open-data.s3.amazonaws.com/photos/28293689/medium.jpeg,42652,Virginia Opossum,data/new_raw/images/56d24ea6-7484-4979-8441-a11782897754.jpg
0b0208e8-5aef-4c81-9230-5ea7fb3fe954,https://inaturalist-open-data.s3.amazonaws.com/photos/28293710/medium.jpeg,14850,European Starling,data/new_raw/images/0b0208e8-5aef-4c81-9230-5ea7fb3fe954.jpg
1a46a6ec-3bda-400c-9815-59739e77308b,https://inaturalist-open-data.s3.amazonaws.com/photos/28293712/medium.jpeg,14850,European Starling,data/new_raw/images/1a46a6ec-3bda-400c-9815-59739e77308b.jpg
d497ed47-3849-4fd7-9a86-1806e3569df7,https://inaturalist-open-data.s3.amazonaws.com/photos/28293696/medium.jpeg,46017,Eastern Gray Squirrel,data/new_raw/images/d497ed47-3849-4fd7-9a86-1806e3569df7.jpg
fefb3987-fe8b-4f7b-8fd7-bb9be89aad52,https://inaturalist-open-data.s3.amazonaws.com/photos/28293718/medium.jpeg,14850,European Starling,data/new_raw/images/fefb3987-fe8b-4f7b-8fd7-bb9be89aad52.jpg
d4c5237d-f4a7-446d-af33-ec6b1b2806eb,https://static.inaturalist.org/photos/28298162/medium.jpg,1289388,Ruby-crowned Kinglet,data/new_raw/images/d4c5237d-f4a7-446d-af33-ec6b1b2806eb.jpg
ebcb5911-d1ad-4540-a32d-c240dbf60aad,https://inaturalist-open-data.s3.amazonaws.com/photos/28317586/medium.jpeg,7004,Common Merganser,data/new_raw/images/ebcb5911-d1ad-4540-a32d-c240dbf60aad.jpg
aa519bed-b15d-43e5-b05a-fce1aeb6ee7b,https://inaturalist-open-data.s3.amazonaws.com/photos/28317588/medium.jpeg,12890,Hermit Thrush,data/new_raw/images/aa519bed-b15d-43e5-b05a-fce1aeb6ee7b.jpg
aee41082-5321-4a6a-a97a-c4911bf0e423,https://static.inaturalist.org/photos/28323565/medium.jpeg,44576,Brown Rat,data/new_raw/images/aee41082-5321-4a6a-a97a-c4911bf0e423.jpg
64ebe514-d31e-431e-ac7d-4eae085e0f9b,https://static.inaturalist.org/photos/28323566/medium.jpeg,43111,Eastern Cottontail,data/new_raw/images/64ebe514-d31e-431e-ac7d-4eae085e0f9b.jpg
6097f71f-c3e2-4808-95e9-958518a5d8f4,https://static.inaturalist.org/photos/28323568/medium.jpeg,43111,Eastern Cottontail,data/new_raw/images/6097f71f-c3e2-4808-95e9-958518a5d8f4.jpg
14d71a04-9ea9-465c-90ee-5406f601b4ea,https://static.inaturalist.org/photos/28323569/medium.jpeg,43111,Eastern Cottontail,data/new_raw/images/14d71a04-9ea9-465c-90ee-5406f601b4ea.jpg
32b68416-c533-41dc-89a3-2a7e5ef46352,https://static.inaturalist.org/photos/28323570/medium.jpeg,13858,House Sparrow,data/new_raw/images/32b68416-c533-41dc-89a3-2a7e5ef46352.jpg
4a4bacab-178b-440e-aeb8-e8abec9f9959,https://static.inaturalist.org/photos/28323571/medium.jpeg,43111,Eastern Cottontail,data/new_raw/images/4a4bacab-178b-440e-aeb8-e8abec9f9959.jpg
764e0e82-bd62-4dc3-a351-2965bb0b6a8c,https://static.inaturalist.org/photos/28323593/medium.jpeg,13858,House Sparrow,data/new_raw/images/764e0e82-bd62-4dc3-a351-2965bb0b6a8c.jpg
f4418c13-8e4f-4bd6-a1c0-6e6b2a5265a5,https://static.inaturalist.org/photos/28323709/medium.jpeg,13858,House Sparrow,data/new_raw/images/f4418c13-8e4f-4bd6-a1c0-6e6b2a5265a5.jpg
e58e497a-e96b-458f-817b-57ef28f12d12,https://static.inaturalist.org/photos/28323706/medium.jpeg,13858,House Sparrow,data/new_raw/images/e58e497a-e96b-458f-817b-57ef28f12d12.jpg
16e3d04a-6c7a-4dc0-aba0-e1a362850731,https://static.inaturalist.org/photos/28323748/medium.jpeg,13858,House Sparrow,data/new_raw/images/16e3d04a-6c7a-4dc0-aba0-e1a362850731.jpg
32f5f419-ce22-4798-9ac9-e68c72ffa7d7,https://static.inaturalist.org/photos/28323708/medium.jpeg,43111,Eastern Cottontail,data/new_raw/images/32f5f419-ce22-4798-9ac9-e68c72ffa7d7.jpg
54fb0d5b-c079-4235-8f22-ee4919dcad19,https://static.inaturalist.org/photos/28323720/medium.jpeg,43111,Eastern Cottontail,data/new_raw/images/54fb0d5b-c079-4235-8f22-ee4919dcad19.jpg
7c36dc92-f247-4b5d-aec1-ec21e60aa7fc,https://static.inaturalist.org/photos/28323725/medium.jpeg,43111,Eastern Cottontail,data/new_raw/images/7c36dc92-f247-4b5d-aec1-ec21e60aa7fc.jpg
638db4a4-7aa8-4f7c-a6c6-e2d40250b65c,https://static.inaturalist.org/photos/28323729/medium.jpeg,47144,Domestic Dog,data/new_raw/images/638db4a4-7aa8-4f7c-a6c6-e2d40250b65c.jpg
0d520f93-8f89-4666-9672-7c33618b05ee,https://static.inaturalist.org/photos/28323736/medium.jpeg,47144,Domestic Dog,data/new_raw/images/0d520f93-8f89-4666-9672-7c33618b05ee.jpg
52739e0b-ebcf-4c25-8a2c-d39abae16dc4,https://static.inaturalist.org/photos/28323852/medium.jpeg,13858,House Sparrow,data/new_raw/images/52739e0b-ebcf-4c25-8a2c-d39abae16dc4.jpg
147b5e14-369d-4c1b-bb80-b7e759f06932,https://static.inaturalist.org/photos/28323853/medium.jpeg,43111,Eastern Cottontail,data/new_raw/images/147b5e14-369d-4c1b-bb80-b7e759f06932.jpg
f349f0ce-420f-4fcb-ae77-1dde81d688ec,https://static.inaturalist.org/photos/28324057/medium.jpeg,44576,Brown Rat,data/new_raw/images/f349f0ce-420f-4fcb-ae77-1dde81d688ec.jpg
5711e972-7a2d-455a-be7c-ff743b8505b5,https://static.inaturalist.org/photos/28324011/medium.jpeg,43111,Eastern Cottontail,data/new_raw/images/5711e972-7a2d-455a-be7c-ff743b8505b5.jpg
5b87c27e-7ba5-49d9-8566-2ff3b67c4090,https://static.inaturalist.org/photos/28324025/medium.jpeg,43111,Eastern Cottontail,data/new_raw/images/5b87c27e-7ba5-49d9-8566-2ff3b67c4090.jpg
e1139cac-3f1c-4a7d-9f2f-15265f10418d,https://static.inaturalist.org/photos/28324032/medium.jpeg,43111,Eastern Cottontail,data/new_raw/images/e1139cac-3f1c-4a7d-9f2f-15265f10418d.jpg
fce3a060-86c5-418b-ad47-996a583d4fa6,https://static.inaturalist.org/photos/28324069/medium.jpeg,43111,Eastern Cottontail,data/new_raw/images/fce3a060-86c5-418b-ad47-996a583d4fa6.jpg
f924a62f-4f9d-4b5a-8d5d-ae8f66a681ef,https://static.inaturalist.org/photos/28324082/medium.jpeg,13858,House Sparrow,data/new_raw/images/f924a62f-4f9d-4b5a-8d5d-ae8f66a681ef.jpg
820b8fa1-d706-4ea7-85c8-8fda572073c4,https://static.inaturalist.org/photos/28324086/medium.jpeg,43111,Eastern Cottontail,data/new_raw/images/820b8fa1-d706-4ea7-85c8-8fda572073c4.jpg
40f8cad3-ea51-4873-881e-fcc8fa692c7d,https://static.inaturalist.org/photos/28324090/medium.jpeg,43111,Eastern Cottontail,data/new_raw/images/40f8cad3-ea51-4873-881e-fcc8fa692c7d.jpg
1acac5c3-30cf-4c59-bb1c-a92b425d0da4,https://static.inaturalist.org/photos/28324094/medium.jpeg,43111,Eastern Cottontail,data/new_raw/images/1acac5c3-30cf-4c59-bb1c-a92b425d0da4.jpg
f94648ad-a84a-4a8d-b47f-39816389234a,https://static.inaturalist.org/photos/28324095/medium.jpeg,43111,Eastern Cottontail,data/new_raw/images/f94648ad-a84a-4a8d-b47f-39816389234a.jpg
f4f81622-2da3-458a-9b5c-6952982628e4,https://static.inaturalist.org/photos/28324097/medium.jpeg,43111,Eastern Cottontail,data/new_raw/images/f4f81622-2da3-458a-9b5c-6952982628e4.jpg
2269bc28-83c7-4e5f-a103-397c5debfd8c,https://inaturalist-open-data.s3.amazonaws.com/photos/28324311/medium.jpg,4457,Forster's Tern,data/new_raw/images/2269bc28-83c7-4e5f-a103-397c5debfd8c.jpg
f3b68652-9850-44bb-8a3c-97878e838816,https://static.inaturalist.org/photos/28324331/medium.jpeg,13858,House Sparrow,data/new_raw/images/f3b68652-9850-44bb-8a3c-97878e838816.jpg
a2f9b87d-8bd2-42d4-8edf-fbbe48dd65c7,https://inaturalist-open-data.s3.amazonaws.com/photos/28324349/medium.jpg,4450,Common Tern,data/new_raw/images/a2f9b87d-8bd2-42d4-8edf-fbbe48dd65c7.jpg
ec398d5b-2642-4c9d-b8b1-609ccea79a55,https://static.inaturalist.org/photos/28324366/medium.jpeg,13858,House Sparrow,data/new_raw/images/ec398d5b-2642-4c9d-b8b1-609ccea79a55.jpg
5e01feb7-249f-497c-b82a-0e650cf839f4,https://static.inaturalist.org/photos/28324659/medium.jpg,46017,Eastern Gray Squirrel,data/new_raw/images/5e01feb7-249f-497c-b82a-0e650cf839f4.jpg
78171fbe-b2dd-4bea-8bc6-294535fd11d4,https://static.inaturalist.org/photos/28324795/medium.jpg,12727,American Robin,data/new_raw/images/78171fbe-b2dd-4bea-8bc6-294535fd11d4.jpg
a1a4eef3-e95e-4ab7-8533-61f1156f81f4,https://static.inaturalist.org/photos/28324207/medium.jpeg,43111,Eastern Cottontail,data/new_raw/images/a1a4eef3-e95e-4ab7-8533-61f1156f81f4.jpg
3e9bb420-57c0-40e8-bd0e-b987eea364dc,https://static.inaturalist.org/photos/28324229/medium.jpeg,43111,Eastern Cottontail,data/new_raw/images/3e9bb420-57c0-40e8-bd0e-b987eea364dc.jpg
85c93369-0e67-4b19-b6f1-f903404affb7,https://static.inaturalist.org/photos/28324217/medium.jpeg,43111,Eastern Cottontail,data/new_raw/images/85c93369-0e67-4b19-b6f1-f903404affb7.jpg
3a0c6f60-9f64-4e21-bef0-b37bfc054165,https://static.inaturalist.org/photos/28324226/medium.jpeg,43111,Eastern Cottontail,data/new_raw/images/3a0c6f60-9f64-4e21-bef0-b37bfc054165.jpg
6c58fa8f-b0bb-46a2-8979-0c8059b7507c,https://static.inaturalist.org/photos/28324236/medium.jpeg,43111,Eastern Cottontail,data/new_raw/images/6c58fa8f-b0bb-46a2-8979-0c8059b7507c.jpg
fef18e1f-dc06-4ae0-8102-3a85213bc8c5,https://static.inaturalist.org/photos/28324246/medium.jpeg,43111,Eastern Cottontail,data/new_raw/images/fef18e1f-dc06-4ae0-8102-3a85213bc8c5.jpg
380d3b5e-5eef-440c-99de-ba4b5535a84f,https://static.inaturalist.org/photos/28324259/medium.jpeg,43111,Eastern Cottontail,data/new_raw/images/380d3b5e-5eef-440c-99de-ba4b5535a84f.jpg
51d89e21-6349-4aac-a17e-7c763a8d6166,https://static.inaturalist.org/photos/28324269/medium.jpeg,40151,Mammals,data/new_raw/images/51d89e21-6349-4aac-a17e-7c763a8d6166.jpg
a0312003-02da-42a8-ba65-0a068bc81ae2,https://static.inaturalist.org/photos/28324275/medium.jpeg,43111,Eastern Cottontail,data/new_raw/images/a0312003-02da-42a8-ba65-0a068bc81ae2.jpg
9588f583-0a52-4b24-9b36-043c3d7e1e7c,https://inaturalist-open-data.s3.amazonaws.com/photos/28325207/medium.jpg,16100,Eastern Wood-Pewee,data/new_raw/images/9588f583-0a52-4b24-9b36-043c3d7e1e7c.jpg
ed9880e3-8bb4-407b-a20b-6bc3550fe183,https://inaturalist-open-data.s3.amazonaws.com/photos/28325262/medium.jpg,145224,Mourning Warbler,data/new_raw/images/ed9880e3-8bb4-407b-a20b-6bc3550fe183.jpg
107fb264-7e09-4338-90c0-2702f848a5a0,https://static.inaturalist.org/photos/28326134/medium.jpeg,43111,Eastern Cottontail,data/new_raw/images/107fb264-7e09-4338-90c0-2702f848a5a0.jpg
4231ce79-a2df-41ba-b91d-26b6e1da4e9a,https://static.inaturalist.org/photos/28326216/medium.jpeg,13858,House Sparrow,data/new_raw/images/4231ce79-a2df-41ba-b91d-26b6e1da4e9a.jpg
bb5915a6-93f5-4460-93a5-7222ffaf0d6e,https://static.inaturalist.org/photos/28326435/medium.jpeg,44576,Brown Rat,data/new_raw/images/bb5915a6-93f5-4460-93a5-7222ffaf0d6e.jpg
07ebaa1f-7534-475b-9fb8-b81ae8f50096,https://inaturalist-open-data.s3.amazonaws.com/photos/28327061/medium.jpg,20315,Short-eared Owl,data/new_raw/images/07ebaa1f-7534-475b-9fb8-b81ae8f50096.jpg
9c16a549-f472-4063-9974-01b34c2c63a1,https://static.inaturalist.org/photos/28326953/medium.jpeg,44678,Typical Old World Mice,data/new_raw/images/9c16a549-f472-4063-9974-01b34c2c63a1.jpg
c19201fa-2f3b-4f29-9f72-bac1a7e46410,https://static.inaturalist.org/photos/28326957/medium.jpeg,44678,Typical Old World Mice,data/new_raw/images/c19201fa-2f3b-4f29-9f72-bac1a7e46410.jpg
2379afc1-d09d-4ea0-ad3c-74562b344ff1,https://static.inaturalist.org/photos/28326961/medium.jpeg,44678,Typical Old World Mice,data/new_raw/images/2379afc1-d09d-4ea0-ad3c-74562b344ff1.jpg
0983a615-ae49-4139-9da8-b541e1cdd9a8,https://static.inaturalist.org/photos/28326965/medium.jpeg,44678,Typical Old World Mice,data/new_raw/images/0983a615-ae49-4139-9da8-b541e1cdd9a8.jpg
68eb2ce7-7211-43aa-991d-196b37d3e2de,https://static.inaturalist.org/photos/28326968/medium.jpeg,44678,Typical Old World Mice,data/new_raw/images/68eb2ce7-7211-43aa-991d-196b37d3e2de.jpg
3c70ae45-ab79-41a1-819b-6a542a948c84,https://static.inaturalist.org/photos/28326974/medium.jpeg,44678,Typical Old World Mice,data/new_raw/images/3c70ae45-ab79-41a1-819b-6a542a948c84.jpg
89203258-4ed2-4ea1-b385-bff272ec3afa,https://static.inaturalist.org/photos/28326977/medium.jpeg,44678,Typical Old World Mice,data/new_raw/images/89203258-4ed2-4ea1-b385-bff272ec3afa.jpg
51994cbc-3a35-40c3-959c-323825e4e27b,https://static.inaturalist.org/photos/28326982/medium.jpeg,44678,Typical Old World Mice,data/new_raw/images/51994cbc-3a35-40c3-959c-323825e4e27b.jpg
120c6c60-1e48-4dfc-a84c-a99238e073f8,https://static.inaturalist.org/photos/28326985/medium.jpeg,44678,Typical Old World Mice,data/new_raw/images/120c6c60-1e48-4dfc-a84c-a99238e073f8.jpg
61fbb3cf-5ecc-45ed-8c76-b6215035b48e,https://static.inaturalist.org/photos/28327001/medium.jpeg,44678,Typical Old World Mice,data/new_raw/images/61fbb3cf-5ecc-45ed-8c76-b6215035b48e.jpg
bf04950f-6569-4386-9548-a2338ded0bea,https://static.inaturalist.org/photos/28327004/medium.jpeg,13858,House Sparrow,data/new_raw/images/bf04950f-6569-4386-9548-a2338ded0bea.jpg
016ccf34-b021-4d73-af04-bc493427e816,https://static.inaturalist.org/photos/28327011/medium.jpeg,44705,House Mouse,data/new_raw/images/016ccf34-b021-4d73-af04-bc493427e816.jpg
cbe6bb38-7389-48a5-8a58-bfe404487927,https://static.inaturalist.org/photos/28327034/medium.jpeg,44705,House Mouse,data/new_raw/images/cbe6bb38-7389-48a5-8a58-bfe404487927.jpg
589ec1fb-3922-4ec2-ac7a-895d1be7ec7e,https://static.inaturalist.org/photos/28327037/medium.jpeg,44705,House Mouse,data/new_raw/images/589ec1fb-3922-4ec2-ac7a-895d1be7ec7e.jpg
ac9fa0a4-fa19-4469-a1bb-6725d5d4aaae,https://static.inaturalist.org/photos/28327042/medium.jpeg,44705,House Mouse,data/new_raw/images/ac9fa0a4-fa19-4469-a1bb-6725d5d4aaae.jpg
b6cedefc-c344-40d9-9ebf-ffc667829441,https://static.inaturalist.org/photos/28327048/medium.jpeg,44705,House Mouse,data/new_raw/images/b6cedefc-c344-40d9-9ebf-ffc667829441.jpg
c4ee6ad9-edaf-494a-9417-0b1db01fd54d,https://static.inaturalist.org/photos/28327052/medium.jpeg,44705,House Mouse,data/new_raw/images/c4ee6ad9-edaf-494a-9417-0b1db01fd54d.jpg
4fa3deb4-8f96-4105-888d-a2632a2f96d3,https://static.inaturalist.org/photos/28327059/medium.jpeg,44705,House Mouse,data/new_raw/images/4fa3deb4-8f96-4105-888d-a2632a2f96d3.jpg
481a5de7-36da-4145-8b23-5ec64b4a179b,https://static.inaturalist.org/photos/28327595/medium.jpg,792988,Downy Woodpecker,data/new_raw/images/481a5de7-36da-4145-8b23-5ec64b4a179b.jpg
eea27f0b-676a-4421-9521-d0db09531857,https://static.inaturalist.org/photos/28327427/medium.jpg,14850,European Starling,data/new_raw/images/eea27f0b-676a-4421-9521-d0db09531857.jpg
dc4cdd71-e721-410e-b09e-28a587aef881,https://static.inaturalist.org/photos/28328970/medium.jpeg,43111,Eastern Cottontail,data/new_raw/images/dc4cdd71-e721-410e-b09e-28a587aef881.jpg
18d4916b-824a-4d01-8965-b18ab863df88,https://static.inaturalist.org/photos/28328975/medium.jpeg,43111,Eastern Cottontail,data/new_raw/images/18d4916b-824a-4d01-8965-b18ab863df88.jpg
f38c55c7-33a8-4c33-a2dc-4e8ad7f1d70c,https://static.inaturalist.org/photos/28328981/medium.jpeg,43111,Eastern Cottontail,data/new_raw/images/f38c55c7-33a8-4c33-a2dc-4e8ad7f1d70c.jpg
cc0d98c8-f068-4446-99b5-494ca5614ce6,https://static.inaturalist.org/photos/28329047/medium.jpeg,43111,Eastern Cottontail,data/new_raw/images/cc0d98c8-f068-4446-99b5-494ca5614ce6.jpg
1853ac15-4a3a-471a-a3bc-f9e391dd4570,https://static.inaturalist.org/photos/28329060/medium.jpeg,43111,Eastern Cottontail,data/new_raw/images/1853ac15-4a3a-471a-a3bc-f9e391dd4570.jpg
5015a5aa-5e72-4ea8-9015-bc3a61d41890,https://static.inaturalist.org/photos/28329067/medium.jpeg,43111,Eastern Cottontail,data/new_raw/images/5015a5aa-5e72-4ea8-9015-bc3a61d41890.jpg
a88af980-a88a-4b60-a74c-fd9935294b63,https://static.inaturalist.org/photos/28329078/medium.jpeg,43111,Eastern Cottontail,data/new_raw/images/a88af980-a88a-4b60-a74c-fd9935294b63.jpg
d5da56f7-f712-4b13-987e-42afbce33588,https://static.inaturalist.org/photos/28329083/medium.jpeg,43111,Eastern Cottontail,data/new_raw/images/d5da56f7-f712-4b13-987e-42afbce33588.jpg
49d2ec9c-a12d-48a1-878c-4827ab06c0c0,https://static.inaturalist.org/photos/28329094/medium.jpeg,43111,Eastern Cottontail,data/new_raw/images/49d2ec9c-a12d-48a1-878c-4827ab06c0c0.jpg
615dab0c-8c6f-4fdf-adc6-15a65740c5bb,https://static.inaturalist.org/photos/28329055/medium.jpeg,13858,House Sparrow,data/new_raw/images/615dab0c-8c6f-4fdf-adc6-15a65740c5bb.jpg
73e9b738-8827-4190-83b1-808e4beaea0a,https://static.inaturalist.org/photos/28329101/medium.jpeg,43111,Eastern Cottontail,data/new_raw/images/73e9b738-8827-4190-83b1-808e4beaea0a.jpg
2328aef3-d407-42c5-92f2-b428b62c1aaa,https://static.inaturalist.org/photos/28329117/medium.jpeg,43111,Eastern Cottontail,data/new_raw/images/2328aef3-d407-42c5-92f2-b428b62c1aaa.jpg
89e68921-38ac-482c-9d08-8ed7db725f31,https://static.inaturalist.org/photos/28329131/medium.jpeg,43111,Eastern Cottontail,data/new_raw/images/89e68921-38ac-482c-9d08-8ed7db725f31.jpg
c8b7e4d9-ec57-4ac3-a782-e77fab0828f2,https://static.inaturalist.org/photos/28329140/medium.jpeg,43111,Eastern Cottontail,data/new_raw/images/c8b7e4d9-ec57-4ac3-a782-e77fab0828f2.jpg
a6dccd91-e41f-4553-81f3-d632f3613e94,https://static.inaturalist.org/photos/28328921/medium.jpeg,43111,Eastern Cottontail,data/new_raw/images/a6dccd91-e41f-4553-81f3-d632f3613e94.jpg
f31747f7-da6a-4dcd-83b7-dc6a9e4f1166,https://static.inaturalist.org/photos/28329347/medium.jpg,47144,Domestic Dog,data/new_raw/images/f31747f7-da6a-4dcd-83b7-dc6a9e4f1166.jpg
1b7267f7-7d5b-4251-bcd6-ee4c64091c4f,https://static.inaturalist.org/photos/28329381/medium.jpg,47144,Domestic Dog,data/new_raw/images/1b7267f7-7d5b-4251-bcd6-ee4c64091c4f.jpg
9bc8fac7-16e3-48fa-9ecf-ea594c96af30,https://static.inaturalist.org/photos/28329384/medium.jpg,47144,Domestic Dog,data/new_raw/images/9bc8fac7-16e3-48fa-9ecf-ea594c96af30.jpg
7db281c0-0090-4510-8958-f90c3027ba77,https://static.inaturalist.org/photos/28329111/medium.jpeg,43111,Eastern Cottontail,data/new_raw/images/7db281c0-0090-4510-8958-f90c3027ba77.jpg
8cc1b1eb-d850-4e46-af8a-2e38d46f385b,https://static.inaturalist.org/photos/28329113/medium.jpeg,122767,Feral Pigeon,data/new_raw/images/8cc1b1eb-d850-4e46-af8a-2e38d46f385b.jpg
560acf1b-f175-4248-a78d-c5f53a6d010f,https://static.inaturalist.org/photos/28329122/medium.jpeg,13858,House Sparrow,data/new_raw/images/560acf1b-f175-4248-a78d-c5f53a6d010f.jpg
def8c7a3-6348-498e-914a-77dc92655081,https://static.inaturalist.org/photos/28329163/medium.jpeg,13858,House Sparrow,data/new_raw/images/def8c7a3-6348-498e-914a-77dc92655081.jpg
3d13579a-dec9-40bb-93d9-dc42f1d0f903,https://static.inaturalist.org/photos/28329428/medium.jpg,47144,Domestic Dog,data/new_raw/images/3d13579a-dec9-40bb-93d9-dc42f1d0f903.jpg
e805780a-c74c-48d9-81f7-cffe3f8f25b5,https://static.inaturalist.org/photos/28329447/medium.jpg,43584,Human,data/new_raw/images/e805780a-c74c-48d9-81f7-cffe3f8f25b5.jpg
7e431d0e-703a-4b08-8e66-e7f366586517,https://inaturalist-open-data.s3.amazonaws.com/photos/28330299/medium.jpeg,343340,Eastern Red Fox Sparrow,data/new_raw/images/7e431d0e-703a-4b08-8e66-e7f366586517.jpg
e33d688f-57bc-4d50-b3db-e88fcf4d2f0f,https://inaturalist-open-data.s3.amazonaws.com/photos/28330365/medium.jpeg,43111,Eastern Cottontail,data/new_raw/images/e33d688f-57bc-4d50-b3db-e88fcf4d2f0f.jpg
93a76931-d73e-4d73-b9f2-d256a0e03b9e,https://inaturalist-open-data.s3.amazonaws.com/photos/28330455/medium.jpeg,7056,Redhead,data/new_raw/images/93a76931-d73e-4d73-b9f2-d256a0e03b9e.jpg
cab1ca43-22e2-47b4-8abb-0b85ae9dd8be,https://inaturalist-open-data.s3.amazonaws.com/photos/28330496/medium.jpeg,6996,Red-breasted Merganser,data/new_raw/images/cab1ca43-22e2-47b4-8abb-0b85ae9dd8be.jpg
84f897f7-7142-4fb0-9298-ff640fd1e872,https://static.inaturalist.org/photos/28332575/medium.jpeg,43111,Eastern Cottontail,data/new_raw/images/84f897f7-7142-4fb0-9298-ff640fd1e872.jpg
b274fc34-3aac-4733-b530-5ff88ec8d86c,https://static.inaturalist.org/photos/28333003/medium.jpeg,43111,Eastern Cottontail,data/new_raw/images/b274fc34-3aac-4733-b530-5ff88ec8d86c.jpg
fec1876a-2d55-4678-9ede-21fe889c4640,https://static.inaturalist.org/photos/28333212/medium.jpeg,44576,Brown Rat,data/new_raw/images/fec1876a-2d55-4678-9ede-21fe889c4640.jpg
6e5d7a34-b0ac-472a-bd71-20e12c2ace57,https://static.inaturalist.org/photos/28333214/medium.jpeg,43111,Eastern Cottontail,data/new_raw/images/6e5d7a34-b0ac-472a-bd71-20e12c2ace57.jpg
d9a50631-ab24-476a-8470-a7bb57b390e9,https://static.inaturalist.org/photos/28333216/medium.jpeg,43111,Eastern Cottontail,data/new_raw/images/d9a50631-ab24-476a-8470-a7bb57b390e9.jpg
6be34804-685b-497a-94ed-63c54bf4bab9,https://inaturalist-open-data.s3.amazonaws.com/photos/28333311/medium.jpeg,5305,Bald Eagle,data/new_raw/images/6be34804-685b-497a-94ed-63c54bf4bab9.jpg
c6cc1997-ffda-4ca9-8717-2b903f4798e3,https://static.inaturalist.org/photos/28333754/medium.jpeg,44576,Brown Rat,data/new_raw/images/c6cc1997-ffda-4ca9-8717-2b903f4798e3.jpg
e2653370-28fb-45ea-a3d1-c55e2a8eed66,https://inaturalist-open-data.s3.amazonaws.com/photos/28333647/medium.jpeg,4361,Iceland Gull,data/new_raw/images/e2653370-28fb-45ea-a3d1-c55e2a8eed66.jpg
12cb931c-10a1-4130-88ec-cea3b3208d93,https://inaturalist-open-data.s3.amazonaws.com/photos/28333684/medium.jpeg,144222,White-winged Scoter,data/new_raw/images/12cb931c-10a1-4130-88ec-cea3b3208d93.jpg
acf5e4b0-b529-4fbd-af27-ee2a2bcb328a,https://inaturalist-open-data.s3.amazonaws.com/photos/28333813/medium.jpeg,7089,Canada Goose,data/new_raw/images/acf5e4b0-b529-4fbd-af27-ee2a2bcb328a.jpg
db17fa1a-8f86-4d5a-a4bb-2fcfdccfb964,https://inaturalist-open-data.s3.amazonaws.com/photos/28333835/medium.jpeg,7004,Common Merganser,data/new_raw/images/db17fa1a-8f86-4d5a-a4bb-2fcfdccfb964.jpg
30c234cb-ab15-42df-9f8c-bc16334b5281,https://inaturalist-open-data.s3.amazonaws.com/photos/28333853/medium.jpeg,6996,Red-breasted Merganser,data/new_raw/images/30c234cb-ab15-42df-9f8c-bc16334b5281.jpg
0ba29749-0a43-4a94-8a83-231ca2369c71,https://inaturalist-open-data.s3.amazonaws.com/photos/28333899/medium.jpeg,1578489,American Herring Gull,data/new_raw/images/0ba29749-0a43-4a94-8a83-231ca2369c71.jpg
97fab089-94eb-48a6-8df3-4756e16e623f,https://inaturalist-open-data.s3.amazonaws.com/photos/28335589/medium.jpeg,7004,Common Merganser,data/new_raw/images/97fab089-94eb-48a6-8df3-4756e16e623f.jpg
cf493cbb-280d-4da2-828b-45403ff5d42c,https://inaturalist-open-data.s3.amazonaws.com/photos/28335594/medium.jpeg,7004,Common Merganser,data/new_raw/images/cf493cbb-280d-4da2-828b-45403ff5d42c.jpg
5e2b6e62-c18b-4ca6-90b7-8b9981d9dba3,https://static.inaturalist.org/photos/28335666/medium.jpeg,4981,Black-crowned Night Heron,data/new_raw/images/5e2b6e62-c18b-4ca6-90b7-8b9981d9dba3.jpg
71939aea-1977-4798-bcd6-7753c0e7b2ae,https://static.inaturalist.org/photos/28335788/medium.jpg,46017,Eastern Gray Squirrel,data/new_raw/images/71939aea-1977-4798-bcd6-7753c0e7b2ae.jpg
81c5fff4-135f-463f-82c2-d28e98991666,https://static.inaturalist.org/photos/28337501/medium.jpeg,6996,Red-breasted Merganser,data/new_raw/images/81c5fff4-135f-463f-82c2-d28e98991666.jpg
83383b08-00a9-4679-bf08-acb30b2383ee,https://inaturalist-open-data.s3.amazonaws.com/photos/28341614/medium.jpeg,3862,Semipalmated Sandpiper,data/new_raw/images/83383b08-00a9-4679-bf08-acb30b2383ee.jpg
5780bba1-9ff4-4e13-800e-b256c768e2d9,https://inaturalist-open-data.s3.amazonaws.com/photos/28341613/medium.jpeg,3864,Least Sandpiper,data/new_raw/images/5780bba1-9ff4-4e13-800e-b256c768e2d9.jpg
a59c3791-af12-45b3-b637-a66ec6df573b,https://inaturalist-open-data.s3.amazonaws.com/photos/28341619/medium.jpeg,4817,Semipalmated Plover,data/new_raw/images/a59c3791-af12-45b3-b637-a66ec6df573b.jpg
d95dc8c1-de0e-40f0-8eab-e7bc54f4f74c,https://inaturalist-open-data.s3.amazonaws.com/photos/28344212/medium.jpeg,144455,Great Egret,data/new_raw/images/d95dc8c1-de0e-40f0-8eab-e7bc54f4f74c.jpg
08940b52-07b3-4ec7-89cb-2fd2bac37247,https://inaturalist-open-data.s3.amazonaws.com/photos/28344742/medium.jpeg,3901,Whimbrel,data/new_raw/images/08940b52-07b3-4ec7-89cb-2fd2bac37247.jpg
f82da628-1a05-4eaa-8695-cc2df54177f0,https://inaturalist-open-data.s3.amazonaws.com/photos/28346061/medium.jpeg,72912,Worm-eating Warbler,data/new_raw/images/f82da628-1a05-4eaa-8695-cc2df54177f0.jpg
57afcb55-6b41-4749-9c90-a1cbf60a38d6,https://inaturalist-open-data.s3.amazonaws.com/photos/28346136/medium.jpeg,3866,White-rumped Sandpiper,data/new_raw/images/57afcb55-6b41-4749-9c90-a1cbf60a38d6.jpg
554bcf92-a3ee-460d-b903-269b06ccfc89,https://inaturalist-open-data.s3.amazonaws.com/photos/28346139/medium.jpeg,72458,Spotted Sandpiper,data/new_raw/images/554bcf92-a3ee-460d-b903-269b06ccfc89.jpg
888bda1f-90f3-47e0-b528-b05fad064cc2,https://inaturalist-open-data.s3.amazonaws.com/photos/28346137/medium.jpeg,4817,Semipalmated Plover,data/new_raw/images/888bda1f-90f3-47e0-b528-b05fad064cc2.jpg
961623c0-6b47-4075-8a00-958d966d483f,https://inaturalist-open-data.s3.amazonaws.com/photos/28347540/medium.jpeg,4793,Killdeer,data/new_raw/images/961623c0-6b47-4075-8a00-958d966d483f.jpg
484647ed-6679-424a-81bc-0d9a9a073491,https://inaturalist-open-data.s3.amazonaws.com/photos/28347544/medium.jpeg,9346,Baltimore Oriole,data/new_raw/images/484647ed-6679-424a-81bc-0d9a9a073491.jpg
dcdd2219-2334-414d-bc08-b7b1d56dd72d,https://inaturalist-open-data.s3.amazonaws.com/photos/28347602/medium.jpeg,979756,Tennessee Warbler,data/new_raw/images/dcdd2219-2334-414d-bc08-b7b1d56dd72d.jpg
a03da41b-a8bd-4fc6-a67b-e0e5bfaa6294,https://inaturalist-open-data.s3.amazonaws.com/photos/28348996/medium.jpeg,4981,Black-crowned Night Heron,data/new_raw/images/a03da41b-a8bd-4fc6-a67b-e0e5bfaa6294.jpg
f50435b3-4032-467e-8988-bc37cc7958c7,https://static.inaturalist.org/photos/28361920/medium.jpeg,334341,Domestic Rabbit,data/new_raw/images/f50435b3-4032-467e-8988-bc37cc7958c7.jpg
90d4e511-bd4b-49a7-a59b-2ca0ec425090,https://static.inaturalist.org/photos/28361925/medium.jpeg,43111,Eastern Cottontail,data/new_raw/images/90d4e511-bd4b-49a7-a59b-2ca0ec425090.jpg
b75cd3c7-37aa-4e6e-b2e9-4c9e97891ee0,https://static.inaturalist.org/photos/28361927/medium.jpeg,848323,"Primates, Rodents, and Allies",data/new_raw/images/b75cd3c7-37aa-4e6e-b2e9-4c9e97891ee0.jpg
2da54c66-ed79-4695-974a-aa0a7bb6ee40,https://static.inaturalist.org/photos/28361930/medium.jpeg,43111,Eastern Cottontail,data/new_raw/images/2da54c66-ed79-4695-974a-aa0a7bb6ee40.jpg
03aa48db-8935-4d2a-991d-89d433731437,https://static.inaturalist.org/photos/28361947/medium.jpeg,43095,Hares and Rabbits,data/new_raw/images/03aa48db-8935-4d2a-991d-89d433731437.jpg
1fbd34d7-b2d1-440b-9903-67575a9010a2,https://static.inaturalist.org/photos/28361952/medium.jpeg,43111,Eastern Cottontail,data/new_raw/images/1fbd34d7-b2d1-440b-9903-67575a9010a2.jpg
e277c8dd-06a5-4ec5-8a59-a2a59967d95c,https://static.inaturalist.org/photos/28361954/medium.jpeg,43095,Hares and Rabbits,data/new_raw/images/e277c8dd-06a5-4ec5-8a59-a2a59967d95c.jpg
bb23aea1-2f23-473f-a88a-89c859aec643,https://static.inaturalist.org/photos/28361961/medium.jpeg,40151,Mammals,data/new_raw/images/bb23aea1-2f23-473f-a88a-89c859aec643.jpg
b614106d-1721-4f92-acef-5855e81ad804,https://static.inaturalist.org/photos/28361972/medium.jpeg,334341,Domestic Rabbit,data/new_raw/images/b614106d-1721-4f92-acef-5855e81ad804.jpg
fdfecf3d-0ff2-44e6-9bcb-ba89c93fe277,https://static.inaturalist.org/photos/28361979/medium.jpeg,43111,Eastern Cottontail,data/new_raw/images/fdfecf3d-0ff2-44e6-9bcb-ba89c93fe277.jpg
fd71c98c-b308-4732-b12e-2855887b65d2,https://static.inaturalist.org/photos/28362198/medium.jpeg,43095,Hares and Rabbits,data/new_raw/images/fd71c98c-b308-4732-b12e-2855887b65d2.jpg
8e7ef64e-d927-4bce-95bc-5ef5c52d61be,https://static.inaturalist.org/photos/28362204/medium.jpeg,334341,Domestic Rabbit,data/new_raw/images/8e7ef64e-d927-4bce-95bc-5ef5c52d61be.jpg
7bcf1b06-0574-4432-854a-bb4474da0de6,https://static.inaturalist.org/photos/28362212/medium.jpeg,334341,Domestic Rabbit,data/new_raw/images/7bcf1b06-0574-4432-854a-bb4474da0de6.jpg
9c2d4d4b-6c5c-4acf-b74c-fbd80dba087e,https://static.inaturalist.org/photos/28362215/medium.jpeg,334341,Domestic Rabbit,data/new_raw/images/9c2d4d4b-6c5c-4acf-b74c-fbd80dba087e.jpg
3f8446ae-461d-4798-a3f4-f9ebe5509240,https://static.inaturalist.org/photos/28362249/medium.jpeg,334341,Domestic Rabbit,data/new_raw/images/3f8446ae-461d-4798-a3f4-f9ebe5509240.jpg
b630f554-68ed-4cff-ba1a-5453a60b3b18,https://static.inaturalist.org/photos/28362265/medium.jpeg,334341,Domestic Rabbit,data/new_raw/images/b630f554-68ed-4cff-ba1a-5453a60b3b18.jpg
61f27706-6302-4321-8437-298596775c46,https://static.inaturalist.org/photos/28362275/medium.jpeg,334341,Domestic Rabbit,data/new_raw/images/61f27706-6302-4321-8437-298596775c46.jpg
546babb9-21ac-4a18-8f6a-2dd3dd6bf988,https://static.inaturalist.org/photos/28362289/medium.jpeg,334341,Domestic Rabbit,data/new_raw/images/546babb9-21ac-4a18-8f6a-2dd3dd6bf988.jpg
58ffba09-164d-46e4-bc0a-7ffdd3b344bf,https://static.inaturalist.org/photos/28362300/medium.jpeg,43111,Eastern Cottontail,data/new_raw/images/58ffba09-164d-46e4-bc0a-7ffdd3b344bf.jpg
87fde881-f6fb-4525-a5ef-4b80757d94c9,https://static.inaturalist.org/photos/28362448/medium.jpeg,13858,House Sparrow,data/new_raw/images/87fde881-f6fb-4525-a5ef-4b80757d94c9.jpg
13af03ff-4489-4cfe-ae1b-21ad691165ec,https://static.inaturalist.org/photos/28362451/medium.jpeg,12727,American Robin,data/new_raw/images/13af03ff-4489-4cfe-ae1b-21ad691165ec.jpg
d9f7f68d-cf78-4155-8b03-6bed74adb9cf,https://static.inaturalist.org/photos/28362493/medium.jpeg,43111,Eastern Cottontail,data/new_raw/images/d9f7f68d-cf78-4155-8b03-6bed74adb9cf.jpg
e5b18266-a0b0-4790-a5eb-14b69a73b2d5,https://static.inaturalist.org/photos/28362520/medium.jpeg,43111,Eastern Cottontail,data/new_raw/images/e5b18266-a0b0-4790-a5eb-14b69a73b2d5.jpg
8f7ece76-3b5e-415d-b9b9-5421e4230c70,https://static.inaturalist.org/photos/28362528/medium.jpeg,334341,Domestic Rabbit,data/new_raw/images/8f7ece76-3b5e-415d-b9b9-5421e4230c70.jpg
9bd0fb17-51ea-4672-b151-4b5dcf09aaa2,https://static.inaturalist.org/photos/28362539/medium.jpeg,334341,Domestic Rabbit,data/new_raw/images/9bd0fb17-51ea-4672-b151-4b5dcf09aaa2.jpg
49c5dd83-65a2-4dc3-ba73-7093930684d9,https://static.inaturalist.org/photos/28363888/medium.jpeg,43111,Eastern Cottontail,data/new_raw/images/49c5dd83-65a2-4dc3-ba73-7093930684d9.jpg
8128b6c4-aa1e-428e-b578-a33b669c0dd3,https://static.inaturalist.org/photos/28364176/medium.jpeg,43111,Eastern Cottontail,data/new_raw/images/8128b6c4-aa1e-428e-b578-a33b669c0dd3.jpg
a0e869a2-ad8c-4c58-8c75-5f199f033c31,https://static.inaturalist.org/photos/28364180/medium.jpeg,43111,Eastern Cottontail,data/new_raw/images/a0e869a2-ad8c-4c58-8c75-5f199f033c31.jpg
3e01afb5-7047-44c4-a565-08915cc09ad5,https://static.inaturalist.org/photos/28364214/medium.jpeg,13858,House Sparrow,data/new_raw/images/3e01afb5-7047-44c4-a565-08915cc09ad5.jpg
4fc88498-fefc-4fce-9cb8-9c01ea8ebcb5,https://static.inaturalist.org/photos/28364250/medium.jpeg,118552,Domestic Cat,data/new_raw/images/4fc88498-fefc-4fce-9cb8-9c01ea8ebcb5.jpg
f0dbbfce-fb2a-4092-a9e1-3985c5bb1c3f,https://static.inaturalist.org/photos/28364254/medium.jpeg,118552,Domestic Cat,data/new_raw/images/f0dbbfce-fb2a-4092-a9e1-3985c5bb1c3f.jpg
c6f36ecc-b2ef-4209-8323-7711e8df3395,https://static.inaturalist.org/photos/28364280/medium.jpeg,43111,Eastern Cottontail,data/new_raw/images/c6f36ecc-b2ef-4209-8323-7711e8df3395.jpg
84f6cb1f-cccc-4378-9083-1778d8cde848,https://static.inaturalist.org/photos/28365063/medium.jpeg,13858,House Sparrow,data/new_raw/images/84f6cb1f-cccc-4378-9083-1778d8cde848.jpg
d48672d2-c260-4aa8-8c73-cebd95b054eb,https://static.inaturalist.org/photos/28365074/medium.jpeg,43111,Eastern Cottontail,data/new_raw/images/d48672d2-c260-4aa8-8c73-cebd95b054eb.jpg
bb873fe3-bcee-4061-a21c-f7af9c49e4fb,https://static.inaturalist.org/photos/28365084/medium.jpeg,43095,Hares and Rabbits,data/new_raw/images/bb873fe3-bcee-4061-a21c-f7af9c49e4fb.jpg
c58434c1-3821-4bc8-974e-0dee4346c80b,https://inaturalist-open-data.s3.amazonaws.com/photos/28367439/medium.jpg,7109,Hooded Merganser,data/new_raw/images/c58434c1-3821-4bc8-974e-0dee4346c80b.jpg
1214ca5c-f748-4106-88ab-2e61bc56fb54,https://inaturalist-open-data.s3.amazonaws.com/photos/28370118/medium.jpg,8021,American Crow,data/new_raw/images/1214ca5c-f748-4106-88ab-2e61bc56fb54.jpg
dc71398e-8e17-45b8-91fb-6cc76e8fb46b,https://inaturalist-open-data.s3.amazonaws.com/photos/28370169/medium.jpg,144222,White-winged Scoter,data/new_raw/images/dc71398e-8e17-45b8-91fb-6cc76e8fb46b.jpg
22fb731c-41cf-47fe-82b2-5bbdcf226b10,https://inaturalist-open-data.s3.amazonaws.com/photos/28370312/medium.jpg,7004,Common Merganser,data/new_raw/images/22fb731c-41cf-47fe-82b2-5bbdcf226b10.jpg
ed4c0c89-9c42-459a-be2e-4482237445cd,https://inaturalist-open-data.s3.amazonaws.com/photos/28370350/medium.jpg,6996,Red-breasted Merganser,data/new_raw/images/ed4c0c89-9c42-459a-be2e-4482237445cd.jpg
df3a51b8-6c40-4bec-882b-eea8039fed64,https://inaturalist-open-data.s3.amazonaws.com/photos/28370399/medium.jpg,7036,Surf Scoter,data/new_raw/images/df3a51b8-6c40-4bec-882b-eea8039fed64.jpg
38039456-2bed-4369-95dc-4b712bb5063e,https://inaturalist-open-data.s3.amazonaws.com/photos/28370450/medium.jpg,6930,Mallard,data/new_raw/images/38039456-2bed-4369-95dc-4b712bb5063e.jpg
b86fd80a-97fa-47fa-8c65-68701804f2ec,https://inaturalist-open-data.s3.amazonaws.com/photos/28370470/medium.jpg,7056,Redhead,data/new_raw/images/b86fd80a-97fa-47fa-8c65-68701804f2ec.jpg
6e0f057d-4ae0-4219-93bc-d0fc312be138,https://inaturalist-open-data.s3.amazonaws.com/photos/28370493/medium.jpg,5212,Red-tailed Hawk,data/new_raw/images/6e0f057d-4ae0-4219-93bc-d0fc312be138.jpg
2e539bcd-49ca-4a2e-9c07-e2c8fc77dbe9,https://inaturalist-open-data.s3.amazonaws.com/photos/28370555/medium.jpg,7109,Hooded Merganser,data/new_raw/images/2e539bcd-49ca-4a2e-9c07-e2c8fc77dbe9.jpg
948f1fd6-74bd-44db-8d15-6ec4bfeb4ba4,https://inaturalist-open-data.s3.amazonaws.com/photos/28378161/medium.jpg,4665,American Kestrel,data/new_raw/images/948f1fd6-74bd-44db-8d15-6ec4bfeb4ba4.jpg
5b04dab0-fb80-4eef-b0a5-6ec10d8d8cf8,https://inaturalist-open-data.s3.amazonaws.com/photos/28378163/medium.jpg,4665,American Kestrel,data/new_raw/images/5b04dab0-fb80-4eef-b0a5-6ec10d8d8cf8.jpg
172dd44e-a38b-4741-92ea-3e9b1873f44a,https://inaturalist-open-data.s3.amazonaws.com/photos/28378426/medium.jpeg,6996,Red-breasted Merganser,data/new_raw/images/172dd44e-a38b-4741-92ea-3e9b1873f44a.jpg
33430d58-382a-4f9b-86b0-49be93efcd0f,https://inaturalist-open-data.s3.amazonaws.com/photos/28378494/medium.jpeg,9152,Field Sparrow,data/new_raw/images/33430d58-382a-4f9b-86b0-49be93efcd0f.jpg
8d877c05-9d90-44da-acee-b5b785034510,https://inaturalist-open-data.s3.amazonaws.com/photos/28378694/medium.jpg,8021,American Crow,data/new_raw/images/8d877c05-9d90-44da-acee-b5b785034510.jpg
9dae3520-d282-46e5-b032-2cfce4e57248,https://inaturalist-open-data.s3.amazonaws.com/photos/28381856/medium.jpg,2548,Belted Kingfisher,data/new_raw/images/9dae3520-d282-46e5-b032-2cfce4e57248.jpg
4f915b3b-cecc-4da6-9e58-242e088411da,https://static.inaturalist.org/photos/28394391/medium.jpg,792988,Downy Woodpecker,data/new_raw/images/4f915b3b-cecc-4da6-9e58-242e088411da.jpg
7cbe1ed9-19ad-4399-9c86-adc35c8740a5,https://static.inaturalist.org/photos/28394984/medium.jpg,9083,Northern Cardinal,data/new_raw/images/7cbe1ed9-19ad-4399-9c86-adc35c8740a5.jpg
2763ca1b-e6c6-4629-ad68-4ffafe2c106e,https://static.inaturalist.org/photos/28395229/medium.jpg,10094,Dark-eyed Junco,data/new_raw/images/2763ca1b-e6c6-4629-ad68-4ffafe2c106e.jpg
01e5e85a-3d8f-4bfa-b1ef-c27ab730b2b8,https://inaturalist-open-data.s3.amazonaws.com/photos/28429117/medium.jpg,792988,Downy Woodpecker,data/new_raw/images/01e5e85a-3d8f-4bfa-b1ef-c27ab730b2b8.jpg
26df1ef3-8fa9-426e-825e-8dd29d720c18,https://inaturalist-open-data.s3.amazonaws.com/photos/28429202/medium.jpg,10094,Dark-eyed Junco,data/new_raw/images/26df1ef3-8fa9-426e-825e-8dd29d720c18.jpg
5e61537d-5479-40bc-9fb1-4f88d79b47aa,https://static.inaturalist.org/photos/28600672/medium.jpeg,43794,American Beaver,data/new_raw/images/5e61537d-5479-40bc-9fb1-4f88d79b47aa.jpg
235391cb-a046-4b2a-9023-1a3230dd941e,https://static.inaturalist.org/photos/28472870/medium.jpg,4364,Ring-billed Gull,data/new_raw/images/235391cb-a046-4b2a-9023-1a3230dd941e.jpg
783146d5-0f7d-47b6-b17b-d1d64920ec90,https://static.inaturalist.org/photos/28472882/medium.jpg,7089,Canada Goose,data/new_raw/images/783146d5-0f7d-47b6-b17b-d1d64920ec90.jpg
05f1dd5f-94c0-4fc7-bd3c-53f7c7e462f3,https://static.inaturalist.org/photos/28472953/medium.jpg,13858,House Sparrow,data/new_raw/images/05f1dd5f-94c0-4fc7-bd3c-53f7c7e462f3.jpg
2debf4ea-3b5a-4954-b6ed-d3285f41e0b9,https://static.inaturalist.org/photos/28473116/medium.jpg,1578489,American Herring Gull,data/new_raw/images/2debf4ea-3b5a-4954-b6ed-d3285f41e0b9.jpg
9e6f2da2-f204-4525-a405-2ea66842522d,https://static.inaturalist.org/photos/28473126/medium.jpg,6996,Red-breasted Merganser,data/new_raw/images/9e6f2da2-f204-4525-a405-2ea66842522d.jpg
65ddd8c3-c976-45aa-ab79-8647635fa59a,https://static.inaturalist.org/photos/28473168/medium.jpg,6993,Bufflehead,data/new_raw/images/65ddd8c3-c976-45aa-ab79-8647635fa59a.jpg
6010681e-23d0-4137-b361-16a3f8d4dcc8,https://static.inaturalist.org/photos/28473462/medium.jpg,473,American Coot,data/new_raw/images/6010681e-23d0-4137-b361-16a3f8d4dcc8.jpg
da4546c1-65d0-4066-ba26-b3b337f7c606,https://static.inaturalist.org/photos/28473681/medium.jpg,6930,Mallard,data/new_raw/images/da4546c1-65d0-4066-ba26-b3b337f7c606.jpg
2024fb17-bccc-438e-8561-93833eb05130,https://inaturalist-open-data.s3.amazonaws.com/photos/28481804/medium.jpg,7109,Hooded Merganser,data/new_raw/images/2024fb17-bccc-438e-8561-93833eb05130.jpg
5ef85661-9a3e-4030-9792-5e16cb04f2ba,https://static.inaturalist.org/photos/28485402/medium.jpg,12727,American Robin,data/new_raw/images/5ef85661-9a3e-4030-9792-5e16cb04f2ba.jpg
2eb989b1-0db1-463d-8fec-ebfaab085d61,https://inaturalist-open-data.s3.amazonaws.com/photos/28527423/medium.jpeg,1579017,Cooper's Hawk,data/new_raw/images/2eb989b1-0db1-463d-8fec-ebfaab085d61.jpg
08fd038e-2117-4b9a-967d-2c19a1e9abc8,https://inaturalist-open-data.s3.amazonaws.com/photos/28527797/medium.jpg,144815,Black-capped Chickadee,data/new_raw/images/08fd038e-2117-4b9a-967d-2c19a1e9abc8.jpg
bb4a2d86-9384-4834-9b3f-66b30f0d86ae,https://inaturalist-open-data.s3.amazonaws.com/photos/28527915/medium.jpg,1289388,Ruby-crowned Kinglet,data/new_raw/images/bb4a2d86-9384-4834-9b3f-66b30f0d86ae.jpg
a0cba5b5-5d2f-4326-9d36-c605846abb53,https://inaturalist-open-data.s3.amazonaws.com/photos/28535667/medium.jpeg,14886,Northern Mockingbird,data/new_raw/images/a0cba5b5-5d2f-4326-9d36-c605846abb53.jpg
54d3fea4-5f20-45e0-bbf9-5fe2370637fa,https://static.inaturalist.org/photos/28560195/medium.jpg,1579017,Cooper's Hawk,data/new_raw/images/54d3fea4-5f20-45e0-bbf9-5fe2370637fa.jpg
72e32585-77e7-4bc1-a755-54bb5cfab07f,https://static.inaturalist.org/photos/28560276/medium.jpg,1579017,Cooper's Hawk,data/new_raw/images/72e32585-77e7-4bc1-a755-54bb5cfab07f.jpg
03a7c3f0-4b71-4f7d-b232-0699b94f03d5,https://inaturalist-open-data.s3.amazonaws.com/photos/28571222/medium.jpg,13858,House Sparrow,data/new_raw/images/03a7c3f0-4b71-4f7d-b232-0699b94f03d5.jpg
80e1b25e-53b9-43cd-a2f5-b8283bb828ad,https://inaturalist-open-data.s3.amazonaws.com/photos/28571331/medium.jpg,10094,Dark-eyed Junco,data/new_raw/images/80e1b25e-53b9-43cd-a2f5-b8283bb828ad.jpg
511bc5d2-8c59-47d4-92b8-4781c05d078d,https://inaturalist-open-data.s3.amazonaws.com/photos/28571837/medium.jpg,9100,Song Sparrow,data/new_raw/images/511bc5d2-8c59-47d4-92b8-4781c05d078d.jpg
b526ba28-de4c-4a5e-b8db-4ef72e059c87,https://inaturalist-open-data.s3.amazonaws.com/photos/28571843/medium.jpg,9184,White-throated Sparrow,data/new_raw/images/b526ba28-de4c-4a5e-b8db-4ef72e059c87.jpg
12221935-a05f-4f9a-a648-3dd073ae987d,https://inaturalist-open-data.s3.amazonaws.com/photos/28572355/medium.jpg,12727,American Robin,data/new_raw/images/12221935-a05f-4f9a-a648-3dd073ae987d.jpg
fd99ead0-c6d8-4d40-8992-b44bb6fb6c13,https://inaturalist-open-data.s3.amazonaws.com/photos/28575566/medium.jpeg,1454382,Double-crested Cormorant,data/new_raw/images/fd99ead0-c6d8-4d40-8992-b44bb6fb6c13.jpg
8707d1c9-ce01-4821-be7f-9f09cbea9b6e,https://inaturalist-open-data.s3.amazonaws.com/photos/28575664/medium.jpeg,2548,Belted Kingfisher,data/new_raw/images/8707d1c9-ce01-4821-be7f-9f09cbea9b6e.jpg
ceb18694-c934-43e4-b2e4-b5a70b5d3eb5,https://inaturalist-open-data.s3.amazonaws.com/photos/28575699/medium.jpeg,9083,Northern Cardinal,data/new_raw/images/ceb18694-c934-43e4-b2e4-b5a70b5d3eb5.jpg
9affd06b-e477-4a5f-85d5-c87de55e47ae,https://inaturalist-open-data.s3.amazonaws.com/photos/28575933/medium.jpeg,2969,Eurasian Collared-Dove,data/new_raw/images/9affd06b-e477-4a5f-85d5-c87de55e47ae.jpg
411cc8fe-c464-4fc4-a2ab-092f217a5b95,https://inaturalist-open-data.s3.amazonaws.com/photos/28575937/medium.jpg,199840,House Finch,data/new_raw/images/411cc8fe-c464-4fc4-a2ab-092f217a5b95.jpg
8e29ac10-d5b1-4ad1-b095-cbac7cbc7dda,https://inaturalist-open-data.s3.amazonaws.com/photos/28576071/medium.jpeg,2548,Belted Kingfisher,data/new_raw/images/8e29ac10-d5b1-4ad1-b095-cbac7cbc7dda.jpg
18357d2d-5ebd-46f5-86e8-f57d02ba6cdf,https://inaturalist-open-data.s3.amazonaws.com/photos/28577191/medium.jpeg,14886,Northern Mockingbird,data/new_raw/images/18357d2d-5ebd-46f5-86e8-f57d02ba6cdf.jpg
9d858afb-2f72-4b94-a516-f64f01dd301b,https://inaturalist-open-data.s3.amazonaws.com/photos/28577306/medium.jpeg,144594,Snowy Owl,data/new_raw/images/9d858afb-2f72-4b94-a516-f64f01dd301b.jpg
c7436107-3ee5-4c96-9b97-42c73cb2f0ab,https://inaturalist-open-data.s3.amazonaws.com/photos/28578812/medium.jpeg,9346,Baltimore Oriole,data/new_raw/images/c7436107-3ee5-4c96-9b97-42c73cb2f0ab.jpg
9aa054fe-d0c6-43a3-a8fb-1a7b5120c1d8,https://inaturalist-open-data.s3.amazonaws.com/photos/28578840/medium.jpeg,11970,Northern Rough-winged Swallow,data/new_raw/images/9aa054fe-d0c6-43a3-a8fb-1a7b5120c1d8.jpg
fee8f31a-2982-4c96-ae44-979388f4ed64,https://inaturalist-open-data.s3.amazonaws.com/photos/28578885/medium.jpeg,4756,Turkey Vulture,data/new_raw/images/fee8f31a-2982-4c96-ae44-979388f4ed64.jpg
6e6097f1-8eb8-4533-a163-6e89b02541e5,https://inaturalist-open-data.s3.amazonaws.com/photos/28586628/medium.jpeg,19349,Monk Parakeet,data/new_raw/images/6e6097f1-8eb8-4533-a163-6e89b02541e5.jpg
dd3b7401-8e92-4aa7-9d3b-45bbae771ae8,https://inaturalist-open-data.s3.amazonaws.com/photos/28586720/medium.jpeg,144455,Great Egret,data/new_raw/images/dd3b7401-8e92-4aa7-9d3b-45bbae771ae8.jpg
b7c9b093-31a9-4068-ba8f-ce4d4fcf82bf,https://inaturalist-open-data.s3.amazonaws.com/photos/28586732/medium.jpeg,3875,Solitary Sandpiper,data/new_raw/images/b7c9b093-31a9-4068-ba8f-ce4d4fcf82bf.jpg
4bc1f8e3-03ff-4067-99b8-2ab348994f8a,https://inaturalist-open-data.s3.amazonaws.com/photos/28586803/medium.jpeg,6921,Mute Swan,data/new_raw/images/4bc1f8e3-03ff-4067-99b8-2ab348994f8a.jpg
92449098-18f8-46d5-a498-0b30b948125c,https://inaturalist-open-data.s3.amazonaws.com/photos/28590112/medium.jpeg,4817,Semipalmated Plover,data/new_raw/images/92449098-18f8-46d5-a498-0b30b948125c.jpg
dbd7f14a-3811-42f2-b5cc-ef46e2d53ffd,https://inaturalist-open-data.s3.amazonaws.com/photos/28590246/medium.jpeg,3845,Red Knot,data/new_raw/images/dbd7f14a-3811-42f2-b5cc-ef46e2d53ffd.jpg
2a308c0f-c8a0-40b4-b0a4-9df2e6eed34a,https://static.inaturalist.org/photos/28607265/medium.jpg,122767,Feral Pigeon,data/new_raw/images/2a308c0f-c8a0-40b4-b0a4-9df2e6eed34a.jpg
3ba84f38-2a79-4fc0-981c-51cd26b89bca,https://inaturalist-open-data.s3.amazonaws.com/photos/28608300/medium.jpeg,10227,Indigo Bunting,data/new_raw/images/3ba84f38-2a79-4fc0-981c-51cd26b89bca.jpg
da857d0e-d8b7-4a47-8d16-0f2d1ee5e849,https://inaturalist-open-data.s3.amazonaws.com/photos/28608398/medium.jpeg,41663,Common Raccoon,data/new_raw/images/da857d0e-d8b7-4a47-8d16-0f2d1ee5e849.jpg
bde2d13a-b288-47fe-bf27-36761c4128f2,https://inaturalist-open-data.s3.amazonaws.com/photos/28608416/medium.jpeg,792990,Hairy Woodpecker,data/new_raw/images/bde2d13a-b288-47fe-bf27-36761c4128f2.jpg
c47ebffb-b213-46f8-9b35-3c99aaf4af27,https://inaturalist-open-data.s3.amazonaws.com/photos/28610592/medium.jpeg,145276,Wilson's Warbler,data/new_raw/images/c47ebffb-b213-46f8-9b35-3c99aaf4af27.jpg
dc49afe7-6c16-437e-910f-3fd319367b2e,https://inaturalist-open-data.s3.amazonaws.com/photos/28610789/medium.jpeg,145233,Northern Parula,data/new_raw/images/dc49afe7-6c16-437e-910f-3fd319367b2e.jpg
3eddce26-2dd5-4053-a7fd-24b11fdcb317,https://inaturalist-open-data.s3.amazonaws.com/photos/28610862/medium.jpeg,9346,Baltimore Oriole,data/new_raw/images/3eddce26-2dd5-4053-a7fd-24b11fdcb317.jpg
d89961f3-3b3e-4260-925f-2796aa27b40f,https://inaturalist-open-data.s3.amazonaws.com/photos/28610883/medium.jpeg,3857,Dunlin,data/new_raw/images/d89961f3-3b3e-4260-925f-2796aa27b40f.jpg
9a537e76-ce67-418c-8e47-c646c0747f6d,https://inaturalist-open-data.s3.amazonaws.com/photos/28611516/medium.jpeg,3938,Ruddy Turnstone,data/new_raw/images/9a537e76-ce67-418c-8e47-c646c0747f6d.jpg
9480f955-6868-4fa2-b204-6d39262a519c,https://inaturalist-open-data.s3.amazonaws.com/photos/28611538/medium.jpeg,72458,Spotted Sandpiper,data/new_raw/images/9480f955-6868-4fa2-b204-6d39262a519c.jpg
95de1272-6a35-4129-877d-1a233cd826e0,https://inaturalist-open-data.s3.amazonaws.com/photos/28611566/medium.jpeg,145224,Mourning Warbler,data/new_raw/images/95de1272-6a35-4129-877d-1a233cd826e0.jpg
3c878c7e-7b72-4c57-987a-b8145dab6d17,https://inaturalist-open-data.s3.amazonaws.com/photos/28611879/medium.jpeg,14995,Gray Catbird,data/new_raw/images/3c878c7e-7b72-4c57-987a-b8145dab6d17.jpg
847afedc-25c5-4a9b-bdd4-c928d7ff4f9f,https://inaturalist-open-data.s3.amazonaws.com/photos/28613210/medium.jpeg,16028,Great Crested Flycatcher,data/new_raw/images/847afedc-25c5-4a9b-bdd4-c928d7ff4f9f.jpg
1d4a7f2a-8e67-4800-b860-62bbb0d0d190,https://inaturalist-open-data.s3.amazonaws.com/photos/28613214/medium.jpeg,9176,White-crowned Sparrow,data/new_raw/images/1d4a7f2a-8e67-4800-b860-62bbb0d0d190.jpg
c39dfe6b-d5b0-4699-a2bb-b53c2d572b68,https://inaturalist-open-data.s3.amazonaws.com/photos/28613216/medium.jpeg,1579017,Cooper's Hawk,data/new_raw/images/c39dfe6b-d5b0-4699-a2bb-b53c2d572b68.jpg
7f6db3db-b6d9-402d-867c-497874e86e56,https://inaturalist-open-data.s3.amazonaws.com/photos/28613275/medium.jpeg,145239,Chestnut-sided Warbler,data/new_raw/images/7f6db3db-b6d9-402d-867c-497874e86e56.jpg
169573c3-cac0-4d3e-897c-2471c25429a5,https://inaturalist-open-data.s3.amazonaws.com/photos/28613310/medium.jpeg,792988,Downy Woodpecker,data/new_raw/images/169573c3-cac0-4d3e-897c-2471c25429a5.jpg
8a86cc0a-698d-47bb-9cbf-a048ce2bd8fd,https://inaturalist-open-data.s3.amazonaws.com/photos/28613565/medium.jpeg,45763,Muskrat,data/new_raw/images/8a86cc0a-698d-47bb-9cbf-a048ce2bd8fd.jpg
e36eb2e4-82b3-4302-bab6-55a3c0318154,https://inaturalist-open-data.s3.amazonaws.com/photos/28613581/medium.jpeg,5020,Green Heron,data/new_raw/images/e36eb2e4-82b3-4302-bab6-55a3c0318154.jpg
cf70377c-1629-4bc8-82c6-d9be0bb85fca,https://inaturalist-open-data.s3.amazonaws.com/photos/28613597/medium.jpeg,144455,Great Egret,data/new_raw/images/cf70377c-1629-4bc8-82c6-d9be0bb85fca.jpg
72ee302f-f98c-4a49-a016-e12f9cec26a8,https://inaturalist-open-data.s3.amazonaws.com/photos/28613613/medium.jpeg,3893,Lesser Yellowlegs,data/new_raw/images/72ee302f-f98c-4a49-a016-e12f9cec26a8.jpg
4de3c966-95c7-4c05-ba99-0895688028ba,https://inaturalist-open-data.s3.amazonaws.com/photos/28615441/medium.jpeg,41663,Common Raccoon,data/new_raw/images/4de3c966-95c7-4c05-ba99-0895688028ba.jpg
ed7097ff-350a-486f-a6a7-adab8b537072,https://inaturalist-open-data.s3.amazonaws.com/photos/28615455/medium.jpeg,1579017,Cooper's Hawk,data/new_raw/images/ed7097ff-350a-486f-a6a7-adab8b537072.jpg
345b4c78-cee9-44dd-81ef-1151956d7a77,https://inaturalist-open-data.s3.amazonaws.com/photos/28632839/medium.jpeg,7089,Canada Goose,data/new_raw/images/345b4c78-cee9-44dd-81ef-1151956d7a77.jpg
d075d559-ae42-42a8-9192-2bda495824c7,https://inaturalist-open-data.s3.amazonaws.com/photos/28632977/medium.jpeg,4368,Great Black-backed Gull,data/new_raw/images/d075d559-ae42-42a8-9192-2bda495824c7.jpg
a7cfdfaf-ac45-4ea0-973a-79770f152a6a,https://inaturalist-open-data.s3.amazonaws.com/photos/28633082/medium.jpeg,5305,Bald Eagle,data/new_raw/images/a7cfdfaf-ac45-4ea0-973a-79770f152a6a.jpg
157d4868-b72a-4446-b231-46792264ee68,https://inaturalist-open-data.s3.amazonaws.com/photos/28633176/medium.jpeg,4665,American Kestrel,data/new_raw/images/157d4868-b72a-4446-b231-46792264ee68.jpg
6dfa171f-9afe-43c1-8b89-f9e8df24a646,https://inaturalist-open-data.s3.amazonaws.com/photos/28633405/medium.jpeg,7089,Canada Goose,data/new_raw/images/6dfa171f-9afe-43c1-8b89-f9e8df24a646.jpg
52380957-8dfa-46ea-b784-20ce219686ec,https://inaturalist-open-data.s3.amazonaws.com/photos/28633634/medium.jpeg,12727,American Robin,data/new_raw/images/52380957-8dfa-46ea-b784-20ce219686ec.jpg
0b9a5bc4-584e-4ae4-addb-5d3e022ac301,https://inaturalist-open-data.s3.amazonaws.com/photos/28633636/medium.jpeg,6930,Mallard,data/new_raw/images/0b9a5bc4-584e-4ae4-addb-5d3e022ac301.jpg
4bf62293-365f-4f48-8593-f239fbc61a7c,https://inaturalist-open-data.s3.amazonaws.com/photos/28635012/medium.jpeg,9100,Song Sparrow,data/new_raw/images/4bf62293-365f-4f48-8593-f239fbc61a7c.jpg
c0d28877-e07d-49d0-a468-2ea9061c3f25,https://inaturalist-open-data.s3.amazonaws.com/photos/28635653/medium.jpeg,508048,Sandhill Crane,data/new_raw/images/c0d28877-e07d-49d0-a468-2ea9061c3f25.jpg
c3f1c264-6371-4962-a40d-1b2c0e2d36ba,https://inaturalist-open-data.s3.amazonaws.com/photos/28656897/medium.jpeg,122767,Feral Pigeon,data/new_raw/images/c3f1c264-6371-4962-a40d-1b2c0e2d36ba.jpg
9ad65d5a-feb0-43e9-a5a1-1840433d7a2d,https://inaturalist-open-data.s3.amazonaws.com/photos/28656898/medium.jpeg,13858,House Sparrow,data/new_raw/images/9ad65d5a-feb0-43e9-a5a1-1840433d7a2d.jpg
1d3a9a4a-1bd1-46c4-89ff-8bf82da2d6d6,https://inaturalist-open-data.s3.amazonaws.com/photos/28656913/medium.jpeg,122767,Feral Pigeon,data/new_raw/images/1d3a9a4a-1bd1-46c4-89ff-8bf82da2d6d6.jpg
93dde3e3-6c63-4b25-9743-fdd58fe39e47,https://inaturalist-open-data.s3.amazonaws.com/photos/28657705/medium.jpeg,40629,Silver-haired Bat,data/new_raw/images/93dde3e3-6c63-4b25-9743-fdd58fe39e47.jpg
1dc59650-3526-4788-b380-084bfd793e07,https://static.inaturalist.org/photos/28695326/medium.jpg,43584,Human,data/new_raw/images/1dc59650-3526-4788-b380-084bfd793e07.jpg
3537d578-1f2b-44e9-8a05-f5169b412d15,https://static.inaturalist.org/photos/28695356/medium.jpg,3,Birds,data/new_raw/images/3537d578-1f2b-44e9-8a05-f5169b412d15.jpg
486c77b6-ca33-45b7-b8e7-c016a146a586,https://inaturalist-open-data.s3.amazonaws.com/photos/28699015/medium.jpg,42069,Red Fox,data/new_raw/images/486c77b6-ca33-45b7-b8e7-c016a146a586.jpg
756a5a04-9ea4-4744-b2bf-6fd1d6dd2bb3,https://static.inaturalist.org/photos/28713788/medium.jpg,41880,Striped Skunk,data/new_raw/images/756a5a04-9ea4-4744-b2bf-6fd1d6dd2bb3.jpg
cab348f5-da8d-4466-a0f5-60d5824c1f50,https://static.inaturalist.org/photos/28762026/medium.jpeg,46020,Eastern Fox Squirrel,data/new_raw/images/cab348f5-da8d-4466-a0f5-60d5824c1f50.jpg
5ee32677-3a1e-4cdf-ad19-bb61577decee,https://inaturalist-open-data.s3.amazonaws.com/photos/28767043/medium.jpg,144815,Black-capped Chickadee,data/new_raw/images/5ee32677-3a1e-4cdf-ad19-bb61577decee.jpg
40c0588b-3cd3-446f-a581-1a6da8773ba1,https://inaturalist-open-data.s3.amazonaws.com/photos/28767073/medium.jpg,9083,Northern Cardinal,data/new_raw/images/40c0588b-3cd3-446f-a581-1a6da8773ba1.jpg
7d4cdbb9-bfcb-4ebc-be96-7ad2bcd5fa14,https://inaturalist-open-data.s3.amazonaws.com/photos/28785612/medium.jpg,4665,American Kestrel,data/new_raw/images/7d4cdbb9-bfcb-4ebc-be96-7ad2bcd5fa14.jpg
3924dcc0-6ebd-4bb3-88ba-1033d9eaa87a,https://inaturalist-open-data.s3.amazonaws.com/photos/28785652/medium.jpg,5212,Red-tailed Hawk,data/new_raw/images/3924dcc0-6ebd-4bb3-88ba-1033d9eaa87a.jpg
977e6087-9f35-43ea-ab75-81ebec2200d0,https://static.inaturalist.org/photos/28794603/medium.jpg,43111,Eastern Cottontail,data/new_raw/images/977e6087-9f35-43ea-ab75-81ebec2200d0.jpg
1b5c01f5-09bb-4b7b-aa70-7ec5a9ff3d99,https://inaturalist-open-data.s3.amazonaws.com/photos/28809243/medium.jpg,145230,Kirtland's Warbler,data/new_raw/images/1b5c01f5-09bb-4b7b-aa70-7ec5a9ff3d99.jpg
797df89a-df10-437f-bd3e-c3d5c5ac770c,https://inaturalist-open-data.s3.amazonaws.com/photos/28875249/medium.jpg,145300,Redpoll,data/new_raw/images/797df89a-df10-437f-bd3e-c3d5c5ac770c.jpg
a9fbbfe9-a9ec-4470-9c54-04f65d7f2495,https://inaturalist-open-data.s3.amazonaws.com/photos/28875335/medium.jpg,9083,Northern Cardinal,data/new_raw/images/a9fbbfe9-a9ec-4470-9c54-04f65d7f2495.jpg
7ac93ea7-8ce7-454d-a6f6-31728e884aa9,https://inaturalist-open-data.s3.amazonaws.com/photos/28877019/medium.jpg,7109,Hooded Merganser,data/new_raw/images/7ac93ea7-8ce7-454d-a6f6-31728e884aa9.jpg
1451488b-1ba3-4b66-a13b-a481b5091930,https://inaturalist-open-data.s3.amazonaws.com/photos/28877070/medium.jpg,7004,Common Merganser,data/new_raw/images/1451488b-1ba3-4b66-a13b-a481b5091930.jpg
202a0a13-fd8b-409e-b074-f7c61e65829e,https://inaturalist-open-data.s3.amazonaws.com/photos/28878004/medium.jpg,6993,Bufflehead,data/new_raw/images/202a0a13-fd8b-409e-b074-f7c61e65829e.jpg
9b1e2c31-0a39-4bfc-be07-7ab5bc103a4a,https://static.inaturalist.org/photos/28881850/medium.jpeg,5212,Red-tailed Hawk,data/new_raw/images/9b1e2c31-0a39-4bfc-be07-7ab5bc103a4a.jpg
59b62b7a-c157-497c-94f9-2135408b73c9,https://inaturalist-open-data.s3.amazonaws.com/photos/28883333/medium.jpg,6990,Common Goldeneye,data/new_raw/images/59b62b7a-c157-497c-94f9-2135408b73c9.jpg
dc2c12ff-9c41-42b7-800f-f75235cc90fb,https://inaturalist-open-data.s3.amazonaws.com/photos/28883944/medium.jpg,6937,Green-winged Teal,data/new_raw/images/dc2c12ff-9c41-42b7-800f-f75235cc90fb.jpg
cd4b949a-bffa-45ee-8e64-9a3da44b3f27,https://inaturalist-open-data.s3.amazonaws.com/photos/28884021/medium.jpg,6994,Barrow's Goldeneye,data/new_raw/images/cd4b949a-bffa-45ee-8e64-9a3da44b3f27.jpg
258e171f-9476-4feb-b876-38df34c46b65,https://inaturalist-open-data.s3.amazonaws.com/photos/28884183/medium.jpg,7107,Wood Duck,data/new_raw/images/258e171f-9476-4feb-b876-38df34c46b65.jpg
a6df26a4-c7b5-4515-8564-f7ac582f98c3,https://static.inaturalist.org/photos/28900802/medium.jpg,46017,Eastern Gray Squirrel,data/new_raw/images/a6df26a4-c7b5-4515-8564-f7ac582f98c3.jpg
35e97c43-caa0-4134-855c-f87f0eda1fea,https://static.inaturalist.org/photos/28901279/medium.jpg,6993,Bufflehead,data/new_raw/images/35e97c43-caa0-4134-855c-f87f0eda1fea.jpg
a24f1f7e-fbaa-452e-b4e3-dca208d12b82,https://static.inaturalist.org/photos/28901284/medium.jpg,6993,Bufflehead,data/new_raw/images/a24f1f7e-fbaa-452e-b4e3-dca208d12b82.jpg
79d0aff1-ee86-4bf3-805a-841d4d48ead3,https://static.inaturalist.org/photos/28901285/medium.jpg,6993,Bufflehead,data/new_raw/images/79d0aff1-ee86-4bf3-805a-841d4d48ead3.jpg
a0b59040-48e3-49ca-b446-d966bde2dcab,https://static.inaturalist.org/photos/28901292/medium.jpg,6993,Bufflehead,data/new_raw/images/a0b59040-48e3-49ca-b446-d966bde2dcab.jpg
a3b2fc5b-5e90-43ff-b544-158dda8f2167,https://static.inaturalist.org/photos/28902465/medium.jpg,46017,Eastern Gray Squirrel,data/new_raw/images/a3b2fc5b-5e90-43ff-b544-158dda8f2167.jpg
a34071e8-e0cf-4370-bd9d-b95361a31be9,https://static.inaturalist.org/photos/28904336/medium.jpg,13858,House Sparrow,data/new_raw/images/a34071e8-e0cf-4370-bd9d-b95361a31be9.jpg
a2456367-bccc-49e8-bad3-b4d0fff42ce6,https://static.inaturalist.org/photos/28905437/medium.jpg,13858,House Sparrow,data/new_raw/images/a2456367-bccc-49e8-bad3-b4d0fff42ce6.jpg
b4d0e1c8-7375-4943-b6db-dbccb9c16cb3,https://inaturalist-open-data.s3.amazonaws.com/photos/28925342/medium.jpeg,42051,Coyote,data/new_raw/images/b4d0e1c8-7375-4943-b6db-dbccb9c16cb3.jpg
2efb4a92-237a-4cdf-8fb0-66a0a44dfb2c,https://static.inaturalist.org/photos/28927431/medium.jpg,792976,Dryobates Woodpeckers,data/new_raw/images/2efb4a92-237a-4cdf-8fb0-66a0a44dfb2c.jpg
f93857b9-c349-4cc0-a92f-ebff39bdb152,https://inaturalist-open-data.s3.amazonaws.com/photos/28931312/medium.jpeg,7109,Hooded Merganser,data/new_raw/images/f93857b9-c349-4cc0-a92f-ebff39bdb152.jpg
0ff2ce55-c695-4cc5-aea8-971eded1a2ad,https://inaturalist-open-data.s3.amazonaws.com/photos/28931480/medium.jpeg,7109,Hooded Merganser,data/new_raw/images/0ff2ce55-c695-4cc5-aea8-971eded1a2ad.jpg
8023f5e0-55c7-43ab-8e6b-624c7efb9993,https://inaturalist-open-data.s3.amazonaws.com/photos/28931545/medium.jpeg,6990,Common Goldeneye,data/new_raw/images/8023f5e0-55c7-43ab-8e6b-624c7efb9993.jpg
8b17cd1c-dcde-4a8f-993c-a2c753e494c6,https://inaturalist-open-data.s3.amazonaws.com/photos/28931576/medium.jpeg,6990,Common Goldeneye,data/new_raw/images/8b17cd1c-dcde-4a8f-993c-a2c753e494c6.jpg
f8af2cbb-a5d9-4f7d-80c3-e0edff1c0596,https://inaturalist-open-data.s3.amazonaws.com/photos/28967197/medium.jpg,5212,Red-tailed Hawk,data/new_raw/images/f8af2cbb-a5d9-4f7d-80c3-e0edff1c0596.jpg
0ba24d0e-54cb-4d11-92a7-12c9f3d0eb59,https://inaturalist-open-data.s3.amazonaws.com/photos/28967299/medium.jpg,792988,Downy Woodpecker,data/new_raw/images/0ba24d0e-54cb-4d11-92a7-12c9f3d0eb59.jpg
3e7cd37a-3ad8-412b-b705-f8be6fe84c60,https://inaturalist-open-data.s3.amazonaws.com/photos/28967455/medium.jpg,145310,American Goldfinch,data/new_raw/images/3e7cd37a-3ad8-412b-b705-f8be6fe84c60.jpg
421c2b20-fc76-4bb4-8749-92b26740c4cd,https://inaturalist-open-data.s3.amazonaws.com/photos/28972182/medium.jpeg,4798,Piping Plover,data/new_raw/images/421c2b20-fc76-4bb4-8749-92b26740c4cd.jpg
1365f92d-7455-44dc-9146-b15c10412aeb,https://inaturalist-open-data.s3.amazonaws.com/photos/28972244/medium.jpeg,12890,Hermit Thrush,data/new_raw/images/1365f92d-7455-44dc-9146-b15c10412aeb.jpg
82ee29b8-2f8f-4273-b3f3-a857e0513545,https://static.inaturalist.org/photos/28981075/medium.jpg,5212,Red-tailed Hawk,data/new_raw/images/82ee29b8-2f8f-4273-b3f3-a857e0513545.jpg
d367c717-725d-405b-a739-9bce355e2669,https://inaturalist-open-data.s3.amazonaws.com/photos/28982499/medium.jpeg,1578489,American Herring Gull,data/new_raw/images/d367c717-725d-405b-a739-9bce355e2669.jpg
762f3c27-e5f5-4b28-9a96-c677ecd298cf,https://inaturalist-open-data.s3.amazonaws.com/photos/28982500/medium.jpeg,4361,Iceland Gull,data/new_raw/images/762f3c27-e5f5-4b28-9a96-c677ecd298cf.jpg
ac4a4077-ca25-42c7-b276-5c33ef71ba9a,https://inaturalist-open-data.s3.amazonaws.com/photos/29000051/medium.jpeg,1579017,Cooper's Hawk,data/new_raw/images/ac4a4077-ca25-42c7-b276-5c33ef71ba9a.jpg
6595658c-d5b9-4834-b420-f37d34f5d07a,https://static.inaturalist.org/photos/29002610/medium.jpg,19349,Monk Parakeet,data/new_raw/images/6595658c-d5b9-4834-b420-f37d34f5d07a.jpg
0775751b-f6ac-44ee-8f51-ab04f77cedff,https://inaturalist-open-data.s3.amazonaws.com/photos/29014335/medium.jpg,10094,Dark-eyed Junco,data/new_raw/images/0775751b-f6ac-44ee-8f51-ab04f77cedff.jpg
dcc2e331-4fee-4d56-927c-99d652c755bf,https://inaturalist-open-data.s3.amazonaws.com/photos/29037243/medium.jpeg,7004,Common Merganser,data/new_raw/images/dcc2e331-4fee-4d56-927c-99d652c755bf.jpg
b50a7a92-1082-4cbb-9ba1-241e2633e54e,https://inaturalist-open-data.s3.amazonaws.com/photos/29105745/medium.jpeg,792988,Downy Woodpecker,data/new_raw/images/b50a7a92-1082-4cbb-9ba1-241e2633e54e.jpg
2b5ce348-6ebd-4277-913f-79bac4c607dc,https://inaturalist-open-data.s3.amazonaws.com/photos/29105771/medium.jpg,5212,Red-tailed Hawk,data/new_raw/images/2b5ce348-6ebd-4277-913f-79bac4c607dc.jpg
fb7843b3-0f93-4a19-9d84-8e7d16ebe41f,https://static.inaturalist.org/photos/29189110/medium.jpg,13858,House Sparrow,data/new_raw/images/fb7843b3-0f93-4a19-9d84-8e7d16ebe41f.jpg
41850d61-04d1-4c8f-96aa-a35f6ef89135,https://inaturalist-open-data.s3.amazonaws.com/photos/29200980/medium.jpg,18205,Red-bellied Woodpecker,data/new_raw/images/41850d61-04d1-4c8f-96aa-a35f6ef89135.jpg
95558e1b-5fa2-4850-b1d1-9ab6d2421458,https://inaturalist-open-data.s3.amazonaws.com/photos/29201091/medium.jpg,792988,Downy Woodpecker,data/new_raw/images/95558e1b-5fa2-4850-b1d1-9ab6d2421458.jpg
9dc172f6-34b8-4ce5-9f31-8ce1b8cf4ee8,https://inaturalist-open-data.s3.amazonaws.com/photos/29201334/medium.jpg,43794,American Beaver,data/new_raw/images/9dc172f6-34b8-4ce5-9f31-8ce1b8cf4ee8.jpg
eb15da9b-85c1-4ee9-96e9-04bc3e8248ea,https://inaturalist-open-data.s3.amazonaws.com/photos/29202536/medium.jpg,10094,Dark-eyed Junco,data/new_raw/images/eb15da9b-85c1-4ee9-96e9-04bc3e8248ea.jpg
d2ec2f63-7c7a-4638-9b6b-0657242ebdf6,https://static.inaturalist.org/photos/29227363/medium.jpg,46017,Eastern Gray Squirrel,data/new_raw/images/d2ec2f63-7c7a-4638-9b6b-0657242ebdf6.jpg
8d56247f-32c4-4938-a6cb-732dabe8291d,https://inaturalist-open-data.s3.amazonaws.com/photos/29229661/medium.jpg,3454,Mourning Dove,data/new_raw/images/8d56247f-32c4-4938-a6cb-732dabe8291d.jpg
cea0a8e3-db34-426a-b9c7-c514d18fa25c,https://inaturalist-open-data.s3.amazonaws.com/photos/29229673/medium.jpg,144815,Black-capped Chickadee,data/new_raw/images/cea0a8e3-db34-426a-b9c7-c514d18fa25c.jpg
3d00c215-8c86-4c8c-8a7c-7fa7f6a9aaba,https://inaturalist-open-data.s3.amazonaws.com/photos/29230047/medium.jpg,6930,Mallard,data/new_raw/images/3d00c215-8c86-4c8c-8a7c-7fa7f6a9aaba.jpg
c81fa355-952f-4536-a617-0b5df21d241c,https://inaturalist-open-data.s3.amazonaws.com/photos/29230063/medium.jpg,9083,Northern Cardinal,data/new_raw/images/c81fa355-952f-4536-a617-0b5df21d241c.jpg
fd07490b-c293-44f1-87cf-f1eda0252dd0,https://inaturalist-open-data.s3.amazonaws.com/photos/29230111/medium.jpg,46017,Eastern Gray Squirrel,data/new_raw/images/fd07490b-c293-44f1-87cf-f1eda0252dd0.jpg
9a066e8c-77ea-4908-8dd4-39c4f87db4d8,https://inaturalist-open-data.s3.amazonaws.com/photos/29230119/medium.jpg,14850,European Starling,data/new_raw/images/9a066e8c-77ea-4908-8dd4-39c4f87db4d8.jpg
926811bf-4c88-4cf4-8f21-c3d5f3591120,https://inaturalist-open-data.s3.amazonaws.com/photos/29230132/medium.jpg,199840,House Finch,data/new_raw/images/926811bf-4c88-4cf4-8f21-c3d5f3591120.jpg
08aaad67-3647-460b-8156-2dabf9ca04ff,https://inaturalist-open-data.s3.amazonaws.com/photos/29230137/medium.jpg,8021,American Crow,data/new_raw/images/08aaad67-3647-460b-8156-2dabf9ca04ff.jpg
3ebf8afb-9c35-4939-83d9-82f8a1d8a2ba,https://inaturalist-open-data.s3.amazonaws.com/photos/29230285/medium.jpg,122767,Feral Pigeon,data/new_raw/images/3ebf8afb-9c35-4939-83d9-82f8a1d8a2ba.jpg
5dfdbb50-8a89-4de7-9abf-1e67d3f1f3f4,https://inaturalist-open-data.s3.amazonaws.com/photos/29230576/medium.jpg,6993,Bufflehead,data/new_raw/images/5dfdbb50-8a89-4de7-9abf-1e67d3f1f3f4.jpg
bea8326e-3491-473b-928d-336ae33b151d,https://inaturalist-open-data.s3.amazonaws.com/photos/29230604/medium.jpg,7056,Redhead,data/new_raw/images/bea8326e-3491-473b-928d-336ae33b151d.jpg
e6c1feda-0d1d-484c-b8ba-838f1f6d82aa,https://inaturalist-open-data.s3.amazonaws.com/photos/29230625/medium.jpg,6990,Common Goldeneye,data/new_raw/images/e6c1feda-0d1d-484c-b8ba-838f1f6d82aa.jpg
3b613176-f008-487f-9c41-6523efd7e80c,https://inaturalist-open-data.s3.amazonaws.com/photos/29230637/medium.jpg,6990,Common Goldeneye,data/new_raw/images/3b613176-f008-487f-9c41-6523efd7e80c.jpg
d1d2accb-624c-48bb-bbd9-65712ee87425,https://static.inaturalist.org/photos/29247148/medium.jpeg,5212,Red-tailed Hawk,data/new_raw/images/d1d2accb-624c-48bb-bbd9-65712ee87425.jpg
9fc64b98-a3a0-4936-b059-f3e35740017b,https://inaturalist-open-data.s3.amazonaws.com/photos/29260720/medium.jpg,46017,Eastern Gray Squirrel,data/new_raw/images/9fc64b98-a3a0-4936-b059-f3e35740017b.jpg
0e4ddddf-f296-4e83-98e0-fda6996fd9ec,https://static.inaturalist.org/photos/29276095/medium.jpg,43794,American Beaver,data/new_raw/images/0e4ddddf-f296-4e83-98e0-fda6996fd9ec.jpg
7864e053-532f-4b35-ac8b-145c33ed7fab,https://static.inaturalist.org/photos/29278515/medium.jpg,41880,Striped Skunk,data/new_raw/images/7864e053-532f-4b35-ac8b-145c33ed7fab.jpg
0b59b468-98a1-446a-a8bf-ec82713d44eb,https://static.inaturalist.org/photos/29286397/medium.jpg,5212,Red-tailed Hawk,data/new_raw/images/0b59b468-98a1-446a-a8bf-ec82713d44eb.jpg
136270b8-4e0c-49e1-bf2b-80dec7e6c214,https://static.inaturalist.org/photos/29287086/medium.jpeg,46017,Eastern Gray Squirrel,data/new_raw/images/136270b8-4e0c-49e1-bf2b-80dec7e6c214.jpg
7df40a4b-39b7-4307-99f5-1f8e5fbe321a,https://static.inaturalist.org/photos/29287091/medium.jpeg,7089,Canada Goose,data/new_raw/images/7df40a4b-39b7-4307-99f5-1f8e5fbe321a.jpg
02533fa7-51f6-45f8-871e-846981f19316,https://static.inaturalist.org/photos/29290523/medium.jpeg,118552,Domestic Cat,data/new_raw/images/02533fa7-51f6-45f8-871e-846981f19316.jpg
ad670863-d6a2-442e-a774-da50d23b0e81,https://static.inaturalist.org/photos/29290763/medium.jpeg,43111,Eastern Cottontail,data/new_raw/images/ad670863-d6a2-442e-a774-da50d23b0e81.jpg
b593849c-61ff-4191-8b76-bdedee6d4dc3,https://inaturalist-open-data.s3.amazonaws.com/photos/29321797/medium.jpg,13858,House Sparrow,data/new_raw/images/b593849c-61ff-4191-8b76-bdedee6d4dc3.jpg
520844a2-9547-4c59-9d66-4d524ab78b37,https://static.inaturalist.org/photos/29332025/medium.jpg,4672,Merlin,data/new_raw/images/520844a2-9547-4c59-9d66-4d524ab78b37.jpg
e6009f94-2c5f-4474-9579-5e1ff7348980,https://static.inaturalist.org/photos/29377003/medium.jpg,46017,Eastern Gray Squirrel,data/new_raw/images/e6009f94-2c5f-4474-9579-5e1ff7348980.jpg
dbc4ac13-1f31-4626-af8b-db6f0b248434,https://static.inaturalist.org/photos/29378857/medium.jpeg,45933,Squirrels,data/new_raw/images/dbc4ac13-1f31-4626-af8b-db6f0b248434.jpg
e6508e32-8fb2-400a-9fc8-00149b5229e2,https://static.inaturalist.org/photos/29380752/medium.jpg,5212,Red-tailed Hawk,data/new_raw/images/e6508e32-8fb2-400a-9fc8-00149b5229e2.jpg
19f9621e-4fbf-49c9-8ad0-16d0f54b19b4,https://static.inaturalist.org/photos/29380737/medium.jpeg,43111,Eastern Cottontail,data/new_raw/images/19f9621e-4fbf-49c9-8ad0-16d0f54b19b4.jpg
47637c50-223f-4d2f-ae3d-e3c941efd9f4,https://static.inaturalist.org/photos/29380743/medium.jpeg,43111,Eastern Cottontail,data/new_raw/images/47637c50-223f-4d2f-ae3d-e3c941efd9f4.jpg
bc80ac82-9ace-4269-b960-2815fbe3f239,https://static.inaturalist.org/photos/29380759/medium.jpeg,43111,Eastern Cottontail,data/new_raw/images/bc80ac82-9ace-4269-b960-2815fbe3f239.jpg
b7e95581-09bb-45a0-abd1-925e804fc9de,https://static.inaturalist.org/photos/29380773/medium.jpeg,46017,Eastern Gray Squirrel,data/new_raw/images/b7e95581-09bb-45a0-abd1-925e804fc9de.jpg
190c50ee-889a-4dff-9006-c38409d5f4ae,https://static.inaturalist.org/photos/29380794/medium.jpeg,43111,Eastern Cottontail,data/new_raw/images/190c50ee-889a-4dff-9006-c38409d5f4ae.jpg
c46abdf7-2d01-4d63-b9eb-626c02768998,https://static.inaturalist.org/photos/29380802/medium.jpeg,43111,Eastern Cottontail,data/new_raw/images/c46abdf7-2d01-4d63-b9eb-626c02768998.jpg
013b475f-8a57-44df-baf1-de9c7942f11a,https://static.inaturalist.org/photos/29380887/medium.jpeg,46017,Eastern Gray Squirrel,data/new_raw/images/013b475f-8a57-44df-baf1-de9c7942f11a.jpg
eba12861-a23c-4716-8ba3-dc4051136fb2,https://static.inaturalist.org/photos/29380972/medium.jpeg,43111,Eastern Cottontail,data/new_raw/images/eba12861-a23c-4716-8ba3-dc4051136fb2.jpg
db6879e8-0ea9-4b12-ac44-9ac2a534f3c2,https://static.inaturalist.org/photos/29380810/medium.jpeg,46017,Eastern Gray Squirrel,data/new_raw/images/db6879e8-0ea9-4b12-ac44-9ac2a534f3c2.jpg
35e2b4e3-a42f-46a4-9c85-e72eadaa37a5,https://static.inaturalist.org/photos/29380862/medium.jpeg,46017,Eastern Gray Squirrel,data/new_raw/images/35e2b4e3-a42f-46a4-9c85-e72eadaa37a5.jpg
285bb3c4-2ab3-4a28-a9c9-61ee2884c474,https://static.inaturalist.org/photos/29380898/medium.jpeg,46017,Eastern Gray Squirrel,data/new_raw/images/285bb3c4-2ab3-4a28-a9c9-61ee2884c474.jpg
dae4e071-9e26-40c6-80cb-50f69f43bff4,https://static.inaturalist.org/photos/29380968/medium.jpeg,12727,American Robin,data/new_raw/images/dae4e071-9e26-40c6-80cb-50f69f43bff4.jpg
33447952-0734-4027-ad36-bdf0f5fe52fa,https://inaturalist-open-data.s3.amazonaws.com/photos/29398863/medium.jpg,4364,Ring-billed Gull,data/new_raw/images/33447952-0734-4027-ad36-bdf0f5fe52fa.jpg
25eea5b8-7239-46b7-b7ad-7d5122988a5b,https://inaturalist-open-data.s3.amazonaws.com/photos/29450633/medium.jpg,42051,Coyote,data/new_raw/images/25eea5b8-7239-46b7-b7ad-7d5122988a5b.jpg
b9d5e422-7e79-4795-976b-250932a4cd27,https://inaturalist-open-data.s3.amazonaws.com/photos/29450724/medium.jpg,42051,Coyote,data/new_raw/images/b9d5e422-7e79-4795-976b-250932a4cd27.jpg
1bd1570b-0d58-45cc-8397-e0816a153d33,https://static.inaturalist.org/photos/29515482/medium.jpg,43794,American Beaver,data/new_raw/images/1bd1570b-0d58-45cc-8397-e0816a153d33.jpg
e5bb78b1-39f4-4681-907e-c843c110ff05,https://static.inaturalist.org/photos/29515673/medium.jpg,7089,Canada Goose,data/new_raw/images/e5bb78b1-39f4-4681-907e-c843c110ff05.jpg
7c189c17-f836-47b7-b94a-974613ceefbe,https://static.inaturalist.org/photos/29518229/medium.jpg,9083,Northern Cardinal,data/new_raw/images/7c189c17-f836-47b7-b94a-974613ceefbe.jpg
e5c4ea65-dd97-422f-b460-5a2e183c43fd,https://static.inaturalist.org/photos/29518270/medium.jpg,792988,Downy Woodpecker,data/new_raw/images/e5c4ea65-dd97-422f-b460-5a2e183c43fd.jpg
928ad8fb-e4a8-4540-ac57-e94cb157218c,https://static.inaturalist.org/photos/29518349/medium.jpg,792988,Downy Woodpecker,data/new_raw/images/928ad8fb-e4a8-4540-ac57-e94cb157218c.jpg
25d48b39-3b98-4405-8c76-1f85bd4f4277,https://static.inaturalist.org/photos/29518425/medium.jpg,14823,Red-breasted Nuthatch,data/new_raw/images/25d48b39-3b98-4405-8c76-1f85bd4f4277.jpg
88d3ceb1-93f2-4197-956c-b1096e393612,https://static.inaturalist.org/photos/29518508/medium.jpg,792988,Downy Woodpecker,data/new_raw/images/88d3ceb1-93f2-4197-956c-b1096e393612.jpg
31def9f5-64ec-469a-aa62-d06f116db9c4,https://inaturalist-open-data.s3.amazonaws.com/photos/29522807/medium.jpg,5212,Red-tailed Hawk,data/new_raw/images/31def9f5-64ec-469a-aa62-d06f116db9c4.jpg
738e840e-95a9-497b-b3c5-c592c002f3b5,https://inaturalist-open-data.s3.amazonaws.com/photos/29536054/medium.jpeg,41663,Common Raccoon,data/new_raw/images/738e840e-95a9-497b-b3c5-c592c002f3b5.jpg
439e1362-d073-4a1a-9f85-8619faf45957,https://static.inaturalist.org/photos/29562546/medium.jpg,144815,Black-capped Chickadee,data/new_raw/images/439e1362-d073-4a1a-9f85-8619faf45957.jpg
d90ca0d7-f14a-4d9a-8a09-316e1e91884b,https://static.inaturalist.org/photos/29562583/medium.jpg,46017,Eastern Gray Squirrel,data/new_raw/images/d90ca0d7-f14a-4d9a-8a09-316e1e91884b.jpg
79ce6755-99a5-4113-b457-4c853a3087fc,https://static.inaturalist.org/photos/29562594/medium.jpg,46020,Eastern Fox Squirrel,data/new_raw/images/79ce6755-99a5-4113-b457-4c853a3087fc.jpg
b6eeebbd-22d6-4d2b-9284-d5256e31f3ff,https://static.inaturalist.org/photos/29562617/medium.jpg,7109,Hooded Merganser,data/new_raw/images/b6eeebbd-22d6-4d2b-9284-d5256e31f3ff.jpg
82556379-6e60-493a-9ff5-5b7f1b93a5f6,https://static.inaturalist.org/photos/29562676/medium.jpg,7107,Wood Duck,data/new_raw/images/82556379-6e60-493a-9ff5-5b7f1b93a5f6.jpg
bd984727-d14b-4ec4-ba4f-f9c8483b2b2a,https://inaturalist-open-data.s3.amazonaws.com/photos/29597485/medium.jpg,145300,Redpoll,data/new_raw/images/bd984727-d14b-4ec4-ba4f-f9c8483b2b2a.jpg
4b7f8a82-a795-4e95-bb3d-305eaa084f03,https://inaturalist-open-data.s3.amazonaws.com/photos/29598420/medium.jpg,12727,American Robin,data/new_raw/images/4b7f8a82-a795-4e95-bb3d-305eaa084f03.jpg
52d56cd6-adaa-4984-980c-410f77beb85e,https://inaturalist-open-data.s3.amazonaws.com/photos/29598727/medium.jpg,5212,Red-tailed Hawk,data/new_raw/images/52d56cd6-adaa-4984-980c-410f77beb85e.jpg
c660f3cf-1bcb-45f6-a16b-85053dc8bcb5,https://inaturalist-open-data.s3.amazonaws.com/photos/29599055/medium.jpg,144815,Black-capped Chickadee,data/new_raw/images/c660f3cf-1bcb-45f6-a16b-85053dc8bcb5.jpg
41e7b208-a56a-4672-a88c-4a39c13ad0ed,https://static.inaturalist.org/photos/29621839/medium.jpg,5212,Red-tailed Hawk,data/new_raw/images/41e7b208-a56a-4672-a88c-4a39c13ad0ed.jpg
f85fd3eb-44c4-4912-845b-ff80e6143bbd,https://inaturalist-open-data.s3.amazonaws.com/photos/29635686/medium.jpg,6990,Common Goldeneye,data/new_raw/images/f85fd3eb-44c4-4912-845b-ff80e6143bbd.jpg
f27fa3f9-70a0-44d2-a247-5161f5f1a07d,https://static.inaturalist.org/photos/29642486/medium.jpg,118552,Domestic Cat,data/new_raw/images/f27fa3f9-70a0-44d2-a247-5161f5f1a07d.jpg
1ebce9d0-efa0-4fb6-8eb3-540ef8d9d009,https://static.inaturalist.org/photos/29647003/medium.jpg,199840,House Finch,data/new_raw/images/1ebce9d0-efa0-4fb6-8eb3-540ef8d9d009.jpg
dfcbaaba-b43a-4bf7-9494-bd1207dda9f5,https://static.inaturalist.org/photos/29647048/medium.jpg,144815,Black-capped Chickadee,data/new_raw/images/dfcbaaba-b43a-4bf7-9494-bd1207dda9f5.jpg
8d6506f1-5b68-4f74-a1d6-e0fc712150f5,https://static.inaturalist.org/photos/29647065/medium.jpg,9083,Northern Cardinal,data/new_raw/images/8d6506f1-5b68-4f74-a1d6-e0fc712150f5.jpg
9134f51c-8c44-4739-a555-d9f2bcbf13ec,https://inaturalist-open-data.s3.amazonaws.com/photos/29658966/medium.jpg,1454382,Double-crested Cormorant,data/new_raw/images/9134f51c-8c44-4739-a555-d9f2bcbf13ec.jpg
a7e49102-3cf5-447e-8bce-6dd147f2fe57,https://inaturalist-open-data.s3.amazonaws.com/photos/29701696/medium.jpg,122767,Feral Pigeon,data/new_raw/images/a7e49102-3cf5-447e-8bce-6dd147f2fe57.jpg
0dd29f1b-f4e6-472e-a320-6e551c62fd34,https://inaturalist-open-data.s3.amazonaws.com/photos/29769307/medium.jpg,6990,Common Goldeneye,data/new_raw/images/0dd29f1b-f4e6-472e-a320-6e551c62fd34.jpg
bead51e3-931f-42bd-b8a7-45cbd864590a,https://inaturalist-open-data.s3.amazonaws.com/photos/29769332/medium.jpg,12890,Hermit Thrush,data/new_raw/images/bead51e3-931f-42bd-b8a7-45cbd864590a.jpg
eb954dc5-3177-4c8b-912a-b0d40eadb19c,https://inaturalist-open-data.s3.amazonaws.com/photos/29769345/medium.jpg,18205,Red-bellied Woodpecker,data/new_raw/images/eb954dc5-3177-4c8b-912a-b0d40eadb19c.jpg
3f0d961a-ba88-4ed6-9ac6-a00aa0b0feff,https://inaturalist-open-data.s3.amazonaws.com/photos/29769362/medium.jpg,144815,Black-capped Chickadee,data/new_raw/images/3f0d961a-ba88-4ed6-9ac6-a00aa0b0feff.jpg
4811e7df-d3a7-4ec5-8969-77fa6fa4bec6,https://inaturalist-open-data.s3.amazonaws.com/photos/29769400/medium.jpg,4798,Piping Plover,data/new_raw/images/4811e7df-d3a7-4ec5-8969-77fa6fa4bec6.jpg
8806f70b-dc1e-471e-847d-728f0f7c5068,https://inaturalist-open-data.s3.amazonaws.com/photos/29769432/medium.jpg,1578489,American Herring Gull,data/new_raw/images/8806f70b-dc1e-471e-847d-728f0f7c5068.jpg
625be6b9-2490-46e8-a12d-81cc7047a7d2,https://inaturalist-open-data.s3.amazonaws.com/photos/29769922/medium.jpg,6937,Green-winged Teal,data/new_raw/images/625be6b9-2490-46e8-a12d-81cc7047a7d2.jpg
8e0d89b4-77d7-45ee-9f98-989be53bb5b7,https://inaturalist-open-data.s3.amazonaws.com/photos/29769985/medium.jpg,7109,Hooded Merganser,data/new_raw/images/8e0d89b4-77d7-45ee-9f98-989be53bb5b7.jpg
6697adaf-b8cd-40ed-93b0-0010f65acdd0,https://inaturalist-open-data.s3.amazonaws.com/photos/29770139/medium.jpg,850859,Ruddy Duck,data/new_raw/images/6697adaf-b8cd-40ed-93b0-0010f65acdd0.jpg
4716c30a-39b1-4f54-9b29-139827618b9b,https://inaturalist-open-data.s3.amazonaws.com/photos/29770181/medium.jpg,6933,Northern Pintail,data/new_raw/images/4716c30a-39b1-4f54-9b29-139827618b9b.jpg
244e7636-6d0a-47a0-8ef1-bf928590984f,https://inaturalist-open-data.s3.amazonaws.com/photos/29770266/medium.jpg,6994,Barrow's Goldeneye,data/new_raw/images/244e7636-6d0a-47a0-8ef1-bf928590984f.jpg
456a6516-7c9d-4cd0-acc7-eeffe40fab1c,https://inaturalist-open-data.s3.amazonaws.com/photos/29770289/medium.jpg,7107,Wood Duck,data/new_raw/images/456a6516-7c9d-4cd0-acc7-eeffe40fab1c.jpg
0d2607b4-4b4d-4f74-9a46-e408fcdd3fda,https://inaturalist-open-data.s3.amazonaws.com/photos/29770328/medium.jpg,850859,Ruddy Duck,data/new_raw/images/0d2607b4-4b4d-4f74-9a46-e408fcdd3fda.jpg
1e79c98d-0127-4001-ae8b-5f436d484ce6,https://inaturalist-open-data.s3.amazonaws.com/photos/29770378/medium.jpg,144815,Black-capped Chickadee,data/new_raw/images/1e79c98d-0127-4001-ae8b-5f436d484ce6.jpg
8b15112c-1d58-4c0f-a703-1e4eb1472eac,https://static.inaturalist.org/photos/29772114/medium.jpg,144815,Black-capped Chickadee,data/new_raw/images/8b15112c-1d58-4c0f-a703-1e4eb1472eac.jpg
7c1cbb43-f1b3-41f2-b5a3-a5b13384e527,https://static.inaturalist.org/photos/29775716/medium.jpg,2548,Belted Kingfisher,data/new_raw/images/7c1cbb43-f1b3-41f2-b5a3-a5b13384e527.jpg
213837bc-db6b-407b-a60d-7ad3eb494131,https://inaturalist-open-data.s3.amazonaws.com/photos/29787281/medium.jpg,4798,Piping Plover,data/new_raw/images/213837bc-db6b-407b-a60d-7ad3eb494131.jpg
7261b522-fd8b-40b2-beb3-b23f5293de5d,https://inaturalist-open-data.s3.amazonaws.com/photos/29790678/medium.jpg,9083,Northern Cardinal,data/new_raw/images/7261b522-fd8b-40b2-beb3-b23f5293de5d.jpg
1c4f90d5-de99-4823-8867-0ade81bed31f,https://inaturalist-open-data.s3.amazonaws.com/photos/29790682/medium.jpg,18205,Red-bellied Woodpecker,data/new_raw/images/1c4f90d5-de99-4823-8867-0ade81bed31f.jpg
ffe20e3b-8995-40de-808d-ebdd21b733b8,https://inaturalist-open-data.s3.amazonaws.com/photos/29790683/medium.jpg,42223,White-tailed Deer,data/new_raw/images/ffe20e3b-8995-40de-808d-ebdd21b733b8.jpg
9fe0aec4-3715-4e62-9c20-ee9f1050f27f,https://inaturalist-open-data.s3.amazonaws.com/photos/29790686/medium.jpg,122767,Feral Pigeon,data/new_raw/images/9fe0aec4-3715-4e62-9c20-ee9f1050f27f.jpg
4adbf465-a458-4a03-bda6-18db2157bc0d,https://inaturalist-open-data.s3.amazonaws.com/photos/29790691/medium.jpg,14850,European Starling,data/new_raw/images/4adbf465-a458-4a03-bda6-18db2157bc0d.jpg
a3d9b916-6114-416c-8f19-394beeaec517,https://inaturalist-open-data.s3.amazonaws.com/photos/29791052/medium.jpg,4364,Ring-billed Gull,data/new_raw/images/a3d9b916-6114-416c-8f19-394beeaec517.jpg
23fe4caa-1556-434f-b69e-50bf29176195,https://inaturalist-open-data.s3.amazonaws.com/photos/29791054/medium.jpg,14823,Red-breasted Nuthatch,data/new_raw/images/23fe4caa-1556-434f-b69e-50bf29176195.jpg
a95aed0b-5146-484c-9ff8-f0e04e07ecf0,https://inaturalist-open-data.s3.amazonaws.com/photos/29791055/medium.jpg,792988,Downy Woodpecker,data/new_raw/images/a95aed0b-5146-484c-9ff8-f0e04e07ecf0.jpg
0c3e94e4-408b-4585-afda-3aae87f6fcd4,https://inaturalist-open-data.s3.amazonaws.com/photos/29791057/medium.jpg,9083,Northern Cardinal,data/new_raw/images/0c3e94e4-408b-4585-afda-3aae87f6fcd4.jpg
d34a74d3-366c-4b6f-a6a7-77780675c847,https://inaturalist-open-data.s3.amazonaws.com/photos/29791058/medium.jpg,13858,House Sparrow,data/new_raw/images/d34a74d3-366c-4b6f-a6a7-77780675c847.jpg
1a75e658-5d50-4dad-8df2-6f8fe5e29080,https://inaturalist-open-data.s3.amazonaws.com/photos/29801334/medium.jpg,8021,American Crow,data/new_raw/images/1a75e658-5d50-4dad-8df2-6f8fe5e29080.jpg
fe48f10e-424f-49e0-9e46-85081d8c107b,https://inaturalist-open-data.s3.amazonaws.com/photos/29801664/medium.jpg,145239,Chestnut-sided Warbler,data/new_raw/images/fe48f10e-424f-49e0-9e46-85081d8c107b.jpg
d84ed6be-73bc-4c16-86e6-d7f54499c5be,https://inaturalist-open-data.s3.amazonaws.com/photos/29802446/medium.jpg,10271,Rose-breasted Grosbeak,data/new_raw/images/d84ed6be-73bc-4c16-86e6-d7f54499c5be.jpg
a154c5ae-47a3-4baf-bf32-9b1b0cf6297c,https://inaturalist-open-data.s3.amazonaws.com/photos/29813883/medium.jpg,9156,Fox Sparrow,data/new_raw/images/a154c5ae-47a3-4baf-bf32-9b1b0cf6297c.jpg
f6431bf0-6783-4e2d-a278-45f05e37f313,https://inaturalist-open-data.s3.amazonaws.com/photos/29814076/medium.jpg,9602,Common Grackle,data/new_raw/images/f6431bf0-6783-4e2d-a278-45f05e37f313.jpg
418db610-229e-4cba-838e-b307ba27bc1b,https://inaturalist-open-data.s3.amazonaws.com/photos/29814246/medium.jpg,12875,Brown Thrushes and Nightingale-Thrushes,data/new_raw/images/418db610-229e-4cba-838e-b307ba27bc1b.jpg
fbebd2b6-b5d3-4788-a444-e2cd13b19894,https://inaturalist-open-data.s3.amazonaws.com/photos/29814426/medium.jpg,73149,Northern Waterthrush,data/new_raw/images/fbebd2b6-b5d3-4788-a444-e2cd13b19894.jpg
3a5f78dd-759d-4ef4-a5fe-6119fa034a7b,https://inaturalist-open-data.s3.amazonaws.com/photos/29814479/medium.jpg,12878,Swainson's Thrush,data/new_raw/images/3a5f78dd-759d-4ef4-a5fe-6119fa034a7b.jpg
2ae9b7b8-89ef-46db-bfc0-8c23a2483ef1,https://inaturalist-open-data.s3.amazonaws.com/photos/29824248/medium.jpg,558439,Gadwall,data/new_raw/images/2ae9b7b8-89ef-46db-bfc0-8c23a2483ef1.jpg
8a92ed9d-55c1-4a4d-a4eb-02fa61d65caa,https://inaturalist-open-data.s3.amazonaws.com/photos/29825721/medium.jpg,6990,Common Goldeneye,data/new_raw/images/8a92ed9d-55c1-4a4d-a4eb-02fa61d65caa.jpg
d0d9b3b1-0db7-412f-a984-93624582d12d,https://inaturalist-open-data.s3.amazonaws.com/photos/29825725/medium.jpg,850859,Ruddy Duck,data/new_raw/images/d0d9b3b1-0db7-412f-a984-93624582d12d.jpg
5bca4474-46e5-4da0-99c1-168b280f9632,https://inaturalist-open-data.s3.amazonaws.com/photos/29825729/medium.jpg,473,American Coot,data/new_raw/images/5bca4474-46e5-4da0-99c1-168b280f9632.jpg
ad9512ac-b3b1-4b98-959b-18d742d48046,https://inaturalist-open-data.s3.amazonaws.com/photos/29825731/medium.jpg,6993,Bufflehead,data/new_raw/images/ad9512ac-b3b1-4b98-959b-18d742d48046.jpg
645db4bb-8c25-477f-9986-18355d360c03,https://inaturalist-open-data.s3.amazonaws.com/photos/29826823/medium.jpg,494355,Eastern Red-tailed Hawk,data/new_raw/images/645db4bb-8c25-477f-9986-18355d360c03.jpg
98c316d4-3afb-42b0-9908-a95592ec2862,https://inaturalist-open-data.s3.amazonaws.com/photos/29827427/medium.jpg,20044,Great Horned Owl,data/new_raw/images/98c316d4-3afb-42b0-9908-a95592ec2862.jpg
7b9b1a54-f536-41be-8443-9616b297fb39,https://inaturalist-open-data.s3.amazonaws.com/photos/29836723/medium.jpg,6990,Common Goldeneye,data/new_raw/images/7b9b1a54-f536-41be-8443-9616b297fb39.jpg
2f367fbc-e3fb-46b8-a9b3-9289aa905473,https://inaturalist-open-data.s3.amazonaws.com/photos/29836732/medium.jpg,7056,Redhead,data/new_raw/images/2f367fbc-e3fb-46b8-a9b3-9289aa905473.jpg
85cb32af-8793-4894-b18f-d29d3ee3a1ea,https://inaturalist-open-data.s3.amazonaws.com/photos/29836748/medium.jpg,6996,Red-breasted Merganser,data/new_raw/images/85cb32af-8793-4894-b18f-d29d3ee3a1ea.jpg
f562919d-9acd-4b3d-a158-7e64d854ddf6,https://inaturalist-open-data.s3.amazonaws.com/photos/29839188/medium.jpg,9083,Northern Cardinal,data/new_raw/images/f562919d-9acd-4b3d-a158-7e64d854ddf6.jpg
72ec782a-9ef9-469a-9af3-adeccc00053c,https://static.inaturalist.org/photos/29847445/medium.jpg,43584,Human,data/new_raw/images/72ec782a-9ef9-469a-9af3-adeccc00053c.jpg
61e84c55-eeae-4385-adb8-7e5cbdf028b3,https://inaturalist-open-data.s3.amazonaws.com/photos/29877411/medium.jpg,7089,Canada Goose,data/new_raw/images/61e84c55-eeae-4385-adb8-7e5cbdf028b3.jpg
0b91f7ca-bb44-4140-8a36-ea6fa14a733c,https://inaturalist-open-data.s3.amazonaws.com/photos/29887411/medium.jpg,46017,Eastern Gray Squirrel,data/new_raw/images/0b91f7ca-bb44-4140-8a36-ea6fa14a733c.jpg
9bfed42c-a289-4f11-85f1-fd9f9ec54a6f,https://inaturalist-open-data.s3.amazonaws.com/photos/29887414/medium.jpg,42223,White-tailed Deer,data/new_raw/images/9bfed42c-a289-4f11-85f1-fd9f9ec54a6f.jpg
20bdba5e-5436-4921-b214-0f14942d0f6c,https://inaturalist-open-data.s3.amazonaws.com/photos/29888434/medium.jpg,792988,Downy Woodpecker,data/new_raw/images/20bdba5e-5436-4921-b214-0f14942d0f6c.jpg
31750255-5379-4d21-b7e8-e835b6627f2b,https://inaturalist-open-data.s3.amazonaws.com/photos/29888469/medium.jpg,144815,Black-capped Chickadee,data/new_raw/images/31750255-5379-4d21-b7e8-e835b6627f2b.jpg
e529009c-a2ce-4241-9856-a2ee8b52ce52,https://inaturalist-open-data.s3.amazonaws.com/photos/29888502/medium.jpg,13858,House Sparrow,data/new_raw/images/e529009c-a2ce-4241-9856-a2ee8b52ce52.jpg
c26d6188-84c2-47f1-92e4-69d5ca927211,https://inaturalist-open-data.s3.amazonaws.com/photos/29888414/medium.jpg,144883,Winter Wren,data/new_raw/images/c26d6188-84c2-47f1-92e4-69d5ca927211.jpg
e69e2fcb-393d-4664-a7c7-a7a0358fc472,https://inaturalist-open-data.s3.amazonaws.com/photos/29888779/medium.jpg,17008,Eastern Phoebe,data/new_raw/images/e69e2fcb-393d-4664-a7c7-a7a0358fc472.jpg
aa365b5e-0be5-4c0f-9854-3a4576e967be,https://inaturalist-open-data.s3.amazonaws.com/photos/29888597/medium.jpg,792988,Downy Woodpecker,data/new_raw/images/aa365b5e-0be5-4c0f-9854-3a4576e967be.jpg
f4b718d8-c9b3-4744-b4a9-6bb46916d983,https://inaturalist-open-data.s3.amazonaws.com/photos/29890106/medium.jpg,6990,Common Goldeneye,data/new_raw/images/f4b718d8-c9b3-4744-b4a9-6bb46916d983.jpg
e05a588b-29cb-4bcf-bde7-46a3a648ee0d,https://inaturalist-open-data.s3.amazonaws.com/photos/29890825/medium.jpg,13858,House Sparrow,data/new_raw/images/e05a588b-29cb-4bcf-bde7-46a3a648ee0d.jpg
938c944e-bc12-4ba2-9182-c25a5d7db2b3,https://inaturalist-open-data.s3.amazonaws.com/photos/29893526/medium.jpg,4798,Piping Plover,data/new_raw/images/938c944e-bc12-4ba2-9182-c25a5d7db2b3.jpg
bc1aa0d7-06a1-4e40-a766-d5f2c8c652f8,https://inaturalist-open-data.s3.amazonaws.com/photos/29893996/medium.jpg,42223,White-tailed Deer,data/new_raw/images/bc1aa0d7-06a1-4e40-a766-d5f2c8c652f8.jpg
7f5607ff-7eab-4038-abbf-971baf1ba78b,https://inaturalist-open-data.s3.amazonaws.com/photos/29895210/medium.jpg,46017,Eastern Gray Squirrel,data/new_raw/images/7f5607ff-7eab-4038-abbf-971baf1ba78b.jpg
3c3f127f-c655-4da7-88e3-c5431ff696d9,https://inaturalist-open-data.s3.amazonaws.com/photos/29895433/medium.jpg,494355,Eastern Red-tailed Hawk,data/new_raw/images/3c3f127f-c655-4da7-88e3-c5431ff696d9.jpg
7aa6dc49-69d6-4fbd-a042-027b109a84f8,https://inaturalist-open-data.s3.amazonaws.com/photos/29895790/medium.jpg,4798,Piping Plover,data/new_raw/images/7aa6dc49-69d6-4fbd-a042-027b109a84f8.jpg
8a5d98d7-4511-442c-a1bd-94125a1d1ba9,https://inaturalist-open-data.s3.amazonaws.com/photos/29897518/medium.jpg,3454,Mourning Dove,data/new_raw/images/8a5d98d7-4511-442c-a1bd-94125a1d1ba9.jpg
5ae2d569-723c-4d6c-b49d-daa50d8abd07,https://inaturalist-open-data.s3.amazonaws.com/photos/29897521/medium.jpg,6930,Mallard,data/new_raw/images/5ae2d569-723c-4d6c-b49d-daa50d8abd07.jpg
03c573ef-7b2f-42de-a912-f47ea76b876a,https://inaturalist-open-data.s3.amazonaws.com/photos/29898513/medium.jpg,5212,Red-tailed Hawk,data/new_raw/images/03c573ef-7b2f-42de-a912-f47ea76b876a.jpg
a4092429-f2f8-47c3-877f-65a1884b4765,https://inaturalist-open-data.s3.amazonaws.com/photos/29898464/medium.jpg,5305,Bald Eagle,data/new_raw/images/a4092429-f2f8-47c3-877f-65a1884b4765.jpg
74dfabb9-a213-4bec-823b-41e2c5e10ddf,https://inaturalist-open-data.s3.amazonaws.com/photos/29898592/medium.jpg,494355,Eastern Red-tailed Hawk,data/new_raw/images/74dfabb9-a213-4bec-823b-41e2c5e10ddf.jpg
535a7896-0e6c-44d8-8cc4-861d797c4f89,https://inaturalist-open-data.s3.amazonaws.com/photos/29898511/medium.jpg,494355,Eastern Red-tailed Hawk,data/new_raw/images/535a7896-0e6c-44d8-8cc4-861d797c4f89.jpg
c2eddd2d-1601-4006-b979-d395ed2f775a,https://inaturalist-open-data.s3.amazonaws.com/photos/29898594/medium.jpg,8229,Blue Jay,data/new_raw/images/c2eddd2d-1601-4006-b979-d395ed2f775a.jpg
27e75597-8b42-4060-a3a6-3076f796e4ca,https://inaturalist-open-data.s3.amazonaws.com/photos/29911202/medium.jpg,6930,Mallard,data/new_raw/images/27e75597-8b42-4060-a3a6-3076f796e4ca.jpg
e8350b2a-f820-49f0-8975-310b250c2043,https://inaturalist-open-data.s3.amazonaws.com/photos/29911260/medium.jpg,236935,Domestic Mallard,data/new_raw/images/e8350b2a-f820-49f0-8975-310b250c2043.jpg
a6fedbfa-efe5-473c-93f1-4c1060bafcac,https://inaturalist-open-data.s3.amazonaws.com/photos/29911317/medium.jpg,6930,Mallard,data/new_raw/images/a6fedbfa-efe5-473c-93f1-4c1060bafcac.jpg
11163c36-ec4c-4530-90de-4791fca5fa37,https://inaturalist-open-data.s3.amazonaws.com/photos/29911320/medium.jpg,6990,Common Goldeneye,data/new_raw/images/11163c36-ec4c-4530-90de-4791fca5fa37.jpg
06dacedb-efcd-46e3-9064-5882818c5773,https://static.inaturalist.org/photos/29921249/medium.jpg,7109,Hooded Merganser,data/new_raw/images/06dacedb-efcd-46e3-9064-5882818c5773.jpg
609c6362-99aa-4683-9c89-852c9f5df99b,https://static.inaturalist.org/photos/29921317/medium.jpg,9083,Northern Cardinal,data/new_raw/images/609c6362-99aa-4683-9c89-852c9f5df99b.jpg
0750f3b3-199a-4a58-80bd-39e535fe6f50,https://static.inaturalist.org/photos/29921354/medium.jpg,4798,Piping Plover,data/new_raw/images/0750f3b3-199a-4a58-80bd-39e535fe6f50.jpg
49652d19-5695-4ea9-812c-a2b79beb0d48,https://inaturalist-open-data.s3.amazonaws.com/photos/29928371/medium.jpeg,43111,Eastern Cottontail,data/new_raw/images/49652d19-5695-4ea9-812c-a2b79beb0d48.jpg
37d3cc4f-4c5d-4e8c-ba93-5295f611ca6f,https://static.inaturalist.org/photos/29954362/medium.jpg,4798,Piping Plover,data/new_raw/images/37d3cc4f-4c5d-4e8c-ba93-5295f611ca6f.jpg
997aa2aa-d11e-4d8f-9117-99368ae2d2a7,https://static.inaturalist.org/photos/29954532/medium.jpg,9424,Eastern Towhee,data/new_raw/images/997aa2aa-d11e-4d8f-9117-99368ae2d2a7.jpg
bed8a026-b60d-422e-820c-1c57663354b5,https://static.inaturalist.org/photos/29954892/medium.jpg,18205,Red-bellied Woodpecker,data/new_raw/images/bed8a026-b60d-422e-820c-1c57663354b5.jpg
16dc1101-20eb-41d6-9691-c2778245168f,https://static.inaturalist.org/photos/29954951/medium.jpg,5212,Red-tailed Hawk,data/new_raw/images/16dc1101-20eb-41d6-9691-c2778245168f.jpg
bbd1ec30-84ff-43b0-b82a-ddc921f5741c,https://static.inaturalist.org/photos/29955085/medium.jpg,122767,Feral Pigeon,data/new_raw/images/bbd1ec30-84ff-43b0-b82a-ddc921f5741c.jpg
e3a2d01c-a953-4d98-bd62-1441d5cf6399,https://inaturalist-open-data.s3.amazonaws.com/photos/29981392/medium.jpg,4364,Ring-billed Gull,data/new_raw/images/e3a2d01c-a953-4d98-bd62-1441d5cf6399.jpg
5b322a73-133b-4bab-ba8c-b02a5844c84a,https://static.inaturalist.org/photos/29994836/medium.jpeg,46017,Eastern Gray Squirrel,data/new_raw/images/5b322a73-133b-4bab-ba8c-b02a5844c84a.jpg
1a30d932-a9ff-4fa1-9f1f-e249ee9151d9,https://static.inaturalist.org/photos/29994841/medium.jpeg,46017,Eastern Gray Squirrel,data/new_raw/images/1a30d932-a9ff-4fa1-9f1f-e249ee9151d9.jpg
31001cb5-be5d-423e-97e5-86b0abec3f92,https://static.inaturalist.org/photos/29994843/medium.jpeg,46017,Eastern Gray Squirrel,data/new_raw/images/31001cb5-be5d-423e-97e5-86b0abec3f92.jpg
fe222e35-4693-4858-8405-72242fc3bd08,https://static.inaturalist.org/photos/29994844/medium.jpeg,43111,Eastern Cottontail,data/new_raw/images/fe222e35-4693-4858-8405-72242fc3bd08.jpg
67b900fc-7e95-4250-a179-68e94233970a,https://static.inaturalist.org/photos/29994847/medium.jpeg,46017,Eastern Gray Squirrel,data/new_raw/images/67b900fc-7e95-4250-a179-68e94233970a.jpg
6fad0bfd-893f-43f8-a0d6-e87016428d0f,https://static.inaturalist.org/photos/29994851/medium.jpeg,46017,Eastern Gray Squirrel,data/new_raw/images/6fad0bfd-893f-43f8-a0d6-e87016428d0f.jpg
598b487f-7bab-4174-9d3e-4ca12d2826e7,https://static.inaturalist.org/photos/29994854/medium.jpeg,46017,Eastern Gray Squirrel,data/new_raw/images/598b487f-7bab-4174-9d3e-4ca12d2826e7.jpg
7169b43c-58ee-4b1f-b848-0b98a69ca7fc,https://static.inaturalist.org/photos/29994856/medium.jpeg,46017,Eastern Gray Squirrel,data/new_raw/images/7169b43c-58ee-4b1f-b848-0b98a69ca7fc.jpg
45a364b4-d709-419d-9a27-a4a0864572c6,https://static.inaturalist.org/photos/29994858/medium.jpeg,46017,Eastern Gray Squirrel,data/new_raw/images/45a364b4-d709-419d-9a27-a4a0864572c6.jpg
9a564e38-1d1c-4717-8c0f-d5e49c262dd6,https://static.inaturalist.org/photos/29994862/medium.jpeg,43111,Eastern Cottontail,data/new_raw/images/9a564e38-1d1c-4717-8c0f-d5e49c262dd6.jpg
6c32e299-a56b-4fdf-b607-40ca07c82b2a,https://static.inaturalist.org/photos/29994864/medium.jpeg,46017,Eastern Gray Squirrel,data/new_raw/images/6c32e299-a56b-4fdf-b607-40ca07c82b2a.jpg
5e1d7fd6-f82e-4d51-8d9d-b1489bc2ed45,https://static.inaturalist.org/photos/29994867/medium.jpeg,12727,American Robin,data/new_raw/images/5e1d7fd6-f82e-4d51-8d9d-b1489bc2ed45.jpg
b9c727ba-74e4-4fa8-9b08-b983c5968456,https://static.inaturalist.org/photos/29994871/medium.jpeg,46017,Eastern Gray Squirrel,data/new_raw/images/b9c727ba-74e4-4fa8-9b08-b983c5968456.jpg
b459bb72-d2d8-4e67-8cbf-d6eea48e7f96,https://static.inaturalist.org/photos/29994872/medium.jpeg,46017,Eastern Gray Squirrel,data/new_raw/images/b459bb72-d2d8-4e67-8cbf-d6eea48e7f96.jpg
9a39f413-67e5-488a-831f-35a778e855a7,https://static.inaturalist.org/photos/29994875/medium.jpeg,46017,Eastern Gray Squirrel,data/new_raw/images/9a39f413-67e5-488a-831f-35a778e855a7.jpg
5cd4c3a0-9348-4151-86cc-c7ed8e6b511a,https://static.inaturalist.org/photos/29994887/medium.jpeg,46017,Eastern Gray Squirrel,data/new_raw/images/5cd4c3a0-9348-4151-86cc-c7ed8e6b511a.jpg
70d4ac9e-dac5-4dec-9915-42c88db4bd02,https://static.inaturalist.org/photos/29994890/medium.jpeg,43111,Eastern Cottontail,data/new_raw/images/70d4ac9e-dac5-4dec-9915-42c88db4bd02.jpg
9a6fd8ff-dcb9-4bf2-aee9-e6d2aeb1b54f,https://inaturalist-open-data.s3.amazonaws.com/photos/29996114/medium.jpg,6993,Bufflehead,data/new_raw/images/9a6fd8ff-dcb9-4bf2-aee9-e6d2aeb1b54f.jpg
46132796-7e42-473a-b4b2-731a0b841482,https://inaturalist-open-data.s3.amazonaws.com/photos/29996119/medium.jpg,473,American Coot,data/new_raw/images/46132796-7e42-473a-b4b2-731a0b841482.jpg
b5a61455-8879-43e1-ba4a-f98233a13e28,https://inaturalist-open-data.s3.amazonaws.com/photos/29996124/medium.jpg,6930,Mallard,data/new_raw/images/b5a61455-8879-43e1-ba4a-f98233a13e28.jpg
d96b8306-fa18-490f-b2ae-68e5bebf5157,https://inaturalist-open-data.s3.amazonaws.com/photos/29997582/medium.jpg,6990,Common Goldeneye,data/new_raw/images/d96b8306-fa18-490f-b2ae-68e5bebf5157.jpg
fb5964d0-4adb-4055-a1c7-f1489b312532,https://inaturalist-open-data.s3.amazonaws.com/photos/29997588/medium.jpg,7089,Canada Goose,data/new_raw/images/fb5964d0-4adb-4055-a1c7-f1489b312532.jpg
39052e39-fb91-4971-9d13-097c82dea042,https://inaturalist-open-data.s3.amazonaws.com/photos/29999054/medium.jpg,6993,Bufflehead,data/new_raw/images/39052e39-fb91-4971-9d13-097c82dea042.jpg
2032d2ef-5990-407f-88a7-6dcf66fb4e95,https://inaturalist-open-data.s3.amazonaws.com/photos/29999058/medium.jpg,7047,Greater Scaup,data/new_raw/images/2032d2ef-5990-407f-88a7-6dcf66fb4e95.jpg
6be0ad5b-f3e3-48b2-9d86-bb0723f18cfc,https://inaturalist-open-data.s3.amazonaws.com/photos/29999060/medium.jpg,4246,Pied-billed Grebe,data/new_raw/images/6be0ad5b-f3e3-48b2-9d86-bb0723f18cfc.jpg
031da0a5-1139-4a54-b039-576605696b37,https://inaturalist-open-data.s3.amazonaws.com/photos/29999064/medium.jpg,7056,Redhead,data/new_raw/images/031da0a5-1139-4a54-b039-576605696b37.jpg
ebe24693-aacf-4260-8682-de451087b391,https://inaturalist-open-data.s3.amazonaws.com/photos/29999071/medium.jpg,6996,Red-breasted Merganser,data/new_raw/images/ebe24693-aacf-4260-8682-de451087b391.jpg
a7fa1ad5-8df1-4bfb-aaf2-3751167e6268,https://inaturalist-open-data.s3.amazonaws.com/photos/29999692/medium.jpg,1578489,American Herring Gull,data/new_raw/images/a7fa1ad5-8df1-4bfb-aaf2-3751167e6268.jpg
855375a8-a892-4af3-9118-f1e117ec6318,https://inaturalist-open-data.s3.amazonaws.com/photos/30000139/medium.jpg,5206,Red-shouldered Hawk,data/new_raw/images/855375a8-a892-4af3-9118-f1e117ec6318.jpg
a81b6c34-295d-4228-b963-67cb5ffda4ba,https://inaturalist-open-data.s3.amazonaws.com/photos/30001254/medium.jpg,6990,Common Goldeneye,data/new_raw/images/a81b6c34-295d-4228-b963-67cb5ffda4ba.jpg
536c7879-4e70-4155-9ae9-8da5ec1b2e0d,https://inaturalist-open-data.s3.amazonaws.com/photos/30001260/medium.jpg,46017,Eastern Gray Squirrel,data/new_raw/images/536c7879-4e70-4155-9ae9-8da5ec1b2e0d.jpg
fb0c4de7-65ce-4e8a-90fc-d45f1e6ebd10,https://inaturalist-open-data.s3.amazonaws.com/photos/30001263/medium.jpg,4981,Black-crowned Night Heron,data/new_raw/images/fb0c4de7-65ce-4e8a-90fc-d45f1e6ebd10.jpg
edd960dc-6578-4662-b6f5-d6e7f1df0523,https://inaturalist-open-data.s3.amazonaws.com/photos/30001268/medium.jpg,4981,Black-crowned Night Heron,data/new_raw/images/edd960dc-6578-4662-b6f5-d6e7f1df0523.jpg
39e612b3-4ecf-4789-b8e0-4d75ab07a10b,https://inaturalist-open-data.s3.amazonaws.com/photos/30002307/medium.jpg,7056,Redhead,data/new_raw/images/39e612b3-4ecf-4789-b8e0-4d75ab07a10b.jpg
62615b13-e0b2-4217-b92f-6a86094710b4,https://inaturalist-open-data.s3.amazonaws.com/photos/30002313/medium.jpg,7047,Greater Scaup,data/new_raw/images/62615b13-e0b2-4217-b92f-6a86094710b4.jpg
319a7d11-0e73-490f-a4a6-47bbbb6fa7b9,https://inaturalist-open-data.s3.amazonaws.com/photos/30002310/medium.jpg,6990,Common Goldeneye,data/new_raw/images/319a7d11-0e73-490f-a4a6-47bbbb6fa7b9.jpg
13fa66d6-083b-4fb9-a13f-59a833f6d7a1,https://inaturalist-open-data.s3.amazonaws.com/photos/30002317/medium.jpg,6993,Bufflehead,data/new_raw/images/13fa66d6-083b-4fb9-a13f-59a833f6d7a1.jpg
5865783a-36c9-4673-be73-6a8015cb444a,https://inaturalist-open-data.s3.amazonaws.com/photos/30040745/medium.jpg,122767,Feral Pigeon,data/new_raw/images/5865783a-36c9-4673-be73-6a8015cb444a.jpg
4be5987e-46d5-44e7-8a49-9fb8b1a5d431,https://inaturalist-open-data.s3.amazonaws.com/photos/30071193/medium.jpg,5097,Sharp-shinned Hawk,data/new_raw/images/4be5987e-46d5-44e7-8a49-9fb8b1a5d431.jpg
0455bbef-bedd-4351-9b03-efb7717b8357,https://static.inaturalist.org/photos/30095508/medium.jpg,1541538,Typical Hawks and Harriers,data/new_raw/images/0455bbef-bedd-4351-9b03-efb7717b8357.jpg
d03bd497-da8b-403d-b4cc-6b6207fca1e2,https://static.inaturalist.org/photos/30096193/medium.jpeg,46017,Eastern Gray Squirrel,data/new_raw/images/d03bd497-da8b-403d-b4cc-6b6207fca1e2.jpg
8616505d-d3a8-48b7-86cb-783be04deef7,https://static.inaturalist.org/photos/30096197/medium.jpeg,46017,Eastern Gray Squirrel,data/new_raw/images/8616505d-d3a8-48b7-86cb-783be04deef7.jpg
1f8c068c-01f5-40e5-938b-9e30261c6c0e,https://static.inaturalist.org/photos/30096200/medium.jpeg,46017,Eastern Gray Squirrel,data/new_raw/images/1f8c068c-01f5-40e5-938b-9e30261c6c0e.jpg
5014a768-3a60-44d1-b4fb-ddefe8424285,https://static.inaturalist.org/photos/30096261/medium.jpeg,118552,Domestic Cat,data/new_raw/images/5014a768-3a60-44d1-b4fb-ddefe8424285.jpg
8d204217-a2d8-4f00-aa75-cf7bb0c0b773,https://static.inaturalist.org/photos/30096267/medium.jpeg,118552,Domestic Cat,data/new_raw/images/8d204217-a2d8-4f00-aa75-cf7bb0c0b773.jpg
3f188100-5acb-424f-b3c9-5902135a9efa,https://static.inaturalist.org/photos/30098056/medium.jpeg,46017,Eastern Gray Squirrel,data/new_raw/images/3f188100-5acb-424f-b3c9-5902135a9efa.jpg
876d771f-914e-4358-8a36-eb0dd4ee945f,https://static.inaturalist.org/photos/30098095/medium.jpeg,118552,Domestic Cat,data/new_raw/images/876d771f-914e-4358-8a36-eb0dd4ee945f.jpg
cc64f84b-001d-4d92-933c-99f18390d81a,https://static.inaturalist.org/photos/30102118/medium.jpeg,43111,Eastern Cottontail,data/new_raw/images/cc64f84b-001d-4d92-933c-99f18390d81a.jpg
9937c3cb-85a5-4971-973a-f7e5af2df167,https://static.inaturalist.org/photos/30102149/medium.jpeg,43111,Eastern Cottontail,data/new_raw/images/9937c3cb-85a5-4971-973a-f7e5af2df167.jpg
209de82f-4e4e-4fe6-af4e-7b7ff9ff0fb5,https://static.inaturalist.org/photos/30102184/medium.jpeg,488924,Muroids,data/new_raw/images/209de82f-4e4e-4fe6-af4e-7b7ff9ff0fb5.jpg
76e0df77-d857-4ed6-8586-8f84fa6ed8af,https://static.inaturalist.org/photos/30102214/medium.jpeg,118552,Domestic Cat,data/new_raw/images/76e0df77-d857-4ed6-8586-8f84fa6ed8af.jpg
9763ad50-23b0-43c0-903f-93cb84fbf532,https://inaturalist-open-data.s3.amazonaws.com/photos/30128062/medium.jpg,18463,Yellow-bellied Sapsucker,data/new_raw/images/9763ad50-23b0-43c0-903f-93cb84fbf532.jpg
ed05116b-0bbb-43d1-82d6-a4871f389676,https://inaturalist-open-data.s3.amazonaws.com/photos/30159443/medium.jpeg,558433,Blue-winged Teal,data/new_raw/images/ed05116b-0bbb-43d1-82d6-a4871f389676.jpg
5c002eed-d529-4817-b325-3f9b6e631bf5,https://static.inaturalist.org/photos/30198056/medium.jpg,792988,Downy Woodpecker,data/new_raw/images/5c002eed-d529-4817-b325-3f9b6e631bf5.jpg
d1490f35-7fe2-4902-ba60-10db8717fcd8,https://static.inaturalist.org/photos/30199698/medium.jpg,144815,Black-capped Chickadee,data/new_raw/images/d1490f35-7fe2-4902-ba60-10db8717fcd8.jpg
10924824-b34a-4db2-a916-d0b1d98e4575,https://static.inaturalist.org/photos/30204693/medium.jpg,474210,American Tree Sparrow,data/new_raw/images/10924824-b34a-4db2-a916-d0b1d98e4575.jpg
b11453f3-f892-4a7d-8025-cac40a79c5a8,https://static.inaturalist.org/photos/30204708/medium.jpg,6921,Mute Swan,data/new_raw/images/b11453f3-f892-4a7d-8025-cac40a79c5a8.jpg
24b2f8f2-0e0d-42a6-a0bb-51cb2d36600f,https://static.inaturalist.org/photos/30204771/medium.jpg,14886,Northern Mockingbird,data/new_raw/images/24b2f8f2-0e0d-42a6-a0bb-51cb2d36600f.jpg
c59fb99b-7393-4a01-a07c-2f22db8a6ff9,https://static.inaturalist.org/photos/30204783/medium.jpg,42223,White-tailed Deer,data/new_raw/images/c59fb99b-7393-4a01-a07c-2f22db8a6ff9.jpg
53227c81-e67c-4aa0-83f5-a41d83831051,https://inaturalist-open-data.s3.amazonaws.com/photos/30227412/medium.jpeg,339341,Atlantic Brant,data/new_raw/images/53227c81-e67c-4aa0-83f5-a41d83831051.jpg
fdd21f72-b237-4e42-84c4-ce3d5b359acc,https://inaturalist-open-data.s3.amazonaws.com/photos/30244080/medium.jpg,42051,Coyote,data/new_raw/images/fdd21f72-b237-4e42-84c4-ce3d5b359acc.jpg
1255c37d-eea6-4f0f-aef9-8f9e92cec3c4,https://inaturalist-open-data.s3.amazonaws.com/photos/30245643/medium.jpg,5305,Bald Eagle,data/new_raw/images/1255c37d-eea6-4f0f-aef9-8f9e92cec3c4.jpg
96b5a458-0387-479e-8f10-56d15fea1dbb,https://inaturalist-open-data.s3.amazonaws.com/photos/30245644/medium.jpg,474210,American Tree Sparrow,data/new_raw/images/96b5a458-0387-479e-8f10-56d15fea1dbb.jpg
45a68170-8764-4867-8f82-d32ccdfb6039,https://inaturalist-open-data.s3.amazonaws.com/photos/30245646/medium.jpg,494355,Eastern Red-tailed Hawk,data/new_raw/images/45a68170-8764-4867-8f82-d32ccdfb6039.jpg
94046e69-4fc4-477f-b9b4-f9b1ba580d3d,https://inaturalist-open-data.s3.amazonaws.com/photos/30245650/medium.jpg,1579017,Cooper's Hawk,data/new_raw/images/94046e69-4fc4-477f-b9b4-f9b1ba580d3d.jpg
da0ad682-1caa-407f-aae0-9e0a4ac01b42,https://inaturalist-open-data.s3.amazonaws.com/photos/30246123/medium.jpg,5212,Red-tailed Hawk,data/new_raw/images/da0ad682-1caa-407f-aae0-9e0a4ac01b42.jpg
9941a723-1210-4e4d-9f4c-4f21e39ad6dd,https://inaturalist-open-data.s3.amazonaws.com/photos/30247017/medium.jpg,14850,European Starling,data/new_raw/images/9941a723-1210-4e4d-9f4c-4f21e39ad6dd.jpg
9f17d1f3-f4af-4207-bbc8-342a8b4af5cc,https://inaturalist-open-data.s3.amazonaws.com/photos/30247551/medium.jpg,4665,American Kestrel,data/new_raw/images/9f17d1f3-f4af-4207-bbc8-342a8b4af5cc.jpg
3ea57e90-b5a1-4c6e-80d9-0f39804a6e06,https://inaturalist-open-data.s3.amazonaws.com/photos/30255017/medium.jpg,10094,Dark-eyed Junco,data/new_raw/images/3ea57e90-b5a1-4c6e-80d9-0f39804a6e06.jpg
bb8d5776-ec0a-461b-8179-69dbb36bef41,https://inaturalist-open-data.s3.amazonaws.com/photos/30255213/medium.jpg,485176,American Wigeon,data/new_raw/images/bb8d5776-ec0a-461b-8179-69dbb36bef41.jpg
00ad48e0-d3c9-4ea5-9f9c-5d8c0f2c549c,https://inaturalist-open-data.s3.amazonaws.com/photos/30255235/medium.jpg,6996,Red-breasted Merganser,data/new_raw/images/00ad48e0-d3c9-4ea5-9f9c-5d8c0f2c549c.jpg
aac99bf1-2fd9-460a-a01b-636cd32b2fb0,https://inaturalist-open-data.s3.amazonaws.com/photos/30272465/medium.jpg,494355,Eastern Red-tailed Hawk,data/new_raw/images/aac99bf1-2fd9-460a-a01b-636cd32b2fb0.jpg
6be204ab-8e58-4492-b791-fed45ba43e54,https://inaturalist-open-data.s3.amazonaws.com/photos/30273093/medium.jpg,6990,Common Goldeneye,data/new_raw/images/6be204ab-8e58-4492-b791-fed45ba43e54.jpg
89958261-7a55-4016-8118-963ed02ffd12,https://inaturalist-open-data.s3.amazonaws.com/photos/30274496/medium.jpg,59220,Cackling Goose,data/new_raw/images/89958261-7a55-4016-8118-963ed02ffd12.jpg
d6238f7f-949a-48cd-8f7c-2d5cd672512b,https://inaturalist-open-data.s3.amazonaws.com/photos/30274499/medium.jpg,7089,Canada Goose,data/new_raw/images/d6238f7f-949a-48cd-8f7c-2d5cd672512b.jpg
d4f603e2-c8d8-45a7-bf09-97095716d6bd,https://inaturalist-open-data.s3.amazonaws.com/photos/30274504/medium.jpg,7019,Greater White-fronted Goose,data/new_raw/images/d4f603e2-c8d8-45a7-bf09-97095716d6bd.jpg
38c800a6-a3b1-4e12-b51c-b8bc2f9883c5,https://inaturalist-open-data.s3.amazonaws.com/photos/30274509/medium.jpg,7089,Canada Goose,data/new_raw/images/38c800a6-a3b1-4e12-b51c-b8bc2f9883c5.jpg
4bba949f-3b55-4408-8d74-b5f57ba695d7,https://inaturalist-open-data.s3.amazonaws.com/photos/30275768/medium.jpg,19349,Monk Parakeet,data/new_raw/images/4bba949f-3b55-4408-8d74-b5f57ba695d7.jpg
e32c6256-7d7b-497d-9980-9b88f274ea91,https://inaturalist-open-data.s3.amazonaws.com/photos/30276155/medium.jpg,4665,American Kestrel,data/new_raw/images/e32c6256-7d7b-497d-9980-9b88f274ea91.jpg
b9b6ce00-b303-47b5-86e5-1198e691f25b,https://inaturalist-open-data.s3.amazonaws.com/photos/30292093/medium.jpg,494355,Eastern Red-tailed Hawk,data/new_raw/images/b9b6ce00-b303-47b5-86e5-1198e691f25b.jpg
42cdff94-004f-4804-83d1-4e4413cc5b4d,https://inaturalist-open-data.s3.amazonaws.com/photos/30293084/medium.jpg,7056,Redhead,data/new_raw/images/42cdff94-004f-4804-83d1-4e4413cc5b4d.jpg
458c2598-9bb5-4af5-9187-3470013e4b27,https://inaturalist-open-data.s3.amazonaws.com/photos/30293086/medium.jpg,7057,Canvasback,data/new_raw/images/458c2598-9bb5-4af5-9187-3470013e4b27.jpg
a2249626-42e0-444b-8442-268c5e85f7be,https://inaturalist-open-data.s3.amazonaws.com/photos/30293088/medium.jpg,6921,Mute Swan,data/new_raw/images/a2249626-42e0-444b-8442-268c5e85f7be.jpg
73889990-d0c2-4c78-a305-3a6058fd12c9,https://inaturalist-open-data.s3.amazonaws.com/photos/30293090/medium.jpg,6921,Mute Swan,data/new_raw/images/73889990-d0c2-4c78-a305-3a6058fd12c9.jpg
65c6fead-c0a1-494e-a1f0-c6608bb8d9b5,https://inaturalist-open-data.s3.amazonaws.com/photos/30293092/medium.jpg,6996,Red-breasted Merganser,data/new_raw/images/65c6fead-c0a1-494e-a1f0-c6608bb8d9b5.jpg
8e1564e2-3021-4aed-a5c6-7f2c351c31e0,https://inaturalist-open-data.s3.amazonaws.com/photos/30293095/medium.jpg,5305,Bald Eagle,data/new_raw/images/8e1564e2-3021-4aed-a5c6-7f2c351c31e0.jpg
23382c47-73ca-4f5a-97d2-2966737a82c5,https://inaturalist-open-data.s3.amazonaws.com/photos/30293891/medium.jpg,3454,Mourning Dove,data/new_raw/images/23382c47-73ca-4f5a-97d2-2966737a82c5.jpg
4e173003-3a33-4a0f-9b23-e7f272f50e90,https://inaturalist-open-data.s3.amazonaws.com/photos/30293896/medium.jpg,132764,Slate-colored Junco,data/new_raw/images/4e173003-3a33-4a0f-9b23-e7f272f50e90.jpg
06a77dfc-7b28-4a79-9026-2117e634c3a1,https://inaturalist-open-data.s3.amazonaws.com/photos/30293898/medium.jpg,474210,American Tree Sparrow,data/new_raw/images/06a77dfc-7b28-4a79-9026-2117e634c3a1.jpg
2951d7b2-4625-4bc3-a29e-8aaec8299ff0,https://inaturalist-open-data.s3.amazonaws.com/photos/30294538/medium.jpg,494355,Eastern Red-tailed Hawk,data/new_raw/images/2951d7b2-4625-4bc3-a29e-8aaec8299ff0.jpg
aa8d7480-9544-4a5a-a2df-e010a29ee316,https://inaturalist-open-data.s3.amazonaws.com/photos/30294885/medium.jpg,494355,Eastern Red-tailed Hawk,data/new_raw/images/aa8d7480-9544-4a5a-a2df-e010a29ee316.jpg
56854244-0945-4162-84ea-56aff4e9d34a,https://inaturalist-open-data.s3.amazonaws.com/photos/30295184/medium.jpg,2548,Belted Kingfisher,data/new_raw/images/56854244-0945-4162-84ea-56aff4e9d34a.jpg
eb55a2ff-9b16-455e-b63a-3d6342677e0c,https://inaturalist-open-data.s3.amazonaws.com/photos/30296063/medium.jpg,7089,Canada Goose,data/new_raw/images/eb55a2ff-9b16-455e-b63a-3d6342677e0c.jpg
680c912d-9674-4a55-bb04-8b177f809b07,https://inaturalist-open-data.s3.amazonaws.com/photos/30303336/medium.jpg,6990,Common Goldeneye,data/new_raw/images/680c912d-9674-4a55-bb04-8b177f809b07.jpg
102876db-2876-441c-a218-ca6729947ebc,https://inaturalist-open-data.s3.amazonaws.com/photos/30303339/medium.jpg,7056,Redhead,data/new_raw/images/102876db-2876-441c-a218-ca6729947ebc.jpg
038d2613-81a9-4903-a542-372ba414f044,https://inaturalist-open-data.s3.amazonaws.com/photos/30303369/medium.jpg,7047,Greater Scaup,data/new_raw/images/038d2613-81a9-4903-a542-372ba414f044.jpg
32198740-a0cc-4a94-a5ac-504181f2e18b,https://inaturalist-open-data.s3.amazonaws.com/photos/30304001/medium.jpg,43111,Eastern Cottontail,data/new_raw/images/32198740-a0cc-4a94-a5ac-504181f2e18b.jpg
615f78ea-5e44-4781-ac3e-886a2f7fd3a0,https://inaturalist-open-data.s3.amazonaws.com/photos/30318947/medium.jpeg,6921,Mute Swan,data/new_raw/images/615f78ea-5e44-4781-ac3e-886a2f7fd3a0.jpg
a1607b6a-7d28-4277-8794-625ef8c6ec79,https://inaturalist-open-data.s3.amazonaws.com/photos/30319220/medium.jpeg,6915,Trumpeter Swan,data/new_raw/images/a1607b6a-7d28-4277-8794-625ef8c6ec79.jpg
eb00884e-ca50-42e2-a364-60d51ea30819,https://static.inaturalist.org/photos/30340976/medium.jpg,13858,House Sparrow,data/new_raw/images/eb00884e-ca50-42e2-a364-60d51ea30819.jpg
d32ecacb-0630-46f4-9f79-82c5bdf27559,https://inaturalist-open-data.s3.amazonaws.com/photos/30372163/medium.jpg,43794,American Beaver,data/new_raw/images/d32ecacb-0630-46f4-9f79-82c5bdf27559.jpg
1494572a-f5de-42ae-953a-bedaaedd69f2,https://inaturalist-open-data.s3.amazonaws.com/photos/30382899/medium.jpg,43584,Human,data/new_raw/images/1494572a-f5de-42ae-953a-bedaaedd69f2.jpg
18121ffd-d7b5-4c54-94bf-0f220a412a6d,https://inaturalist-open-data.s3.amazonaws.com/photos/30402620/medium.jpg,1505663,Snowy Plover,data/new_raw/images/18121ffd-d7b5-4c54-94bf-0f220a412a6d.jpg
d5d264bb-cbd6-41eb-b4be-2b4172398ea2,https://static.inaturalist.org/photos/30406409/medium.jpg,9083,Northern Cardinal,data/new_raw/images/d5d264bb-cbd6-41eb-b4be-2b4172398ea2.jpg
a162bfab-d564-497d-b953-23f6ff559daf,https://static.inaturalist.org/photos/30410980/medium.jpg,1579017,Cooper's Hawk,data/new_raw/images/a162bfab-d564-497d-b953-23f6ff559daf.jpg
91f4b14a-bcc7-41e9-b09e-0725a6812409,https://inaturalist-open-data.s3.amazonaws.com/photos/30416507/medium.jpeg,9083,Northern Cardinal,data/new_raw/images/91f4b14a-bcc7-41e9-b09e-0725a6812409.jpg
82e25ff9-912d-45a1-b332-66d99cfbca9c,https://inaturalist-open-data.s3.amazonaws.com/photos/30420399/medium.jpeg,10247,American Redstart,data/new_raw/images/82e25ff9-912d-45a1-b332-66d99cfbca9c.jpg
3db6b273-629f-4130-8a96-c17da56ffe80,https://inaturalist-open-data.s3.amazonaws.com/photos/30421179/medium.jpeg,145242,Palm Warbler,data/new_raw/images/3db6b273-629f-4130-8a96-c17da56ffe80.jpg
fbc87119-7833-4166-ad50-17a3bd78c374,https://inaturalist-open-data.s3.amazonaws.com/photos/30421181/medium.jpeg,3869,Short-billed Dowitcher,data/new_raw/images/fbc87119-7833-4166-ad50-17a3bd78c374.jpg
b46213a8-245c-4c1e-89f9-b5a63da8a45d,https://inaturalist-open-data.s3.amazonaws.com/photos/30421193/medium.jpeg,145276,Wilson's Warbler,data/new_raw/images/b46213a8-245c-4c1e-89f9-b5a63da8a45d.jpg
beb446c7-8cc1-4dbd-8682-c728f292d602,https://inaturalist-open-data.s3.amazonaws.com/photos/30421203/medium.jpeg,145237,Blackburnian Warbler,data/new_raw/images/beb446c7-8cc1-4dbd-8682-c728f292d602.jpg
abf60ffc-a76d-4b06-8691-b38308590c8d,https://inaturalist-open-data.s3.amazonaws.com/photos/30421212/medium.jpeg,9083,Northern Cardinal,data/new_raw/images/abf60ffc-a76d-4b06-8691-b38308590c8d.jpg
28afbcf8-34c0-42c2-9022-22af8093910d,https://inaturalist-open-data.s3.amazonaws.com/photos/30429627/medium.jpg,4798,Piping Plover,data/new_raw/images/28afbcf8-34c0-42c2-9022-22af8093910d.jpg
7fae96c2-b978-4e62-bd0d-6e798df87e72,https://inaturalist-open-data.s3.amazonaws.com/photos/30453566/medium.jpg,199840,House Finch,data/new_raw/images/7fae96c2-b978-4e62-bd0d-6e798df87e72.jpg
7ea96637-9150-4018-a469-f04c02b5ff10,https://inaturalist-open-data.s3.amazonaws.com/photos/30453582/medium.jpg,12727,American Robin,data/new_raw/images/7ea96637-9150-4018-a469-f04c02b5ff10.jpg
13c455bd-2d2f-42ea-a285-51536179777b,https://inaturalist-open-data.s3.amazonaws.com/photos/30453906/medium.jpg,1579017,Cooper's Hawk,data/new_raw/images/13c455bd-2d2f-42ea-a285-51536179777b.jpg
815c0fc4-3edc-4aca-b3a4-7bd10347f7b9,https://inaturalist-open-data.s3.amazonaws.com/photos/30453928/medium.jpg,7004,Common Merganser,data/new_raw/images/815c0fc4-3edc-4aca-b3a4-7bd10347f7b9.jpg
9332741d-a42c-4b94-a80c-ab5c495d4dee,https://inaturalist-open-data.s3.amazonaws.com/photos/30489543/medium.jpeg,4364,Ring-billed Gull,data/new_raw/images/9332741d-a42c-4b94-a80c-ab5c495d4dee.jpg
d837a4d8-aeb0-4d37-aed1-92775b0074c8,https://inaturalist-open-data.s3.amazonaws.com/photos/30489553/medium.jpeg,4364,Ring-billed Gull,data/new_raw/images/d837a4d8-aeb0-4d37-aed1-92775b0074c8.jpg
54eb1717-8edf-4595-8b95-1d707f0b30cf,https://inaturalist-open-data.s3.amazonaws.com/photos/30507613/medium.jpg,10094,Dark-eyed Junco,data/new_raw/images/54eb1717-8edf-4595-8b95-1d707f0b30cf.jpg
f5fe3baa-5f62-476b-8cec-dcaf439995aa,https://inaturalist-open-data.s3.amazonaws.com/photos/30507728/medium.jpeg,9083,Northern Cardinal,data/new_raw/images/f5fe3baa-5f62-476b-8cec-dcaf439995aa.jpg
7fd03a20-23bb-4d5d-b837-b6117743e393,https://inaturalist-open-data.s3.amazonaws.com/photos/30507820/medium.jpg,474210,American Tree Sparrow,data/new_raw/images/7fd03a20-23bb-4d5d-b837-b6117743e393.jpg
0f7cef5b-2ec1-4456-9520-091985fe0a9d,https://inaturalist-open-data.s3.amazonaws.com/photos/30507908/medium.jpeg,9083,Northern Cardinal,data/new_raw/images/0f7cef5b-2ec1-4456-9520-091985fe0a9d.jpg
fbb78bba-2647-475c-8b3a-1a58fc65e825,https://inaturalist-open-data.s3.amazonaws.com/photos/30557401/medium.jpg,42051,Coyote,data/new_raw/images/fbb78bba-2647-475c-8b3a-1a58fc65e825.jpg
123d849b-c9cb-4b0c-9577-0e80857de454,https://inaturalist-open-data.s3.amazonaws.com/photos/30562351/medium.jpg,41663,Common Raccoon,data/new_raw/images/123d849b-c9cb-4b0c-9577-0e80857de454.jpg
5a3bbf23-87a9-44df-9caa-57671576e880,https://inaturalist-open-data.s3.amazonaws.com/photos/30561497/medium.jpg,12727,American Robin,data/new_raw/images/5a3bbf23-87a9-44df-9caa-57671576e880.jpg
4a99542d-0012-4acf-8fc8-b903dfeb3bf9,https://inaturalist-open-data.s3.amazonaws.com/photos/30579362/medium.jpg,6996,Red-breasted Merganser,data/new_raw/images/4a99542d-0012-4acf-8fc8-b903dfeb3bf9.jpg
bca00608-7deb-4824-b700-96b7df53a026,https://inaturalist-open-data.s3.amazonaws.com/photos/30579366/medium.jpg,7089,Canada Goose,data/new_raw/images/bca00608-7deb-4824-b700-96b7df53a026.jpg
84c8202b-ce7a-4d38-83d8-1f1a4ce3e8a1,https://inaturalist-open-data.s3.amazonaws.com/photos/30579786/medium.jpg,7056,Redhead,data/new_raw/images/84c8202b-ce7a-4d38-83d8-1f1a4ce3e8a1.jpg
607bf7b5-6519-4866-85e3-128c617b73f9,https://inaturalist-open-data.s3.amazonaws.com/photos/30579791/medium.jpg,6993,Bufflehead,data/new_raw/images/607bf7b5-6519-4866-85e3-128c617b73f9.jpg
fdab9ccf-f3b0-4795-bf5a-7a9285e3776b,https://inaturalist-open-data.s3.amazonaws.com/photos/30579797/medium.jpg,1578489,American Herring Gull,data/new_raw/images/fdab9ccf-f3b0-4795-bf5a-7a9285e3776b.jpg
ada29b5d-d393-42b3-a193-09bba3d321ab,https://inaturalist-open-data.s3.amazonaws.com/photos/30579800/medium.jpg,7089,Canada Goose,data/new_raw/images/ada29b5d-d393-42b3-a193-09bba3d321ab.jpg
8ef50d07-92ca-4998-870a-7568f26b38cb,https://inaturalist-open-data.s3.amazonaws.com/photos/30579804/medium.jpg,473,American Coot,data/new_raw/images/8ef50d07-92ca-4998-870a-7568f26b38cb.jpg
f5fe4b9e-ccd3-48ed-be8c-cf811d3df275,https://inaturalist-open-data.s3.amazonaws.com/photos/30579801/medium.jpg,7004,Common Merganser,data/new_raw/images/f5fe4b9e-ccd3-48ed-be8c-cf811d3df275.jpg
900cde1c-0da6-494e-9876-b1b780cea9ec,https://inaturalist-open-data.s3.amazonaws.com/photos/30581345/medium.jpg,6930,Mallard,data/new_raw/images/900cde1c-0da6-494e-9876-b1b780cea9ec.jpg
3831474b-d24f-4b2d-86ac-a6b71da13862,https://inaturalist-open-data.s3.amazonaws.com/photos/30581346/medium.jpg,7004,Common Merganser,data/new_raw/images/3831474b-d24f-4b2d-86ac-a6b71da13862.jpg
2c4d8a9f-ed70-4b0e-90ea-e1d7703a8b77,https://inaturalist-open-data.s3.amazonaws.com/photos/30581351/medium.jpg,7004,Common Merganser,data/new_raw/images/2c4d8a9f-ed70-4b0e-90ea-e1d7703a8b77.jpg
44246216-f5e0-404d-a5de-efa80e408898,https://inaturalist-open-data.s3.amazonaws.com/photos/30581355/medium.jpg,4981,Black-crowned Night Heron,data/new_raw/images/44246216-f5e0-404d-a5de-efa80e408898.jpg
ac80ccd1-c7f7-4db7-92fa-e350d424a1fa,https://inaturalist-open-data.s3.amazonaws.com/photos/30581367/medium.jpg,6990,Common Goldeneye,data/new_raw/images/ac80ccd1-c7f7-4db7-92fa-e350d424a1fa.jpg
fba02b01-686f-4788-af1d-278c9c58a9fb,https://inaturalist-open-data.s3.amazonaws.com/photos/30581361/medium.jpg,1578489,American Herring Gull,data/new_raw/images/fba02b01-686f-4788-af1d-278c9c58a9fb.jpg
1bc4a0e9-a7ce-40a5-97e5-0b99bc57632c,https://inaturalist-open-data.s3.amazonaws.com/photos/30581371/medium.jpg,7004,Common Merganser,data/new_raw/images/1bc4a0e9-a7ce-40a5-97e5-0b99bc57632c.jpg
0e316638-4494-4efa-b483-eb6c7bce5ece,https://inaturalist-open-data.s3.amazonaws.com/photos/30581373/medium.jpg,7004,Common Merganser,data/new_raw/images/0e316638-4494-4efa-b483-eb6c7bce5ece.jpg
8cea4fb0-de8d-4db5-a25b-5009778a75ae,https://inaturalist-open-data.s3.amazonaws.com/photos/30581700/medium.jpg,6996,Red-breasted Merganser,data/new_raw/images/8cea4fb0-de8d-4db5-a25b-5009778a75ae.jpg
b9c4dd95-5b3a-41a1-8bb8-43847ea13074,https://inaturalist-open-data.s3.amazonaws.com/photos/30581703/medium.jpg,6996,Red-breasted Merganser,data/new_raw/images/b9c4dd95-5b3a-41a1-8bb8-43847ea13074.jpg
6a82af03-c763-4931-95a6-1a2fbdce60a7,https://inaturalist-open-data.s3.amazonaws.com/photos/30581966/medium.jpg,9096,Swamp Sparrow,data/new_raw/images/6a82af03-c763-4931-95a6-1a2fbdce60a7.jpg
2f86b022-5207-40ae-9b94-35ab0b413c35,https://inaturalist-open-data.s3.amazonaws.com/photos/30582496/medium.jpg,6990,Common Goldeneye,data/new_raw/images/2f86b022-5207-40ae-9b94-35ab0b413c35.jpg
0aae252b-2ab6-44b0-b401-a9b50f0225ee,https://inaturalist-open-data.s3.amazonaws.com/photos/30582497/medium.jpg,7004,Common Merganser,data/new_raw/images/0aae252b-2ab6-44b0-b401-a9b50f0225ee.jpg
811167fc-73c1-4652-a392-25880fabf162,https://inaturalist-open-data.s3.amazonaws.com/photos/30582499/medium.jpg,6993,Bufflehead,data/new_raw/images/811167fc-73c1-4652-a392-25880fabf162.jpg
46ffc55a-7ac0-4485-bd36-39fec1ebef89,https://inaturalist-open-data.s3.amazonaws.com/photos/30582503/medium.jpg,6990,Common Goldeneye,data/new_raw/images/46ffc55a-7ac0-4485-bd36-39fec1ebef89.jpg
d42d7fb8-737d-4133-8f28-6080cb6c0d54,https://inaturalist-open-data.s3.amazonaws.com/photos/30582506/medium.jpg,7056,Redhead,data/new_raw/images/d42d7fb8-737d-4133-8f28-6080cb6c0d54.jpg
4f6ae5b4-0cbe-4426-aedc-31dca4c1ef31,https://inaturalist-open-data.s3.amazonaws.com/photos/30582507/medium.jpg,1578489,American Herring Gull,data/new_raw/images/4f6ae5b4-0cbe-4426-aedc-31dca4c1ef31.jpg
591df2a8-314a-40ca-834b-4535a453d27d,https://inaturalist-open-data.s3.amazonaws.com/photos/30583145/medium.jpg,6990,Common Goldeneye,data/new_raw/images/591df2a8-314a-40ca-834b-4535a453d27d.jpg
c54220d8-bec9-401b-96d6-30b3d59fdf85,https://inaturalist-open-data.s3.amazonaws.com/photos/30583348/medium.jpg,144594,Snowy Owl,data/new_raw/images/c54220d8-bec9-401b-96d6-30b3d59fdf85.jpg
dd5e540c-452b-4bbe-b2fe-c16b048ab48b,https://inaturalist-open-data.s3.amazonaws.com/photos/30594132/medium.jpeg,5212,Red-tailed Hawk,data/new_raw/images/dd5e540c-452b-4bbe-b2fe-c16b048ab48b.jpg
f2b404fa-efab-4644-b639-94d61a4c1c54,https://inaturalist-open-data.s3.amazonaws.com/photos/30629482/medium.jpeg,1579017,Cooper's Hawk,data/new_raw/images/f2b404fa-efab-4644-b639-94d61a4c1c54.jpg
a7a559d4-64d1-4ccd-9592-0d4a67a14ff9,https://inaturalist-open-data.s3.amazonaws.com/photos/30630932/medium.jpg,132764,Slate-colored Junco,data/new_raw/images/a7a559d4-64d1-4ccd-9592-0d4a67a14ff9.jpg
394ad609-1019-465e-a003-b845b4d6166d,https://inaturalist-open-data.s3.amazonaws.com/photos/30634588/medium.jpg,12727,American Robin,data/new_raw/images/394ad609-1019-465e-a003-b845b4d6166d.jpg
ea623cfb-367b-4ced-a921-e4d56687ef87,https://inaturalist-open-data.s3.amazonaws.com/photos/30634592/medium.jpg,792990,Hairy Woodpecker,data/new_raw/images/ea623cfb-367b-4ced-a921-e4d56687ef87.jpg
86337343-1c57-43c1-b233-f8f626897bc4,https://inaturalist-open-data.s3.amazonaws.com/photos/30634594/medium.jpg,3454,Mourning Dove,data/new_raw/images/86337343-1c57-43c1-b233-f8f626897bc4.jpg
73e8cd9e-954c-4416-804b-f40342ce6e7e,https://inaturalist-open-data.s3.amazonaws.com/photos/30634597/medium.jpg,42223,White-tailed Deer,data/new_raw/images/73e8cd9e-954c-4416-804b-f40342ce6e7e.jpg
c6a216c1-44df-4694-aa2a-85b3e2d24fd0,https://inaturalist-open-data.s3.amazonaws.com/photos/30634598/medium.jpg,8229,Blue Jay,data/new_raw/images/c6a216c1-44df-4694-aa2a-85b3e2d24fd0.jpg
ca170d9c-3c81-48f0-96b9-1994b33f316e,https://static.inaturalist.org/photos/30638869/medium.jpg,850859,Ruddy Duck,data/new_raw/images/ca170d9c-3c81-48f0-96b9-1994b33f316e.jpg
211c857f-40ce-4f11-81a4-351d147fb239,https://inaturalist-open-data.s3.amazonaws.com/photos/30646672/medium.jpg,6990,Common Goldeneye,data/new_raw/images/211c857f-40ce-4f11-81a4-351d147fb239.jpg
4cc0bf63-aee4-484f-a9ec-317094c11059,https://inaturalist-open-data.s3.amazonaws.com/photos/30646674/medium.jpg,6930,Mallard,data/new_raw/images/4cc0bf63-aee4-484f-a9ec-317094c11059.jpg
82f4751f-bee2-432b-998f-5d975e5656b8,https://inaturalist-open-data.s3.amazonaws.com/photos/30648310/medium.jpg,1578489,American Herring Gull,data/new_raw/images/82f4751f-bee2-432b-998f-5d975e5656b8.jpg
94e9d700-361b-4d8e-8e2f-d5d7a9c0ff0e,https://inaturalist-open-data.s3.amazonaws.com/photos/30648313/medium.jpg,46017,Eastern Gray Squirrel,data/new_raw/images/94e9d700-361b-4d8e-8e2f-d5d7a9c0ff0e.jpg
798d86c8-5648-4830-9bd6-60fbc3b574eb,https://inaturalist-open-data.s3.amazonaws.com/photos/30649023/medium.jpg,4665,American Kestrel,data/new_raw/images/798d86c8-5648-4830-9bd6-60fbc3b574eb.jpg
cca122ea-4f60-489e-bb4b-6c2cfa5b18c1,https://inaturalist-open-data.s3.amazonaws.com/photos/30649025/medium.jpg,6990,Common Goldeneye,data/new_raw/images/cca122ea-4f60-489e-bb4b-6c2cfa5b18c1.jpg
b9279762-f097-4e73-9134-ef02b1a071f6,https://inaturalist-open-data.s3.amazonaws.com/photos/30649334/medium.jpg,8021,American Crow,data/new_raw/images/b9279762-f097-4e73-9134-ef02b1a071f6.jpg
6fb0328b-a026-49aa-a42c-94564936e40b,https://inaturalist-open-data.s3.amazonaws.com/photos/30668589/medium.jpg,5305,Bald Eagle,data/new_raw/images/6fb0328b-a026-49aa-a42c-94564936e40b.jpg
be6c9458-15ae-4979-8698-1c320939060a,https://inaturalist-open-data.s3.amazonaws.com/photos/30687859/medium.jpg,19765,Eastern Screech-Owl,data/new_raw/images/be6c9458-15ae-4979-8698-1c320939060a.jpg
5c1915f5-d2d9-4438-a545-b88aca600e27,https://inaturalist-open-data.s3.amazonaws.com/photos/30688885/medium.jpg,1579017,Cooper's Hawk,data/new_raw/images/5c1915f5-d2d9-4438-a545-b88aca600e27.jpg
4cc1ead7-1877-4744-8fc9-2edb5d2344f2,https://static.inaturalist.org/photos/30716689/medium.jpg,474210,American Tree Sparrow,data/new_raw/images/4cc1ead7-1877-4744-8fc9-2edb5d2344f2.jpg
1c5d6264-59d3-4a60-97fa-c8679e990769,https://static.inaturalist.org/photos/30716795/medium.jpg,7109,Hooded Merganser,data/new_raw/images/1c5d6264-59d3-4a60-97fa-c8679e990769.jpg
fdb918f7-779d-4a32-be2b-7aec2f0f2548,https://static.inaturalist.org/photos/30716839/medium.jpg,12727,American Robin,data/new_raw/images/fdb918f7-779d-4a32-be2b-7aec2f0f2548.jpg
a8dc3f1a-f8bd-4987-8d8f-e00d83186ff0,https://static.inaturalist.org/photos/30716875/medium.jpg,6990,Common Goldeneye,data/new_raw/images/a8dc3f1a-f8bd-4987-8d8f-e00d83186ff0.jpg
68d287f5-ec94-4ef0-86be-e7581fd76041,https://inaturalist-open-data.s3.amazonaws.com/photos/30740502/medium.jpeg,474210,American Tree Sparrow,data/new_raw/images/68d287f5-ec94-4ef0-86be-e7581fd76041.jpg
4b9a7c40-a260-470e-93ad-05546dad7e87,https://inaturalist-open-data.s3.amazonaws.com/photos/30740521/medium.jpeg,10094,Dark-eyed Junco,data/new_raw/images/4b9a7c40-a260-470e-93ad-05546dad7e87.jpg
662fec00-4b57-4ef9-97b6-622990ff8139,https://inaturalist-open-data.s3.amazonaws.com/photos/30740538/medium.jpeg,792988,Downy Woodpecker,data/new_raw/images/662fec00-4b57-4ef9-97b6-622990ff8139.jpg
29efc584-5572-4564-beed-99acc5d8db8a,https://inaturalist-open-data.s3.amazonaws.com/photos/30740551/medium.jpeg,144815,Black-capped Chickadee,data/new_raw/images/29efc584-5572-4564-beed-99acc5d8db8a.jpg
74370dc1-0cc8-4917-a12b-754de13f94a3,https://inaturalist-open-data.s3.amazonaws.com/photos/30745782/medium.jpg,792990,Hairy Woodpecker,data/new_raw/images/74370dc1-0cc8-4917-a12b-754de13f94a3.jpg
31d97e8f-f085-4f7d-97c1-9dcb971d6b4e,https://inaturalist-open-data.s3.amazonaws.com/photos/30767514/medium.jpg,42223,White-tailed Deer,data/new_raw/images/31d97e8f-f085-4f7d-97c1-9dcb971d6b4e.jpg
d8009ec9-68c5-47f7-8910-8b5427cb3785,https://inaturalist-open-data.s3.amazonaws.com/photos/30767517/medium.jpg,6930,Mallard,data/new_raw/images/d8009ec9-68c5-47f7-8910-8b5427cb3785.jpg
f0b99607-6eca-4f57-8ad4-49c6d3ce7b18,https://inaturalist-open-data.s3.amazonaws.com/photos/30767520/medium.jpg,792988,Downy Woodpecker,data/new_raw/images/f0b99607-6eca-4f57-8ad4-49c6d3ce7b18.jpg
3884aed0-6e1c-437b-a437-e68e78dd1be2,https://inaturalist-open-data.s3.amazonaws.com/photos/30767525/medium.jpg,46017,Eastern Gray Squirrel,data/new_raw/images/3884aed0-6e1c-437b-a437-e68e78dd1be2.jpg
4f731f4e-45db-4039-a87a-612bc57913fb,https://inaturalist-open-data.s3.amazonaws.com/photos/30772856/medium.jpg,46017,Eastern Gray Squirrel,data/new_raw/images/4f731f4e-45db-4039-a87a-612bc57913fb.jpg
9bc0b079-e1ab-4370-a467-df256d218756,https://inaturalist-open-data.s3.amazonaws.com/photos/30772961/medium.jpg,12727,American Robin,data/new_raw/images/9bc0b079-e1ab-4370-a467-df256d218756.jpg
0b4ec73e-43c2-418e-8d26-1106210e6173,https://inaturalist-open-data.s3.amazonaws.com/photos/30772962/medium.jpg,12727,American Robin,data/new_raw/images/0b4ec73e-43c2-418e-8d26-1106210e6173.jpg
5b004496-7f24-4695-ab7a-355df81f27c7,https://inaturalist-open-data.s3.amazonaws.com/photos/30772965/medium.jpg,46017,Eastern Gray Squirrel,data/new_raw/images/5b004496-7f24-4695-ab7a-355df81f27c7.jpg
40ab3ebf-c23c-4290-9644-5f4173e47ed8,https://inaturalist-open-data.s3.amazonaws.com/photos/30799512/medium.jpg,7004,Common Merganser,data/new_raw/images/40ab3ebf-c23c-4290-9644-5f4173e47ed8.jpg
deb03bba-cdd0-484d-8877-43938351adf2,https://inaturalist-open-data.s3.amazonaws.com/photos/30799516/medium.jpg,7004,Common Merganser,data/new_raw/images/deb03bba-cdd0-484d-8877-43938351adf2.jpg
9dc2ebe5-51f4-49d5-bc06-96386f385c6d,https://inaturalist-open-data.s3.amazonaws.com/photos/30799523/medium.jpg,6990,Common Goldeneye,data/new_raw/images/9dc2ebe5-51f4-49d5-bc06-96386f385c6d.jpg
a5cc01fd-3e1b-464a-b2c4-965f6f117ca0,https://inaturalist-open-data.s3.amazonaws.com/photos/30799525/medium.jpg,6996,Red-breasted Merganser,data/new_raw/images/a5cc01fd-3e1b-464a-b2c4-965f6f117ca0.jpg
75c72924-1838-415a-b836-0600c4aec9bc,https://inaturalist-open-data.s3.amazonaws.com/photos/30799543/medium.jpg,1578489,American Herring Gull,data/new_raw/images/75c72924-1838-415a-b836-0600c4aec9bc.jpg
b92ce77f-f81c-4617-a3fd-65a662fda743,https://inaturalist-open-data.s3.amazonaws.com/photos/30799533/medium.jpg,6996,Red-breasted Merganser,data/new_raw/images/b92ce77f-f81c-4617-a3fd-65a662fda743.jpg
85327599-6c8c-43ab-b75d-006636b99615,https://inaturalist-open-data.s3.amazonaws.com/photos/30799551/medium.jpg,4981,Black-crowned Night Heron,data/new_raw/images/85327599-6c8c-43ab-b75d-006636b99615.jpg
40b0dadf-6885-4a16-9e2a-482bf01a00ec,https://inaturalist-open-data.s3.amazonaws.com/photos/30799555/medium.jpg,5212,Red-tailed Hawk,data/new_raw/images/40b0dadf-6885-4a16-9e2a-482bf01a00ec.jpg
8ddfb0a4-8e4f-4f6a-9156-d495e76aa872,https://inaturalist-open-data.s3.amazonaws.com/photos/30801356/medium.jpg,6990,Common Goldeneye,data/new_raw/images/8ddfb0a4-8e4f-4f6a-9156-d495e76aa872.jpg
aaaaff91-97b7-48a7-9a06-69ac23c15625,https://inaturalist-open-data.s3.amazonaws.com/photos/30801361/medium.jpg,6921,Mute Swan,data/new_raw/images/aaaaff91-97b7-48a7-9a06-69ac23c15625.jpg
dff0beab-a6be-409c-9f3f-3d29b1d6c294,https://inaturalist-open-data.s3.amazonaws.com/photos/30801365/medium.jpg,5305,Bald Eagle,data/new_raw/images/dff0beab-a6be-409c-9f3f-3d29b1d6c294.jpg
f22560bb-7803-42a9-ac7a-6b1313b0e21b,https://inaturalist-open-data.s3.amazonaws.com/photos/30801370/medium.jpg,7056,Redhead,data/new_raw/images/f22560bb-7803-42a9-ac7a-6b1313b0e21b.jpg
b044e496-26de-40f1-beb6-7d51e353d25e,https://inaturalist-open-data.s3.amazonaws.com/photos/30801371/medium.jpg,4364,Ring-billed Gull,data/new_raw/images/b044e496-26de-40f1-beb6-7d51e353d25e.jpg
e9b8f303-9059-41b1-adc7-3a36117a9a60,https://inaturalist-open-data.s3.amazonaws.com/photos/30801373/medium.jpg,6993,Bufflehead,data/new_raw/images/e9b8f303-9059-41b1-adc7-3a36117a9a60.jpg
d8ff078e-c167-4c3b-bb01-d3f0041e2957,https://inaturalist-open-data.s3.amazonaws.com/photos/30804112/medium.jpg,9083,Northern Cardinal,data/new_raw/images/d8ff078e-c167-4c3b-bb01-d3f0041e2957.jpg
785efe6e-af29-4397-b189-caa75562cb1d,https://inaturalist-open-data.s3.amazonaws.com/photos/30804120/medium.jpg,7089,Canada Goose,data/new_raw/images/785efe6e-af29-4397-b189-caa75562cb1d.jpg
76d6bd3c-278f-4184-8d01-5d40222f746d,https://inaturalist-open-data.s3.amazonaws.com/photos/30819482/medium.jpg,41663,Common Raccoon,data/new_raw/images/76d6bd3c-278f-4184-8d01-5d40222f746d.jpg
2a7b2d49-d03c-4ca7-a72e-87e011acb4ec,https://inaturalist-open-data.s3.amazonaws.com/photos/30819489/medium.jpg,44395,White-footed Mouse,data/new_raw/images/2a7b2d49-d03c-4ca7-a72e-87e011acb4ec.jpg
063b53d2-e524-4025-a65d-6d7401b76bd1,https://inaturalist-open-data.s3.amazonaws.com/photos/30819491/medium.jpg,1264432,American Mink,data/new_raw/images/063b53d2-e524-4025-a65d-6d7401b76bd1.jpg
e60f3066-eb06-4485-b532-1feb18bbecbd,https://inaturalist-open-data.s3.amazonaws.com/photos/30821384/medium.jpg,42223,White-tailed Deer,data/new_raw/images/e60f3066-eb06-4485-b532-1feb18bbecbd.jpg
c0c30349-4e39-4dc2-9f4e-dda043c4e038,https://inaturalist-open-data.s3.amazonaws.com/photos/30823500/medium.jpg,199840,House Finch,data/new_raw/images/c0c30349-4e39-4dc2-9f4e-dda043c4e038.jpg
0e6a9f56-0d74-40eb-825b-e3ef0961f393,https://inaturalist-open-data.s3.amazonaws.com/photos/30823504/medium.jpg,7089,Canada Goose,data/new_raw/images/0e6a9f56-0d74-40eb-825b-e3ef0961f393.jpg
a7e94cf6-167c-4e7f-a650-7bda3405dbee,https://static.inaturalist.org/photos/30823679/medium.jpg,3454,Mourning Dove,data/new_raw/images/a7e94cf6-167c-4e7f-a650-7bda3405dbee.jpg
12f7a676-590a-4430-bc26-089db321d22d,https://inaturalist-open-data.s3.amazonaws.com/photos/30824765/medium.jpg,132764,Slate-colored Junco,data/new_raw/images/12f7a676-590a-4430-bc26-089db321d22d.jpg
41be0ee7-59f1-4d67-b26b-8d7e84deaf98,https://inaturalist-open-data.s3.amazonaws.com/photos/30824768/medium.jpg,9083,Northern Cardinal,data/new_raw/images/41be0ee7-59f1-4d67-b26b-8d7e84deaf98.jpg
da713887-ddba-4c52-b707-2bf4c989fdfe,https://inaturalist-open-data.s3.amazonaws.com/photos/30829260/medium.jpg,6930,Mallard,data/new_raw/images/da713887-ddba-4c52-b707-2bf4c989fdfe.jpg
19c2dae0-4692-42cc-822f-37b060846d43,https://inaturalist-open-data.s3.amazonaws.com/photos/30829264/medium.jpg,1578489,American Herring Gull,data/new_raw/images/19c2dae0-4692-42cc-822f-37b060846d43.jpg
4a8bf40a-01e5-4c2b-b681-e1812a1707d3,https://static.inaturalist.org/photos/30832397/medium.jpg,792988,Downy Woodpecker,data/new_raw/images/4a8bf40a-01e5-4c2b-b681-e1812a1707d3.jpg
3b4b6bf9-fa41-4c78-89e4-5a30824b1cbe,https://inaturalist-open-data.s3.amazonaws.com/photos/30834458/medium.jpg,12727,American Robin,data/new_raw/images/3b4b6bf9-fa41-4c78-89e4-5a30824b1cbe.jpg
86611cd9-f417-4729-bf06-8f10cc80c5ba,https://inaturalist-open-data.s3.amazonaws.com/photos/30873648/medium.jpg,12727,American Robin,data/new_raw/images/86611cd9-f417-4729-bf06-8f10cc80c5ba.jpg
ad760a26-016b-461b-85ff-87a34dc52239,https://inaturalist-open-data.s3.amazonaws.com/photos/30873649/medium.jpg,7004,Common Merganser,data/new_raw/images/ad760a26-016b-461b-85ff-87a34dc52239.jpg
edae3c0c-0cd7-4c2c-9688-4689eb7f30f4,https://inaturalist-open-data.s3.amazonaws.com/photos/30873653/medium.jpg,46017,Eastern Gray Squirrel,data/new_raw/images/edae3c0c-0cd7-4c2c-9688-4689eb7f30f4.jpg
a2cabf50-116a-4ab9-a4c6-9dedc899a084,https://inaturalist-open-data.s3.amazonaws.com/photos/30884101/medium.jpg,43111,Eastern Cottontail,data/new_raw/images/a2cabf50-116a-4ab9-a4c6-9dedc899a084.jpg
e37e9af9-49b3-4f42-b150-d1c9d59828cd,https://inaturalist-open-data.s3.amazonaws.com/photos/30884122/medium.jpg,13858,House Sparrow,data/new_raw/images/e37e9af9-49b3-4f42-b150-d1c9d59828cd.jpg
48cf8a8c-a7e2-4f1f-ae2c-c8354c613957,https://inaturalist-open-data.s3.amazonaws.com/photos/30884124/medium.jpg,4364,Ring-billed Gull,data/new_raw/images/48cf8a8c-a7e2-4f1f-ae2c-c8354c613957.jpg
b2fb0f17-5fa2-4d38-bfc0-6a7ded74f7ec,https://inaturalist-open-data.s3.amazonaws.com/photos/30884131/medium.jpg,7089,Canada Goose,data/new_raw/images/b2fb0f17-5fa2-4d38-bfc0-6a7ded74f7ec.jpg
8ec2ddc0-e319-45f8-a9b5-d7963dd8cfaa,https://inaturalist-open-data.s3.amazonaws.com/photos/30891259/medium.jpeg,3454,Mourning Dove,data/new_raw/images/8ec2ddc0-e319-45f8-a9b5-d7963dd8cfaa.jpg
043c85d8-1f92-41a0-b780-7d2b4d36445d,https://inaturalist-open-data.s3.amazonaws.com/photos/30891265/medium.jpeg,122767,Feral Pigeon,data/new_raw/images/043c85d8-1f92-41a0-b780-7d2b4d36445d.jpg
560767e4-09bb-4fdf-a1d4-997044f7abd8,https://static.inaturalist.org/photos/30904552/medium.jpg,13858,House Sparrow,data/new_raw/images/560767e4-09bb-4fdf-a1d4-997044f7abd8.jpg
28ae7c78-52bf-47be-a514-76f5ea9ba82b,https://static.inaturalist.org/photos/30904601/medium.jpg,7089,Canada Goose,data/new_raw/images/28ae7c78-52bf-47be-a514-76f5ea9ba82b.jpg
2252ca4d-704c-4b6d-9ce1-609bc149e753,https://static.inaturalist.org/photos/30940641/medium.jpg,12727,American Robin,data/new_raw/images/2252ca4d-704c-4b6d-9ce1-609bc149e753.jpg
dd00e46f-98fc-4d79-a7e3-3f308ca01ca7,https://static.inaturalist.org/photos/30940687/medium.jpg,4956,Great Blue Heron,data/new_raw/images/dd00e46f-98fc-4d79-a7e3-3f308ca01ca7.jpg
f2e93b63-7e29-43f1-a697-60b1e7069ffd,https://static.inaturalist.org/photos/30954217/medium.jpg,5212,Red-tailed Hawk,data/new_raw/images/f2e93b63-7e29-43f1-a697-60b1e7069ffd.jpg
df10bbaa-5714-4a24-8666-3971022d5581,https://inaturalist-open-data.s3.amazonaws.com/photos/30954238/medium.jpg,5206,Red-shouldered Hawk,data/new_raw/images/df10bbaa-5714-4a24-8666-3971022d5581.jpg
6011fa45-ef97-4dfe-b5f1-7ac64140992c,https://static.inaturalist.org/photos/30961976/medium.jpeg,42223,White-tailed Deer,data/new_raw/images/6011fa45-ef97-4dfe-b5f1-7ac64140992c.jpg
82e6939b-df74-4c4c-88d3-42b5c3fb89ca,https://inaturalist-open-data.s3.amazonaws.com/photos/30967513/medium.jpg,42051,Coyote,data/new_raw/images/82e6939b-df74-4c4c-88d3-42b5c3fb89ca.jpg
2f09cd15-19d6-428f-bf90-d1b1e54d6624,https://inaturalist-open-data.s3.amazonaws.com/photos/30967541/medium.jpg,13858,House Sparrow,data/new_raw/images/2f09cd15-19d6-428f-bf90-d1b1e54d6624.jpg
4d6db4c6-0e6c-48ee-90bc-c4f107273ece,https://inaturalist-open-data.s3.amazonaws.com/photos/30967561/medium.jpg,474210,American Tree Sparrow,data/new_raw/images/4d6db4c6-0e6c-48ee-90bc-c4f107273ece.jpg
7ef74acb-b7c3-491f-bbc8-364f428fe633,https://inaturalist-open-data.s3.amazonaws.com/photos/30967600/medium.jpg,4364,Ring-billed Gull,data/new_raw/images/7ef74acb-b7c3-491f-bbc8-364f428fe633.jpg
79b46027-fe9f-44dd-9cbc-43116f9a9941,https://inaturalist-open-data.s3.amazonaws.com/photos/30967630/medium.jpg,1578489,American Herring Gull,data/new_raw/images/79b46027-fe9f-44dd-9cbc-43116f9a9941.jpg
7f35d4a8-f3c2-49e2-ac25-01b5c866f00e,https://inaturalist-open-data.s3.amazonaws.com/photos/30967664/medium.jpg,7458,Brown Creeper,data/new_raw/images/7f35d4a8-f3c2-49e2-ac25-01b5c866f00e.jpg
ff37d8f4-6d7c-4ac9-9809-7b0685ee2e17,https://inaturalist-open-data.s3.amazonaws.com/photos/30970285/medium.jpg,42223,White-tailed Deer,data/new_raw/images/ff37d8f4-6d7c-4ac9-9809-7b0685ee2e17.jpg
958040c4-edfb-4e7a-873c-cd6f0fa31197,https://static.inaturalist.org/photos/30996746/medium.jpg,9176,White-crowned Sparrow,data/new_raw/images/958040c4-edfb-4e7a-873c-cd6f0fa31197.jpg
787bbb7a-7a35-43b4-9ede-88767593a17d,https://static.inaturalist.org/photos/30996831/medium.jpg,1579017,Cooper's Hawk,data/new_raw/images/787bbb7a-7a35-43b4-9ede-88767593a17d.jpg
ee576011-3ed4-4254-b656-54846b916ddb,https://static.inaturalist.org/photos/30996890/medium.jpg,144815,Black-capped Chickadee,data/new_raw/images/ee576011-3ed4-4254-b656-54846b916ddb.jpg
a2edb5a0-697c-48a0-a5f4-c5e675cc76e7,https://inaturalist-open-data.s3.amazonaws.com/photos/31009098/medium.jpeg,13858,House Sparrow,data/new_raw/images/a2edb5a0-697c-48a0-a5f4-c5e675cc76e7.jpg
79d987e5-5cb7-4431-8c91-5ca9bd97d5e7,https://inaturalist-open-data.s3.amazonaws.com/photos/31009183/medium.jpeg,46017,Eastern Gray Squirrel,data/new_raw/images/79d987e5-5cb7-4431-8c91-5ca9bd97d5e7.jpg
804c5955-7233-4848-8e4b-26fa9558e6af,https://inaturalist-open-data.s3.amazonaws.com/photos/31009186/medium.jpeg,41663,Common Raccoon,data/new_raw/images/804c5955-7233-4848-8e4b-26fa9558e6af.jpg
37d866a9-3dab-45a4-8055-1a4c79e5a5fd,https://inaturalist-open-data.s3.amazonaws.com/photos/31009191/medium.jpeg,13858,House Sparrow,data/new_raw/images/37d866a9-3dab-45a4-8055-1a4c79e5a5fd.jpg
bb2c7418-27f1-4a5d-95ce-8c5d9544c90a,https://inaturalist-open-data.s3.amazonaws.com/photos/31009194/medium.jpeg,46017,Eastern Gray Squirrel,data/new_raw/images/bb2c7418-27f1-4a5d-95ce-8c5d9544c90a.jpg
69fa4ca9-3180-403b-9c73-c4ed20ca6274,https://inaturalist-open-data.s3.amazonaws.com/photos/31009199/medium.jpeg,13858,House Sparrow,data/new_raw/images/69fa4ca9-3180-403b-9c73-c4ed20ca6274.jpg
38ee18b7-20a4-402d-8355-8c96c7b97f80,https://inaturalist-open-data.s3.amazonaws.com/photos/31009203/medium.jpeg,118552,Domestic Cat,data/new_raw/images/38ee18b7-20a4-402d-8355-8c96c7b97f80.jpg
6613bbdb-63c5-438c-85b3-c0d0afcf0c6a,https://inaturalist-open-data.s3.amazonaws.com/photos/31009206/medium.jpeg,42652,Virginia Opossum,data/new_raw/images/6613bbdb-63c5-438c-85b3-c0d0afcf0c6a.jpg
7dac989b-a2f3-487a-8db3-70ef4e3db846,https://inaturalist-open-data.s3.amazonaws.com/photos/31009210/medium.jpeg,14850,European Starling,data/new_raw/images/7dac989b-a2f3-487a-8db3-70ef4e3db846.jpg
23d66833-250b-4721-92ca-765899a7a65d,https://inaturalist-open-data.s3.amazonaws.com/photos/31009214/medium.jpeg,14850,European Starling,data/new_raw/images/23d66833-250b-4721-92ca-765899a7a65d.jpg
9cedcab9-6eca-43fa-a57a-4a56d1cc9458,https://inaturalist-open-data.s3.amazonaws.com/photos/31009216/medium.jpeg,118552,Domestic Cat,data/new_raw/images/9cedcab9-6eca-43fa-a57a-4a56d1cc9458.jpg
73837989-ead2-44af-aaaf-a7a7c5badf72,https://inaturalist-open-data.s3.amazonaws.com/photos/31010089/medium.jpeg,13858,House Sparrow,data/new_raw/images/73837989-ead2-44af-aaaf-a7a7c5badf72.jpg
857038f3-4043-4b24-8699-80a43c7d9b8d,https://inaturalist-open-data.s3.amazonaws.com/photos/31018795/medium.jpg,46017,Eastern Gray Squirrel,data/new_raw/images/857038f3-4043-4b24-8699-80a43c7d9b8d.jpg
61cfa641-ca3d-4630-a719-a0a5b0ccf11d,https://static.inaturalist.org/photos/31045107/medium.jpeg,43111,Eastern Cottontail,data/new_raw/images/61cfa641-ca3d-4630-a719-a0a5b0ccf11d.jpg
da8e49d9-258c-44ab-91c9-f96a80b70a9d,https://static.inaturalist.org/photos/31045105/medium.jpeg,44576,Brown Rat,data/new_raw/images/da8e49d9-258c-44ab-91c9-f96a80b70a9d.jpg
690f0c51-3bfa-47fa-9ebf-d122212a6db8,https://static.inaturalist.org/photos/31045086/medium.jpeg,43111,Eastern Cottontail,data/new_raw/images/690f0c51-3bfa-47fa-9ebf-d122212a6db8.jpg
77e0704f-41c3-4d79-9045-8ebf57d4429c,https://static.inaturalist.org/photos/31045112/medium.jpeg,44576,Brown Rat,data/new_raw/images/77e0704f-41c3-4d79-9045-8ebf57d4429c.jpg
5a3d87b8-f572-4bbd-a0cd-8b8e79dbb47e,https://static.inaturalist.org/photos/31045164/medium.jpeg,848323,"Primates, Rodents, and Allies",data/new_raw/images/5a3d87b8-f572-4bbd-a0cd-8b8e79dbb47e.jpg
79277ea3-6f64-42f6-a7f9-e8704fdb4f6c,https://static.inaturalist.org/photos/31045173/medium.jpeg,9184,White-throated Sparrow,data/new_raw/images/79277ea3-6f64-42f6-a7f9-e8704fdb4f6c.jpg
1be6737a-9c7d-45c6-816f-438cede4bcd5,https://static.inaturalist.org/photos/31045182/medium.jpeg,44576,Brown Rat,data/new_raw/images/1be6737a-9c7d-45c6-816f-438cede4bcd5.jpg
98d9cfad-4829-46dc-8718-e3c36a274336,https://static.inaturalist.org/photos/31045184/medium.jpeg,44576,Brown Rat,data/new_raw/images/98d9cfad-4829-46dc-8718-e3c36a274336.jpg
a67adedd-ff52-4e11-a53e-a5e805555249,https://static.inaturalist.org/photos/31045220/medium.jpeg,44576,Brown Rat,data/new_raw/images/a67adedd-ff52-4e11-a53e-a5e805555249.jpg
bd1f0d24-85fb-4978-b994-bfc2843efb4a,https://static.inaturalist.org/photos/31045215/medium.jpeg,43111,Eastern Cottontail,data/new_raw/images/bd1f0d24-85fb-4978-b994-bfc2843efb4a.jpg
e9a71d26-f117-4f94-9195-1ad4b5ca4dbd,https://static.inaturalist.org/photos/31045214/medium.jpeg,43111,Eastern Cottontail,data/new_raw/images/e9a71d26-f117-4f94-9195-1ad4b5ca4dbd.jpg
2908a759-5a52-425a-b2ac-d2ca4d9130f2,https://static.inaturalist.org/photos/31045254/medium.jpeg,44576,Brown Rat,data/new_raw/images/2908a759-5a52-425a-b2ac-d2ca4d9130f2.jpg
952ca8d1-556b-4675-ac7b-04deae8d2f9a,https://static.inaturalist.org/photos/31045269/medium.jpeg,44576,Brown Rat,data/new_raw/images/952ca8d1-556b-4675-ac7b-04deae8d2f9a.jpg
dc73f4bb-c62e-4c2d-85c7-ed74ef30802c,https://static.inaturalist.org/photos/31045231/medium.jpeg,43111,Eastern Cottontail,data/new_raw/images/dc73f4bb-c62e-4c2d-85c7-ed74ef30802c.jpg
f0354da3-8a49-4969-9260-d5c39207c118,https://static.inaturalist.org/photos/31045299/medium.jpeg,44540,Old World Rats,data/new_raw/images/f0354da3-8a49-4969-9260-d5c39207c118.jpg
e114c8f8-edb7-4a19-821b-852dfea72b49,https://static.inaturalist.org/photos/31045162/medium.jpeg,43111,Eastern Cottontail,data/new_raw/images/e114c8f8-edb7-4a19-821b-852dfea72b49.jpg
b55cfa83-1384-4348-bea3-03b140886be5,https://static.inaturalist.org/photos/31045163/medium.jpeg,43111,Eastern Cottontail,data/new_raw/images/b55cfa83-1384-4348-bea3-03b140886be5.jpg
14bb668f-a2a8-4656-a592-bcc66aa58239,https://static.inaturalist.org/photos/31045298/medium.jpeg,43111,Eastern Cottontail,data/new_raw/images/14bb668f-a2a8-4656-a592-bcc66aa58239.jpg
492baa8b-e0bd-4293-b608-477daefafb10,https://static.inaturalist.org/photos/31045303/medium.jpeg,41663,Common Raccoon,data/new_raw/images/492baa8b-e0bd-4293-b608-477daefafb10.jpg
e477b627-4617-4ae6-89ca-0f0a68a3e939,https://static.inaturalist.org/photos/31045307/medium.jpeg,43111,Eastern Cottontail,data/new_raw/images/e477b627-4617-4ae6-89ca-0f0a68a3e939.jpg
124f6fa8-0a7e-4f38-bdf2-72c03c6f10ce,https://static.inaturalist.org/photos/31045366/medium.jpeg,44576,Brown Rat,data/new_raw/images/124f6fa8-0a7e-4f38-bdf2-72c03c6f10ce.jpg
a5a266cd-1007-4f5e-a84c-cdbc00757b4e,https://static.inaturalist.org/photos/31045328/medium.jpeg,9184,White-throated Sparrow,data/new_raw/images/a5a266cd-1007-4f5e-a84c-cdbc00757b4e.jpg
f1d59912-c890-4482-aa9e-16192a1ec574,https://static.inaturalist.org/photos/31045329/medium.jpeg,9184,White-throated Sparrow,data/new_raw/images/f1d59912-c890-4482-aa9e-16192a1ec574.jpg
52873875-9576-4433-82a2-e1ceff687e2c,https://static.inaturalist.org/photos/31045347/medium.jpeg,44576,Brown Rat,data/new_raw/images/52873875-9576-4433-82a2-e1ceff687e2c.jpg
13afcd32-010d-45c7-b52b-2930bdf624f4,https://static.inaturalist.org/photos/31045368/medium.jpeg,43111,Eastern Cottontail,data/new_raw/images/13afcd32-010d-45c7-b52b-2930bdf624f4.jpg
3a3aa515-5d9a-426f-ad05-e61c44b37781,https://static.inaturalist.org/photos/31045378/medium.jpeg,44576,Brown Rat,data/new_raw/images/3a3aa515-5d9a-426f-ad05-e61c44b37781.jpg
a59d897a-9b9f-4b77-8d63-e956dcea8884,https://static.inaturalist.org/photos/31045400/medium.jpeg,44576,Brown Rat,data/new_raw/images/a59d897a-9b9f-4b77-8d63-e956dcea8884.jpg
c87c2183-c383-4bf5-b1af-16235a7cf2ae,https://static.inaturalist.org/photos/31045441/medium.jpeg,44576,Brown Rat,data/new_raw/images/c87c2183-c383-4bf5-b1af-16235a7cf2ae.jpg
7fdd1435-fe78-4d97-b7b8-731ac8691310,https://static.inaturalist.org/photos/31045452/medium.jpeg,43111,Eastern Cottontail,data/new_raw/images/7fdd1435-fe78-4d97-b7b8-731ac8691310.jpg
ea8bcbf9-7758-4982-a571-1508b6b93977,https://static.inaturalist.org/photos/31045459/medium.jpeg,44576,Brown Rat,data/new_raw/images/ea8bcbf9-7758-4982-a571-1508b6b93977.jpg
a8fec95d-ed3f-4762-a578-53169e70e4b0,https://static.inaturalist.org/photos/31045460/medium.jpeg,848323,"Primates, Rodents, and Allies",data/new_raw/images/a8fec95d-ed3f-4762-a578-53169e70e4b0.jpg
07100715-0ea5-4b3a-a6ac-b8066f10a16e,https://static.inaturalist.org/photos/31045566/medium.jpeg,43111,Eastern Cottontail,data/new_raw/images/07100715-0ea5-4b3a-a6ac-b8066f10a16e.jpg
e9c1b0b3-f108-4df4-aca8-3b9e6d43d532,https://static.inaturalist.org/photos/31045576/medium.jpeg,43111,Eastern Cottontail,data/new_raw/images/e9c1b0b3-f108-4df4-aca8-3b9e6d43d532.jpg
d2d4e42f-36f2-4a0d-9f1e-f608a88255a9,https://static.inaturalist.org/photos/31045581/medium.jpeg,43111,Eastern Cottontail,data/new_raw/images/d2d4e42f-36f2-4a0d-9f1e-f608a88255a9.jpg
82053c4d-a8e1-47c2-9e98-d9190fc44614,https://static.inaturalist.org/photos/31046290/medium.jpeg,44576,Brown Rat,data/new_raw/images/82053c4d-a8e1-47c2-9e98-d9190fc44614.jpg
943468cd-4d27-4f39-9235-18cb7e9d864b,https://static.inaturalist.org/photos/31046291/medium.jpeg,44576,Brown Rat,data/new_raw/images/943468cd-4d27-4f39-9235-18cb7e9d864b.jpg
acf1d2a1-0fd4-4654-916b-7ffe266cb7cc,https://static.inaturalist.org/photos/31046431/medium.jpeg,44576,Brown Rat,data/new_raw/images/acf1d2a1-0fd4-4654-916b-7ffe266cb7cc.jpg
9be01422-8959-4e37-a33a-f80b858cf6b2,https://static.inaturalist.org/photos/31046399/medium.jpeg,13858,House Sparrow,data/new_raw/images/9be01422-8959-4e37-a33a-f80b858cf6b2.jpg
e26e017b-ddfd-4409-9100-4ce077f27411,https://static.inaturalist.org/photos/31046409/medium.jpeg,44576,Brown Rat,data/new_raw/images/e26e017b-ddfd-4409-9100-4ce077f27411.jpg
7d184ada-89a2-4dd9-8f88-16ee29b41a2d,https://static.inaturalist.org/photos/31046508/medium.jpeg,44576,Brown Rat,data/new_raw/images/7d184ada-89a2-4dd9-8f88-16ee29b41a2d.jpg
749d00d6-2ce0-4c89-8b00-50f91b6d0487,https://static.inaturalist.org/photos/31046481/medium.jpeg,44576,Brown Rat,data/new_raw/images/749d00d6-2ce0-4c89-8b00-50f91b6d0487.jpg
f5d96ebe-b1da-4c13-aea8-a66d1f2a5dc1,https://static.inaturalist.org/photos/31046549/medium.jpeg,44576,Brown Rat,data/new_raw/images/f5d96ebe-b1da-4c13-aea8-a66d1f2a5dc1.jpg
2a112f32-d341-4e7e-8014-4dc3821f44bc,https://static.inaturalist.org/photos/31046519/medium.jpeg,43111,Eastern Cottontail,data/new_raw/images/2a112f32-d341-4e7e-8014-4dc3821f44bc.jpg
9aaefdbf-3d52-41cc-8b44-3a101cd88f36,https://static.inaturalist.org/photos/31046598/medium.jpeg,44576,Brown Rat,data/new_raw/images/9aaefdbf-3d52-41cc-8b44-3a101cd88f36.jpg
2e10890a-f1e9-4164-81b5-f7d78e641e50,https://static.inaturalist.org/photos/31046639/medium.jpeg,45933,Squirrels,data/new_raw/images/2e10890a-f1e9-4164-81b5-f7d78e641e50.jpg
0e9ba462-332b-483f-9a80-c6ccb08826c2,https://static.inaturalist.org/photos/31046655/medium.jpeg,45933,Squirrels,data/new_raw/images/0e9ba462-332b-483f-9a80-c6ccb08826c2.jpg
046cd4c8-e4a8-4560-bca5-312b354fed64,https://static.inaturalist.org/photos/31046571/medium.jpeg,44576,Brown Rat,data/new_raw/images/046cd4c8-e4a8-4560-bca5-312b354fed64.jpg
59b8f432-e020-481e-9eeb-4368e8cd28e5,https://static.inaturalist.org/photos/31046572/medium.jpeg,44576,Brown Rat,data/new_raw/images/59b8f432-e020-481e-9eeb-4368e8cd28e5.jpg
5a47de24-3fdb-4f91-aae3-8ba85335fb1a,https://static.inaturalist.org/photos/31046573/medium.jpeg,44576,Brown Rat,data/new_raw/images/5a47de24-3fdb-4f91-aae3-8ba85335fb1a.jpg
db1e83ab-22fd-4f74-8f68-745a4eb0faef,https://static.inaturalist.org/photos/31046666/medium.jpeg,848323,"Primates, Rodents, and Allies",data/new_raw/images/db1e83ab-22fd-4f74-8f68-745a4eb0faef.jpg
48ccccde-3c36-41b7-977b-c9bee9a7582a,https://static.inaturalist.org/photos/31046576/medium.jpeg,44576,Brown Rat,data/new_raw/images/48ccccde-3c36-41b7-977b-c9bee9a7582a.jpg
23c593e6-0c4f-4d8e-a435-d9fda27895ee,https://static.inaturalist.org/photos/31046575/medium.jpeg,44540,Old World Rats,data/new_raw/images/23c593e6-0c4f-4d8e-a435-d9fda27895ee.jpg
04ae82c5-b472-4817-83f0-950c3adf7af3,https://static.inaturalist.org/photos/31046577/medium.jpeg,44540,Old World Rats,data/new_raw/images/04ae82c5-b472-4817-83f0-950c3adf7af3.jpg
785023ab-f0fa-434c-81e7-307e4f33db4a,https://static.inaturalist.org/photos/31046580/medium.jpeg,44576,Brown Rat,data/new_raw/images/785023ab-f0fa-434c-81e7-307e4f33db4a.jpg
55a67168-60f0-49b7-8c84-d8c75e0a409e,https://static.inaturalist.org/photos/31046584/medium.jpeg,44576,Brown Rat,data/new_raw/images/55a67168-60f0-49b7-8c84-d8c75e0a409e.jpg
8c859f70-5859-43d1-a361-1b73e051d76e,https://static.inaturalist.org/photos/31046675/medium.jpeg,43111,Eastern Cottontail,data/new_raw/images/8c859f70-5859-43d1-a361-1b73e051d76e.jpg
f2e4d003-ab17-465a-81d8-9aac894f9194,https://static.inaturalist.org/photos/31046665/medium.jpeg,44576,Brown Rat,data/new_raw/images/f2e4d003-ab17-465a-81d8-9aac894f9194.jpg
d8b90d3d-adf6-4ee5-8a57-e93f5c4d023b,https://static.inaturalist.org/photos/31046682/medium.jpeg,44576,Brown Rat,data/new_raw/images/d8b90d3d-adf6-4ee5-8a57-e93f5c4d023b.jpg
59a0f2b6-a3c1-4684-bbfd-dadf495c7fac,https://static.inaturalist.org/photos/31046683/medium.jpeg,44576,Brown Rat,data/new_raw/images/59a0f2b6-a3c1-4684-bbfd-dadf495c7fac.jpg
3a73e556-848d-4adb-a523-461bcdf8197b,https://static.inaturalist.org/photos/31046685/medium.jpeg,44576,Brown Rat,data/new_raw/images/3a73e556-848d-4adb-a523-461bcdf8197b.jpg
afc8c468-4275-4b05-9bfb-5360e99848a1,https://static.inaturalist.org/photos/31046686/medium.jpeg,44576,Brown Rat,data/new_raw/images/afc8c468-4275-4b05-9bfb-5360e99848a1.jpg
63abf216-a6c4-4fc9-91e9-08d6d77ad18b,https://static.inaturalist.org/photos/31046688/medium.jpeg,44576,Brown Rat,data/new_raw/images/63abf216-a6c4-4fc9-91e9-08d6d77ad18b.jpg
e27f8e9d-7911-44b4-89e9-33948c264b2a,https://static.inaturalist.org/photos/31049042/medium.jpeg,44576,Brown Rat,data/new_raw/images/e27f8e9d-7911-44b4-89e9-33948c264b2a.jpg
d325e481-00ff-4638-bda8-574f8009960a,https://static.inaturalist.org/photos/31049209/medium.jpeg,44576,Brown Rat,data/new_raw/images/d325e481-00ff-4638-bda8-574f8009960a.jpg
288496cc-7f5a-4170-9326-dedd0ffdf3cf,https://static.inaturalist.org/photos/31049175/medium.jpeg,43111,Eastern Cottontail,data/new_raw/images/288496cc-7f5a-4170-9326-dedd0ffdf3cf.jpg
a504bc73-4679-473f-a618-d6de0e054336,https://static.inaturalist.org/photos/31049211/medium.jpeg,43698,Rodents,data/new_raw/images/a504bc73-4679-473f-a618-d6de0e054336.jpg
11d41906-9f77-42cc-af51-abfb895a3450,https://static.inaturalist.org/photos/31049236/medium.jpeg,43111,Eastern Cottontail,data/new_raw/images/11d41906-9f77-42cc-af51-abfb895a3450.jpg
ec164556-30bd-4d1c-a369-594dde1fca1b,https://static.inaturalist.org/photos/31049239/medium.jpeg,44576,Brown Rat,data/new_raw/images/ec164556-30bd-4d1c-a369-594dde1fca1b.jpg
1b954cdb-8e46-4ac4-b6d2-e8c113c04a8a,https://static.inaturalist.org/photos/31049235/medium.jpeg,44576,Brown Rat,data/new_raw/images/1b954cdb-8e46-4ac4-b6d2-e8c113c04a8a.jpg
f4c17797-ae9f-4bdf-94f3-b44bd7d0bc65,https://static.inaturalist.org/photos/31049238/medium.jpeg,43111,Eastern Cottontail,data/new_raw/images/f4c17797-ae9f-4bdf-94f3-b44bd7d0bc65.jpg
d3b986b8-bdfb-479f-8415-ffa78b1a7934,https://static.inaturalist.org/photos/31049188/medium.jpeg,43111,Eastern Cottontail,data/new_raw/images/d3b986b8-bdfb-479f-8415-ffa78b1a7934.jpg
f7b4cb44-4304-48d0-9399-bc63d1e23296,https://static.inaturalist.org/photos/31049191/medium.jpeg,43095,Hares and Rabbits,data/new_raw/images/f7b4cb44-4304-48d0-9399-bc63d1e23296.jpg
963b7f2d-46a8-4f4c-bb8c-a370a093881e,https://static.inaturalist.org/photos/31049195/medium.jpeg,43111,Eastern Cottontail,data/new_raw/images/963b7f2d-46a8-4f4c-bb8c-a370a093881e.jpg
d6501fad-752e-45b7-81f1-615a31e6e77d,https://static.inaturalist.org/photos/31049198/medium.jpeg,848323,"Primates, Rodents, and Allies",data/new_raw/images/d6501fad-752e-45b7-81f1-615a31e6e77d.jpg
ff5e3c89-c6ef-4c8d-9b66-50b8326738ea,https://static.inaturalist.org/photos/31049202/medium.jpeg,40151,Mammals,data/new_raw/images/ff5e3c89-c6ef-4c8d-9b66-50b8326738ea.jpg
6a0344c8-e0a9-463d-840d-1033375f22d6,https://static.inaturalist.org/photos/31049205/medium.jpeg,848323,"Primates, Rodents, and Allies",data/new_raw/images/6a0344c8-e0a9-463d-840d-1033375f22d6.jpg
0722d255-c0f9-4fe1-be99-a48837f43f35,https://static.inaturalist.org/photos/31049398/medium.jpeg,43111,Eastern Cottontail,data/new_raw/images/0722d255-c0f9-4fe1-be99-a48837f43f35.jpg
e9c1829c-27ab-4447-82a3-3611b2765248,https://static.inaturalist.org/photos/31049399/medium.jpeg,848323,"Primates, Rodents, and Allies",data/new_raw/images/e9c1829c-27ab-4447-82a3-3611b2765248.jpg
a37fc39e-2a70-4af1-9fb8-18b6594d45e5,https://static.inaturalist.org/photos/31049401/medium.jpeg,848323,"Primates, Rodents, and Allies",data/new_raw/images/a37fc39e-2a70-4af1-9fb8-18b6594d45e5.jpg
0a97fa9a-cd1e-42a3-a22e-a9a5f16282ae,https://static.inaturalist.org/photos/31049403/medium.jpeg,848323,"Primates, Rodents, and Allies",data/new_raw/images/0a97fa9a-cd1e-42a3-a22e-a9a5f16282ae.jpg
abd9a6e6-18d8-4ee9-8b65-96816c85366a,https://static.inaturalist.org/photos/31049147/medium.jpeg,43111,Eastern Cottontail,data/new_raw/images/abd9a6e6-18d8-4ee9-8b65-96816c85366a.jpg
2775d82c-3638-4e63-8da7-0493e4eaa808,https://static.inaturalist.org/photos/31049357/medium.jpeg,848323,"Primates, Rodents, and Allies",data/new_raw/images/2775d82c-3638-4e63-8da7-0493e4eaa808.jpg
7e1f3974-c002-4590-aba6-1d9997d4ebef,https://static.inaturalist.org/photos/31049537/medium.jpeg,44576,Brown Rat,data/new_raw/images/7e1f3974-c002-4590-aba6-1d9997d4ebef.jpg
5ce0e684-8ec5-4575-8f52-d4bc8806f744,https://static.inaturalist.org/photos/31049612/medium.jpeg,44576,Brown Rat,data/new_raw/images/5ce0e684-8ec5-4575-8f52-d4bc8806f744.jpg
762cf4e2-8359-4e16-8ca0-c16271456a0e,https://static.inaturalist.org/photos/31049659/medium.jpeg,43111,Eastern Cottontail,data/new_raw/images/762cf4e2-8359-4e16-8ca0-c16271456a0e.jpg
8a2f1bb4-c5e7-4898-a537-7f92d164b40d,https://static.inaturalist.org/photos/31049488/medium.jpeg,44576,Brown Rat,data/new_raw/images/8a2f1bb4-c5e7-4898-a537-7f92d164b40d.jpg
58216894-61c2-40e8-935d-5243a10e71eb,https://static.inaturalist.org/photos/31049278/medium.jpeg,44576,Brown Rat,data/new_raw/images/58216894-61c2-40e8-935d-5243a10e71eb.jpg
687d4622-3275-4632-9487-feea6e6ad078,https://static.inaturalist.org/photos/31049886/medium.jpeg,44576,Brown Rat,data/new_raw/images/687d4622-3275-4632-9487-feea6e6ad078.jpg
1d15a30f-a4f4-4d23-b1d0-cc3ea1f58c6b,https://static.inaturalist.org/photos/31049965/medium.jpeg,44576,Brown Rat,data/new_raw/images/1d15a30f-a4f4-4d23-b1d0-cc3ea1f58c6b.jpg
4a0dc7f6-d32f-4d6d-b729-c4486a5f6c39,https://static.inaturalist.org/photos/31051942/medium.jpeg,43111,Eastern Cottontail,data/new_raw/images/4a0dc7f6-d32f-4d6d-b729-c4486a5f6c39.jpg
9fd1f256-d1ac-48c6-8d1b-5223f8443d10,https://inaturalist-open-data.s3.amazonaws.com/photos/31051998/medium.jpeg,44576,Brown Rat,data/new_raw/images/9fd1f256-d1ac-48c6-8d1b-5223f8443d10.jpg
9bdd3350-c4eb-4380-bdf5-a27f1a43aafb,https://inaturalist-open-data.s3.amazonaws.com/photos/31052000/medium.jpeg,40151,Mammals,data/new_raw/images/9bdd3350-c4eb-4380-bdf5-a27f1a43aafb.jpg
fd68db0c-f456-4bb2-8f32-c43012f8ca60,https://inaturalist-open-data.s3.amazonaws.com/photos/31052002/medium.jpeg,40151,Mammals,data/new_raw/images/fd68db0c-f456-4bb2-8f32-c43012f8ca60.jpg
01faa7ea-c180-40a9-92b8-158858f63044,https://static.inaturalist.org/photos/31052041/medium.jpeg,44576,Brown Rat,data/new_raw/images/01faa7ea-c180-40a9-92b8-158858f63044.jpg
81456b28-6df5-4943-8185-1ff3ec5807ea,https://static.inaturalist.org/photos/31052045/medium.jpeg,44576,Brown Rat,data/new_raw/images/81456b28-6df5-4943-8185-1ff3ec5807ea.jpg
d183ff29-5990-4068-8bff-5a419332d505,https://static.inaturalist.org/photos/31052047/medium.jpeg,44576,Brown Rat,data/new_raw/images/d183ff29-5990-4068-8bff-5a419332d505.jpg
e74684f4-b638-48e7-82b6-28e70046b657,https://static.inaturalist.org/photos/31052049/medium.jpeg,44576,Brown Rat,data/new_raw/images/e74684f4-b638-48e7-82b6-28e70046b657.jpg
a4d0a3db-37d8-454d-a368-47596c731ff1,https://static.inaturalist.org/photos/31052051/medium.jpeg,44576,Brown Rat,data/new_raw/images/a4d0a3db-37d8-454d-a368-47596c731ff1.jpg
7aba13b3-066c-4f8e-953d-0bcf77611b51,https://static.inaturalist.org/photos/31052055/medium.jpeg,44576,Brown Rat,data/new_raw/images/7aba13b3-066c-4f8e-953d-0bcf77611b51.jpg
91c9ab5b-1337-4910-abc9-2d4b43ce4a14,https://static.inaturalist.org/photos/31052060/medium.jpeg,44576,Brown Rat,data/new_raw/images/91c9ab5b-1337-4910-abc9-2d4b43ce4a14.jpg
b82cf8bb-2792-4564-867b-5f467a9d71e0,https://static.inaturalist.org/photos/31052061/medium.jpeg,44576,Brown Rat,data/new_raw/images/b82cf8bb-2792-4564-867b-5f467a9d71e0.jpg
e06703a3-c015-445d-8564-6b1331baa1cd,https://static.inaturalist.org/photos/31052064/medium.jpeg,44576,Brown Rat,data/new_raw/images/e06703a3-c015-445d-8564-6b1331baa1cd.jpg
2742e4ce-7040-4dca-82c5-833c53a70dd3,https://static.inaturalist.org/photos/31052066/medium.jpeg,44576,Brown Rat,data/new_raw/images/2742e4ce-7040-4dca-82c5-833c53a70dd3.jpg
3c5e622d-c1e0-4190-a4fa-352a6de17a99,https://static.inaturalist.org/photos/31052092/medium.jpeg,44576,Brown Rat,data/new_raw/images/3c5e622d-c1e0-4190-a4fa-352a6de17a99.jpg
ac5ca6df-4270-48c7-9fee-cd876fc78da4,https://static.inaturalist.org/photos/31052237/medium.jpeg,44576,Brown Rat,data/new_raw/images/ac5ca6df-4270-48c7-9fee-cd876fc78da4.jpg
82cc9138-cebf-449f-bc74-d533acbb3b25,https://static.inaturalist.org/photos/31052282/medium.jpeg,43111,Eastern Cottontail,data/new_raw/images/82cc9138-cebf-449f-bc74-d533acbb3b25.jpg
6822be95-04fe-4c98-aab8-6e6ed161538d,https://static.inaturalist.org/photos/31052297/medium.jpeg,43111,Eastern Cottontail,data/new_raw/images/6822be95-04fe-4c98-aab8-6e6ed161538d.jpg
47ae8dec-dd5d-44b5-ac48-5026f802641b,https://static.inaturalist.org/photos/31052330/medium.jpeg,44576,Brown Rat,data/new_raw/images/47ae8dec-dd5d-44b5-ac48-5026f802641b.jpg
3fd97387-40ea-4cb3-ab72-dbbc69ceff96,https://static.inaturalist.org/photos/31052286/medium.jpeg,44576,Brown Rat,data/new_raw/images/3fd97387-40ea-4cb3-ab72-dbbc69ceff96.jpg
a695c501-5bb2-4e6c-b6c8-8de596b42a6b,https://static.inaturalist.org/photos/31052306/medium.jpeg,44576,Brown Rat,data/new_raw/images/a695c501-5bb2-4e6c-b6c8-8de596b42a6b.jpg
d0d79691-2cb0-4f4a-b65b-7dddaab230f2,https://static.inaturalist.org/photos/31052326/medium.jpeg,44576,Brown Rat,data/new_raw/images/d0d79691-2cb0-4f4a-b65b-7dddaab230f2.jpg
2f285af5-026f-4ac6-ab24-f15c64e530a9,https://inaturalist-open-data.s3.amazonaws.com/photos/31052260/medium.jpeg,44576,Brown Rat,data/new_raw/images/2f285af5-026f-4ac6-ab24-f15c64e530a9.jpg
67e8a4c1-0300-45fa-a435-40ff57ce554d,https://inaturalist-open-data.s3.amazonaws.com/photos/31052261/medium.jpeg,44576,Brown Rat,data/new_raw/images/67e8a4c1-0300-45fa-a435-40ff57ce554d.jpg
16697791-af4f-44a3-aa26-317b8c2d890f,https://inaturalist-open-data.s3.amazonaws.com/photos/31052262/medium.jpeg,44576,Brown Rat,data/new_raw/images/16697791-af4f-44a3-aa26-317b8c2d890f.jpg
1bf2e01c-2891-40a7-976a-4ed3f482de3e,https://inaturalist-open-data.s3.amazonaws.com/photos/31052264/medium.jpeg,44576,Brown Rat,data/new_raw/images/1bf2e01c-2891-40a7-976a-4ed3f482de3e.jpg
bea70ff7-f180-4a21-9b05-a78ef565b10a,https://inaturalist-open-data.s3.amazonaws.com/photos/31052265/medium.jpeg,44576,Brown Rat,data/new_raw/images/bea70ff7-f180-4a21-9b05-a78ef565b10a.jpg
8d357310-f709-4c9d-9a76-7afe13f3604e,https://inaturalist-open-data.s3.amazonaws.com/photos/31052266/medium.jpeg,44576,Brown Rat,data/new_raw/images/8d357310-f709-4c9d-9a76-7afe13f3604e.jpg
b6175f70-7172-4bf2-abba-d77999753ad5,https://inaturalist-open-data.s3.amazonaws.com/photos/31052270/medium.jpeg,44576,Brown Rat,data/new_raw/images/b6175f70-7172-4bf2-abba-d77999753ad5.jpg
ed232a98-a4a3-4f79-ba4c-0058569cbea1,https://static.inaturalist.org/photos/31052329/medium.jpeg,43111,Eastern Cottontail,data/new_raw/images/ed232a98-a4a3-4f79-ba4c-0058569cbea1.jpg
81b15a9c-aaa6-4a02-a383-0caa18f63f53,https://static.inaturalist.org/photos/31052332/medium.jpeg,43111,Eastern Cottontail,data/new_raw/images/81b15a9c-aaa6-4a02-a383-0caa18f63f53.jpg
d30872aa-809a-4d20-ab08-7f4ab8e0d4c2,https://static.inaturalist.org/photos/31052272/medium.jpeg,44576,Brown Rat,data/new_raw/images/d30872aa-809a-4d20-ab08-7f4ab8e0d4c2.jpg
cbbab544-b13f-43d9-a648-3d9d6a3fc88b,https://static.inaturalist.org/photos/31052275/medium.jpeg,44576,Brown Rat,data/new_raw/images/cbbab544-b13f-43d9-a648-3d9d6a3fc88b.jpg
25fb9d20-8941-47f1-a945-8ec1b4280691,https://static.inaturalist.org/photos/31052284/medium.jpeg,848323,"Primates, Rodents, and Allies",data/new_raw/images/25fb9d20-8941-47f1-a945-8ec1b4280691.jpg
0938c8a2-16eb-4ec7-a30d-224539a95257,https://static.inaturalist.org/photos/31052290/medium.jpeg,848323,"Primates, Rodents, and Allies",data/new_raw/images/0938c8a2-16eb-4ec7-a30d-224539a95257.jpg
63fccc77-c39f-4fbb-a74c-5b96c2fdd924,https://static.inaturalist.org/photos/31052295/medium.jpeg,848323,"Primates, Rodents, and Allies",data/new_raw/images/63fccc77-c39f-4fbb-a74c-5b96c2fdd924.jpg
d0cac098-ac5c-41d1-937b-c0f427a7c5d0,https://static.inaturalist.org/photos/31052299/medium.jpeg,848323,"Primates, Rodents, and Allies",data/new_raw/images/d0cac098-ac5c-41d1-937b-c0f427a7c5d0.jpg
39bef61f-16c2-40cc-b20f-2040a7ded442,https://static.inaturalist.org/photos/31052274/medium.jpeg,44576,Brown Rat,data/new_raw/images/39bef61f-16c2-40cc-b20f-2040a7ded442.jpg
69e0b66e-b931-4a85-afe3-df1d4b1c00ea,https://static.inaturalist.org/photos/31052277/medium.jpeg,44576,Brown Rat,data/new_raw/images/69e0b66e-b931-4a85-afe3-df1d4b1c00ea.jpg
9777f0f7-9335-42ab-aa24-6279ead01510,https://static.inaturalist.org/photos/31052280/medium.jpeg,44576,Brown Rat,data/new_raw/images/9777f0f7-9335-42ab-aa24-6279ead01510.jpg
eac2ac47-c242-4ff0-9d34-860d76d27767,https://static.inaturalist.org/photos/31052285/medium.jpeg,44576,Brown Rat,data/new_raw/images/eac2ac47-c242-4ff0-9d34-860d76d27767.jpg
06573b55-e0ba-4447-ae2c-7029cdbf5459,https://static.inaturalist.org/photos/31052289/medium.jpeg,43111,Eastern Cottontail,data/new_raw/images/06573b55-e0ba-4447-ae2c-7029cdbf5459.jpg
f2028787-82da-402a-9706-4be9db61ad25,https://static.inaturalist.org/photos/31052292/medium.jpeg,44576,Brown Rat,data/new_raw/images/f2028787-82da-402a-9706-4be9db61ad25.jpg
e7cf5359-9d3c-4e53-8d0a-db26de955f10,https://static.inaturalist.org/photos/31052296/medium.jpeg,44576,Brown Rat,data/new_raw/images/e7cf5359-9d3c-4e53-8d0a-db26de955f10.jpg
f0299c34-2c28-4429-868d-5b1d877849cd,https://static.inaturalist.org/photos/31052301/medium.jpeg,44576,Brown Rat,data/new_raw/images/f0299c34-2c28-4429-868d-5b1d877849cd.jpg
bdc9b94e-0316-4c1e-a1fc-ac8f2e5deea9,https://static.inaturalist.org/photos/31052303/medium.jpeg,44576,Brown Rat,data/new_raw/images/bdc9b94e-0316-4c1e-a1fc-ac8f2e5deea9.jpg
d9241bcb-8696-42dd-9ad5-dfa25b982ba6,https://static.inaturalist.org/photos/31052307/medium.jpeg,44576,Brown Rat,data/new_raw/images/d9241bcb-8696-42dd-9ad5-dfa25b982ba6.jpg
ae652bb1-f2ab-49e2-abc7-8c5408e4087e,https://static.inaturalist.org/photos/31052310/medium.jpeg,43111,Eastern Cottontail,data/new_raw/images/ae652bb1-f2ab-49e2-abc7-8c5408e4087e.jpg
45735475-0e7b-413c-8153-740be85ca84e,https://inaturalist-open-data.s3.amazonaws.com/photos/31052421/medium.jpeg,44576,Brown Rat,data/new_raw/images/45735475-0e7b-413c-8153-740be85ca84e.jpg
405c1571-9823-4e46-beff-9364c1e1aa98,https://inaturalist-open-data.s3.amazonaws.com/photos/31052447/medium.jpeg,44576,Brown Rat,data/new_raw/images/405c1571-9823-4e46-beff-9364c1e1aa98.jpg
35c3ac19-7351-4be4-a20e-c644bc3065b3,https://inaturalist-open-data.s3.amazonaws.com/photos/31052453/medium.jpeg,44576,Brown Rat,data/new_raw/images/35c3ac19-7351-4be4-a20e-c644bc3065b3.jpg
7f1259e7-ed64-4d76-81bc-a80f4940ff60,https://static.inaturalist.org/photos/31052422/medium.jpeg,44540,Old World Rats,data/new_raw/images/7f1259e7-ed64-4d76-81bc-a80f4940ff60.jpg
e7d8e481-8904-46a1-a66a-7272df75e9cf,https://static.inaturalist.org/photos/31052425/medium.jpeg,44540,Old World Rats,data/new_raw/images/e7d8e481-8904-46a1-a66a-7272df75e9cf.jpg
ff0b04ea-c5da-4330-a74e-653a555f18d5,https://static.inaturalist.org/photos/31052430/medium.jpeg,44540,Old World Rats,data/new_raw/images/ff0b04ea-c5da-4330-a74e-653a555f18d5.jpg
fe38acf9-7ca1-4d6a-9274-b8e3802599a6,https://static.inaturalist.org/photos/31052434/medium.jpeg,44540,Old World Rats,data/new_raw/images/fe38acf9-7ca1-4d6a-9274-b8e3802599a6.jpg
9ecbad50-41db-4744-9c6c-c040caf0f304,https://static.inaturalist.org/photos/31055463/medium.jpeg,43111,Eastern Cottontail,data/new_raw/images/9ecbad50-41db-4744-9c6c-c040caf0f304.jpg
ea083ac5-fc29-4c38-bb64-6558b7181ef9,https://static.inaturalist.org/photos/31055540/medium.jpeg,43111,Eastern Cottontail,data/new_raw/images/ea083ac5-fc29-4c38-bb64-6558b7181ef9.jpg
280a0b5f-d1b5-428b-9d79-4e881855ce7d,https://static.inaturalist.org/photos/31055597/medium.jpeg,46017,Eastern Gray Squirrel,data/new_raw/images/280a0b5f-d1b5-428b-9d79-4e881855ce7d.jpg
67915d19-c8ff-4855-b187-4b609e0023fd,https://static.inaturalist.org/photos/31055603/medium.jpeg,44576,Brown Rat,data/new_raw/images/67915d19-c8ff-4855-b187-4b609e0023fd.jpg
a9a8fa9a-e372-48f6-a36b-e8c1c7baef22,https://static.inaturalist.org/photos/31055675/medium.jpeg,43111,Eastern Cottontail,data/new_raw/images/a9a8fa9a-e372-48f6-a36b-e8c1c7baef22.jpg
49421ca9-a8f7-468a-a844-b7d80d1f829a,https://static.inaturalist.org/photos/31055687/medium.jpeg,44576,Brown Rat,data/new_raw/images/49421ca9-a8f7-468a-a844-b7d80d1f829a.jpg
0d96d25a-b2ff-48e1-b052-c5e76167626a,https://static.inaturalist.org/photos/31055598/medium.jpeg,44576,Brown Rat,data/new_raw/images/0d96d25a-b2ff-48e1-b052-c5e76167626a.jpg
32fcda90-5ccf-4e7c-8fa7-a9d503a22af2,https://static.inaturalist.org/photos/31055600/medium.jpeg,44576,Brown Rat,data/new_raw/images/32fcda90-5ccf-4e7c-8fa7-a9d503a22af2.jpg
fc80e1c7-1c29-4cb8-8462-7aa77eef2c8a,https://static.inaturalist.org/photos/31055761/medium.jpeg,43111,Eastern Cottontail,data/new_raw/images/fc80e1c7-1c29-4cb8-8462-7aa77eef2c8a.jpg
6642b9a1-fd07-426a-8da9-59b3430ee45a,https://static.inaturalist.org/photos/31055563/medium.jpeg,46017,Eastern Gray Squirrel,data/new_raw/images/6642b9a1-fd07-426a-8da9-59b3430ee45a.jpg
41e3591b-8bcf-41f2-94e1-f6c785a2564a,https://static.inaturalist.org/photos/31055568/medium.jpeg,43111,Eastern Cottontail,data/new_raw/images/41e3591b-8bcf-41f2-94e1-f6c785a2564a.jpg
eeb74a54-3d07-488e-91e4-640026e86489,https://static.inaturalist.org/photos/31055571/medium.jpeg,44576,Brown Rat,data/new_raw/images/eeb74a54-3d07-488e-91e4-640026e86489.jpg
bd18c3a8-aaf2-491d-a645-f62f78146ca3,https://static.inaturalist.org/photos/31055574/medium.jpeg,43111,Eastern Cottontail,data/new_raw/images/bd18c3a8-aaf2-491d-a645-f62f78146ca3.jpg
3cba59a9-e387-497e-9c55-11484b7a0b0a,https://static.inaturalist.org/photos/31055733/medium.jpeg,44576,Brown Rat,data/new_raw/images/3cba59a9-e387-497e-9c55-11484b7a0b0a.jpg
41835a21-972e-465b-b7b4-d3ab92b32a47,https://static.inaturalist.org/photos/31055903/medium.jpeg,43111,Eastern Cottontail,data/new_raw/images/41835a21-972e-465b-b7b4-d3ab92b32a47.jpg
a58c255b-815b-4116-a593-e9cf965775fa,https://static.inaturalist.org/photos/31056076/medium.jpeg,44576,Brown Rat,data/new_raw/images/a58c255b-815b-4116-a593-e9cf965775fa.jpg
b9bf656b-00fa-4cb9-9892-0ecc38d49186,https://static.inaturalist.org/photos/31056086/medium.jpeg,44576,Brown Rat,data/new_raw/images/b9bf656b-00fa-4cb9-9892-0ecc38d49186.jpg
53ddda2d-cfb0-4f89-af53-9aa9cbf25c3d,https://static.inaturalist.org/photos/31056092/medium.jpeg,44576,Brown Rat,data/new_raw/images/53ddda2d-cfb0-4f89-af53-9aa9cbf25c3d.jpg
4e70871c-237e-4bcb-be04-4b80669614a7,https://static.inaturalist.org/photos/31056102/medium.jpeg,44576,Brown Rat,data/new_raw/images/4e70871c-237e-4bcb-be04-4b80669614a7.jpg
80239da6-d895-42bc-9687-64edde078a42,https://static.inaturalist.org/photos/31056116/medium.jpeg,44576,Brown Rat,data/new_raw/images/80239da6-d895-42bc-9687-64edde078a42.jpg
2ecc570d-85b9-4196-9080-914e22f106cf,https://static.inaturalist.org/photos/31056110/medium.jpeg,44576,Brown Rat,data/new_raw/images/2ecc570d-85b9-4196-9080-914e22f106cf.jpg
c0295d8f-6961-4a32-b4ef-66ac8b01e274,https://static.inaturalist.org/photos/31056119/medium.jpeg,44576,Brown Rat,data/new_raw/images/c0295d8f-6961-4a32-b4ef-66ac8b01e274.jpg
3c35a68f-8cdd-4087-89e8-296ee09243b7,https://static.inaturalist.org/photos/31056133/medium.jpeg,44576,Brown Rat,data/new_raw/images/3c35a68f-8cdd-4087-89e8-296ee09243b7.jpg
5ed24ccc-d35d-4ff6-a2ed-77cb63c7c7ec,https://static.inaturalist.org/photos/31056222/medium.jpeg,44576,Brown Rat,data/new_raw/images/5ed24ccc-d35d-4ff6-a2ed-77cb63c7c7ec.jpg
60c6448f-0c30-4f48-95a5-ec026fbb73c8,https://static.inaturalist.org/photos/31056226/medium.jpeg,848323,"Primates, Rodents, and Allies",data/new_raw/images/60c6448f-0c30-4f48-95a5-ec026fbb73c8.jpg
a4acf7a5-22cd-4262-92ca-8e5cab2b0f0d,https://static.inaturalist.org/photos/31056230/medium.jpeg,43111,Eastern Cottontail,data/new_raw/images/a4acf7a5-22cd-4262-92ca-8e5cab2b0f0d.jpg
acc7faf6-8015-4884-8ead-8b41526f774d,https://static.inaturalist.org/photos/31056235/medium.jpeg,44576,Brown Rat,data/new_raw/images/acc7faf6-8015-4884-8ead-8b41526f774d.jpg
2bc8fd17-b370-40da-9e27-67b1308c9739,https://static.inaturalist.org/photos/31056237/medium.jpeg,44576,Brown Rat,data/new_raw/images/2bc8fd17-b370-40da-9e27-67b1308c9739.jpg
ee08f50b-9c4d-4851-a94d-3eea0d8faab7,https://static.inaturalist.org/photos/31056244/medium.jpeg,44576,Brown Rat,data/new_raw/images/ee08f50b-9c4d-4851-a94d-3eea0d8faab7.jpg
64f1ba74-da19-408c-b860-8fd26620da7e,https://inaturalist-open-data.s3.amazonaws.com/photos/31073553/medium.jpg,12727,American Robin,data/new_raw/images/64f1ba74-da19-408c-b860-8fd26620da7e.jpg
99a81019-5069-4fa4-9a5b-16d2bc098d29,https://inaturalist-open-data.s3.amazonaws.com/photos/31075093/medium.jpg,6924,American Black Duck,data/new_raw/images/99a81019-5069-4fa4-9a5b-16d2bc098d29.jpg
abae3070-3e86-425b-8d8e-d4fd16d8c561,https://inaturalist-open-data.s3.amazonaws.com/photos/31075184/medium.jpg,4368,Great Black-backed Gull,data/new_raw/images/abae3070-3e86-425b-8d8e-d4fd16d8c561.jpg
c2ec041d-3cf6-44fc-9705-843b0f7f376b,https://inaturalist-open-data.s3.amazonaws.com/photos/31075236/medium.jpg,6996,Red-breasted Merganser,data/new_raw/images/c2ec041d-3cf6-44fc-9705-843b0f7f376b.jpg
6081a63e-2c6d-463f-94ef-7dba7be044ae,https://inaturalist-open-data.s3.amazonaws.com/photos/31075736/medium.jpg,4368,Great Black-backed Gull,data/new_raw/images/6081a63e-2c6d-463f-94ef-7dba7be044ae.jpg
671b3482-fe2b-43b6-b03f-0adfbc83b0dc,https://inaturalist-open-data.s3.amazonaws.com/photos/31075742/medium.jpg,7089,Canada Goose,data/new_raw/images/671b3482-fe2b-43b6-b03f-0adfbc83b0dc.jpg
ea8851a1-3e1b-4d6a-865c-12ac884fd845,https://inaturalist-open-data.s3.amazonaws.com/photos/31075744/medium.jpg,5305,Bald Eagle,data/new_raw/images/ea8851a1-3e1b-4d6a-865c-12ac884fd845.jpg
8336895f-42ab-4860-bd1c-a1b4a70ac08e,https://inaturalist-open-data.s3.amazonaws.com/photos/31075746/medium.jpg,4364,Ring-billed Gull,data/new_raw/images/8336895f-42ab-4860-bd1c-a1b4a70ac08e.jpg
629246c1-1588-43b5-bc37-affc89ab1466,https://inaturalist-open-data.s3.amazonaws.com/photos/31075981/medium.jpg,6996,Red-breasted Merganser,data/new_raw/images/629246c1-1588-43b5-bc37-affc89ab1466.jpg
dff38a2d-7e15-4e8f-8931-83f63382bdad,https://inaturalist-open-data.s3.amazonaws.com/photos/31076273/medium.jpg,5305,Bald Eagle,data/new_raw/images/dff38a2d-7e15-4e8f-8931-83f63382bdad.jpg
84ea3995-9af7-4b6c-8ea3-9228b84def13,https://inaturalist-open-data.s3.amazonaws.com/photos/31076573/medium.jpg,4956,Great Blue Heron,data/new_raw/images/84ea3995-9af7-4b6c-8ea3-9228b84def13.jpg
5728a1fc-9ea2-4307-be20-83cd18559b74,https://inaturalist-open-data.s3.amazonaws.com/photos/31089578/medium.jpg,7047,Greater Scaup,data/new_raw/images/5728a1fc-9ea2-4307-be20-83cd18559b74.jpg
70eb7a95-2a22-41f4-8c78-58ba48b4d165,https://inaturalist-open-data.s3.amazonaws.com/photos/31089582/medium.jpg,7056,Redhead,data/new_raw/images/70eb7a95-2a22-41f4-8c78-58ba48b4d165.jpg
0dffcf28-b19a-46e0-a1c7-77a798940238,https://inaturalist-open-data.s3.amazonaws.com/photos/31089584/medium.jpg,8021,American Crow,data/new_raw/images/0dffcf28-b19a-46e0-a1c7-77a798940238.jpg
c3589fc1-5d5d-4385-819a-3c498faa9344,https://inaturalist-open-data.s3.amazonaws.com/photos/31089592/medium.jpg,7047,Greater Scaup,data/new_raw/images/c3589fc1-5d5d-4385-819a-3c498faa9344.jpg
5f95da55-7031-4e5f-811e-5638a2c4d78f,https://inaturalist-open-data.s3.amazonaws.com/photos/31089587/medium.jpg,7109,Hooded Merganser,data/new_raw/images/5f95da55-7031-4e5f-811e-5638a2c4d78f.jpg
18a83050-6d4d-4d88-b502-d127416c95a9,https://inaturalist-open-data.s3.amazonaws.com/photos/31090140/medium.jpg,2548,Belted Kingfisher,data/new_raw/images/18a83050-6d4d-4d88-b502-d127416c95a9.jpg
c03584a6-1bc8-42c9-b227-0afac372afe7,https://inaturalist-open-data.s3.amazonaws.com/photos/31090399/medium.jpg,792988,Downy Woodpecker,data/new_raw/images/c03584a6-1bc8-42c9-b227-0afac372afe7.jpg
7a7fba0b-cdef-4b4e-9a1b-b1cf62d3189e,https://inaturalist-open-data.s3.amazonaws.com/photos/31091046/medium.jpg,4956,Great Blue Heron,data/new_raw/images/7a7fba0b-cdef-4b4e-9a1b-b1cf62d3189e.jpg
1d9a6a5d-c19d-43f8-bd87-821098941263,https://inaturalist-open-data.s3.amazonaws.com/photos/31091050/medium.jpg,4665,American Kestrel,data/new_raw/images/1d9a6a5d-c19d-43f8-bd87-821098941263.jpg
e0eba6e2-cca1-4407-8380-a6f336e9c051,https://inaturalist-open-data.s3.amazonaws.com/photos/31091054/medium.jpg,5200,Rough-legged Hawk,data/new_raw/images/e0eba6e2-cca1-4407-8380-a6f336e9c051.jpg
b6d9eaca-5a73-46bc-bb94-e395e7aa4d4e,https://inaturalist-open-data.s3.amazonaws.com/photos/31091055/medium.jpg,5200,Rough-legged Hawk,data/new_raw/images/b6d9eaca-5a73-46bc-bb94-e395e7aa4d4e.jpg
7d889c38-6e3a-4f51-b725-b2dbe6c2a966,https://inaturalist-open-data.s3.amazonaws.com/photos/31092163/medium.jpg,5200,Rough-legged Hawk,data/new_raw/images/7d889c38-6e3a-4f51-b725-b2dbe6c2a966.jpg
7319478b-8b0a-4ad6-93a4-70fff0c68c7b,https://inaturalist-open-data.s3.amazonaws.com/photos/31092172/medium.jpg,9176,White-crowned Sparrow,data/new_raw/images/7319478b-8b0a-4ad6-93a4-70fff0c68c7b.jpg
7cff5314-d35d-45a5-a3eb-3417bdbd6379,https://inaturalist-open-data.s3.amazonaws.com/photos/31107008/medium.jpeg,47144,Domestic Dog,data/new_raw/images/7cff5314-d35d-45a5-a3eb-3417bdbd6379.jpg
0fe44b5c-ae62-476e-b99f-00720616a2d2,https://inaturalist-open-data.s3.amazonaws.com/photos/31132226/medium.jpg,494355,Eastern Red-tailed Hawk,data/new_raw/images/0fe44b5c-ae62-476e-b99f-00720616a2d2.jpg
11dca3b9-801a-455f-948d-1b65996e478c,https://inaturalist-open-data.s3.amazonaws.com/photos/31132334/medium.jpg,144222,White-winged Scoter,data/new_raw/images/11dca3b9-801a-455f-948d-1b65996e478c.jpg
7249315a-6a60-4a54-804d-41c322bb5678,https://inaturalist-open-data.s3.amazonaws.com/photos/31132683/medium.jpg,7056,Redhead,data/new_raw/images/7249315a-6a60-4a54-804d-41c322bb5678.jpg
51e03f4a-d88e-40e1-b01f-d05ba50b3eee,https://inaturalist-open-data.s3.amazonaws.com/photos/31132858/medium.jpg,6990,Common Goldeneye,data/new_raw/images/51e03f4a-d88e-40e1-b01f-d05ba50b3eee.jpg
e911f322-cd95-4a35-b5dd-bf18c77d195f,https://inaturalist-open-data.s3.amazonaws.com/photos/31132969/medium.jpg,7047,Greater Scaup,data/new_raw/images/e911f322-cd95-4a35-b5dd-bf18c77d195f.jpg
91c6c781-c15b-4558-a429-e399813b3978,https://inaturalist-open-data.s3.amazonaws.com/photos/31133542/medium.jpg,5305,Bald Eagle,data/new_raw/images/91c6c781-c15b-4558-a429-e399813b3978.jpg
b3cbed1c-5d20-4445-b11c-993f3322e8a4,https://inaturalist-open-data.s3.amazonaws.com/photos/31133543/medium.jpg,5200,Rough-legged Hawk,data/new_raw/images/b3cbed1c-5d20-4445-b11c-993f3322e8a4.jpg
a02884b3-3e7b-497d-bf27-af3a50af1d8a,https://inaturalist-open-data.s3.amazonaws.com/photos/31174409/medium.jpg,7004,Common Merganser,data/new_raw/images/a02884b3-3e7b-497d-bf27-af3a50af1d8a.jpg
a2d73ab1-5d03-4ca8-b665-2d0d415cb91f,https://inaturalist-open-data.s3.amazonaws.com/photos/31174411/medium.jpg,6930,Mallard,data/new_raw/images/a2d73ab1-5d03-4ca8-b665-2d0d415cb91f.jpg
ee366b3b-57f9-49fd-9ddd-4e5b6661625f,https://inaturalist-open-data.s3.amazonaws.com/photos/31174416/medium.jpg,6996,Red-breasted Merganser,data/new_raw/images/ee366b3b-57f9-49fd-9ddd-4e5b6661625f.jpg
43ac5b5c-d465-4b39-861d-2768a2eeb10b,https://inaturalist-open-data.s3.amazonaws.com/photos/31174419/medium.jpg,7047,Greater Scaup,data/new_raw/images/43ac5b5c-d465-4b39-861d-2768a2eeb10b.jpg
ac04fb51-95eb-4d61-b02f-6bd1678c7cb7,https://inaturalist-open-data.s3.amazonaws.com/photos/31174424/medium.jpg,4956,Great Blue Heron,data/new_raw/images/ac04fb51-95eb-4d61-b02f-6bd1678c7cb7.jpg
dc9257d4-cd32-42bd-807f-9ba9e8c9c47d,https://inaturalist-open-data.s3.amazonaws.com/photos/31174421/medium.jpg,4981,Black-crowned Night Heron,data/new_raw/images/dc9257d4-cd32-42bd-807f-9ba9e8c9c47d.jpg
1cad2ed2-2129-4164-984b-8b17bfb36f0a,https://inaturalist-open-data.s3.amazonaws.com/photos/31174428/medium.jpg,122767,Feral Pigeon,data/new_raw/images/1cad2ed2-2129-4164-984b-8b17bfb36f0a.jpg
2bdf0f9d-4243-4c29-bd54-5c3b1e5bbd2e,https://inaturalist-open-data.s3.amazonaws.com/photos/35633033/medium.jpg,42223,White-tailed Deer,data/new_raw/images/2bdf0f9d-4243-4c29-bd54-5c3b1e5bbd2e.jpg
7e4788ee-50ec-40a1-9be0-87180e1a2ba9,https://inaturalist-open-data.s3.amazonaws.com/photos/31190042/medium.jpeg,4665,American Kestrel,data/new_raw/images/7e4788ee-50ec-40a1-9be0-87180e1a2ba9.jpg
f9509a51-0e4d-4abd-8e5a-b3c5bf162eac,https://inaturalist-open-data.s3.amazonaws.com/photos/31196315/medium.jpeg,162,Sora,data/new_raw/images/f9509a51-0e4d-4abd-8e5a-b3c5bf162eac.jpg
4c397a0a-122e-40cf-9d6b-f352d3ba52bd,https://inaturalist-open-data.s3.amazonaws.com/photos/31209742/medium.jpg,494355,Eastern Red-tailed Hawk,data/new_raw/images/4c397a0a-122e-40cf-9d6b-f352d3ba52bd.jpg
243cb664-4d12-48cf-a780-f15c60d94d32,https://inaturalist-open-data.s3.amazonaws.com/photos/31242698/medium.jpg,47144,Domestic Dog,data/new_raw/images/243cb664-4d12-48cf-a780-f15c60d94d32.jpg
d3e17f8e-6978-4790-b4b2-3b3d0ba07ac0,https://inaturalist-open-data.s3.amazonaws.com/photos/31249367/medium.jpg,10094,Dark-eyed Junco,data/new_raw/images/d3e17f8e-6978-4790-b4b2-3b3d0ba07ac0.jpg
6b8f3163-1971-4e47-80ab-a30c8c8cb4ae,https://inaturalist-open-data.s3.amazonaws.com/photos/31249388/medium.jpg,792990,Hairy Woodpecker,data/new_raw/images/6b8f3163-1971-4e47-80ab-a30c8c8cb4ae.jpg
fd067449-14fb-4c14-8803-16321fe0f8d2,https://inaturalist-open-data.s3.amazonaws.com/photos/31264384/medium.jpg,6996,Red-breasted Merganser,data/new_raw/images/fd067449-14fb-4c14-8803-16321fe0f8d2.jpg
f6003b99-5179-41a7-bd09-dbd82ef4594c,https://inaturalist-open-data.s3.amazonaws.com/photos/31264474/medium.jpg,7109,Hooded Merganser,data/new_raw/images/f6003b99-5179-41a7-bd09-dbd82ef4594c.jpg
d05c7ea0-7e28-4ce0-a744-a5c7049d8df0,https://static.inaturalist.org/photos/31281548/medium.jpg,20044,Great Horned Owl,data/new_raw/images/d05c7ea0-7e28-4ce0-a744-a5c7049d8df0.jpg
4d0fd41b-3428-4019-a4cc-d180ebdd8a2e,https://static.inaturalist.org/photos/31281630/medium.jpg,5212,Red-tailed Hawk,data/new_raw/images/4d0fd41b-3428-4019-a4cc-d180ebdd8a2e.jpg
5dcd2732-e122-421d-8c2b-23d6741dda3a,https://static.inaturalist.org/photos/31281695/medium.jpg,4665,American Kestrel,data/new_raw/images/5dcd2732-e122-421d-8c2b-23d6741dda3a.jpg
df5e6353-884c-44df-92b8-732f8679e676,https://inaturalist-open-data.s3.amazonaws.com/photos/31289963/medium.jpeg,7004,Common Merganser,data/new_raw/images/df5e6353-884c-44df-92b8-732f8679e676.jpg
b6e53541-ed67-459d-b265-2630d4d4fe8a,https://inaturalist-open-data.s3.amazonaws.com/photos/31290010/medium.jpeg,9083,Northern Cardinal,data/new_raw/images/b6e53541-ed67-459d-b265-2630d4d4fe8a.jpg
451bf432-d7ae-4689-afba-f2f633eeb21f,https://inaturalist-open-data.s3.amazonaws.com/photos/31290054/medium.jpeg,13858,House Sparrow,data/new_raw/images/451bf432-d7ae-4689-afba-f2f633eeb21f.jpg
0d236666-b496-4e5b-9f06-4113420cf184,https://inaturalist-open-data.s3.amazonaws.com/photos/31290160/medium.jpeg,144815,Black-capped Chickadee,data/new_raw/images/0d236666-b496-4e5b-9f06-4113420cf184.jpg
d6cdee5a-bb28-4408-bac6-06699d712eda,https://inaturalist-open-data.s3.amazonaws.com/photos/31290223/medium.jpeg,792988,Downy Woodpecker,data/new_raw/images/d6cdee5a-bb28-4408-bac6-06699d712eda.jpg
14c220dc-4dea-4bd0-8844-525c19252048,https://inaturalist-open-data.s3.amazonaws.com/photos/31299182/medium.jpg,42223,White-tailed Deer,data/new_raw/images/14c220dc-4dea-4bd0-8844-525c19252048.jpg
7c36c8d9-8951-4731-8a88-0ec6e799581e,https://inaturalist-open-data.s3.amazonaws.com/photos/31299432/medium.jpg,6930,Mallard,data/new_raw/images/7c36c8d9-8951-4731-8a88-0ec6e799581e.jpg
223edcf5-2931-4a05-8de0-7b5783def633,https://inaturalist-open-data.s3.amazonaws.com/photos/31303679/medium.jpeg,5212,Red-tailed Hawk,data/new_raw/images/223edcf5-2931-4a05-8de0-7b5783def633.jpg
55fd23ff-4d96-432b-b650-59b99661fc95,https://inaturalist-open-data.s3.amazonaws.com/photos/31303780/medium.jpeg,3454,Mourning Dove,data/new_raw/images/55fd23ff-4d96-432b-b650-59b99661fc95.jpg
dd2aed50-fe83-46a4-aae1-dba0888460ff,https://inaturalist-open-data.s3.amazonaws.com/photos/31303875/medium.jpeg,41663,Common Raccoon,data/new_raw/images/dd2aed50-fe83-46a4-aae1-dba0888460ff.jpg
bbca045b-55e1-443c-9cfe-3bedc291961d,https://inaturalist-open-data.s3.amazonaws.com/photos/31303933/medium.jpeg,18205,Red-bellied Woodpecker,data/new_raw/images/bbca045b-55e1-443c-9cfe-3bedc291961d.jpg
ca9a8620-92de-4c02-9b6f-29ddf5700060,https://inaturalist-open-data.s3.amazonaws.com/photos/31324379/medium.jpg,7089,Canada Goose,data/new_raw/images/ca9a8620-92de-4c02-9b6f-29ddf5700060.jpg
ee70aff1-1b29-46fa-a4e1-547aa857b49a,https://inaturalist-open-data.s3.amazonaws.com/photos/31329235/medium.jpg,42223,White-tailed Deer,data/new_raw/images/ee70aff1-1b29-46fa-a4e1-547aa857b49a.jpg
c097dd3e-d225-48a6-b51d-6a8fde8c235b,https://inaturalist-open-data.s3.amazonaws.com/photos/31329917/medium.jpg,7107,Wood Duck,data/new_raw/images/c097dd3e-d225-48a6-b51d-6a8fde8c235b.jpg
f510507d-94d9-4cdd-b252-dfc52f728882,https://inaturalist-open-data.s3.amazonaws.com/photos/31331364/medium.jpg,1578489,American Herring Gull,data/new_raw/images/f510507d-94d9-4cdd-b252-dfc52f728882.jpg
67b8a038-24d6-4092-b696-6b2f949d07a0,https://inaturalist-open-data.s3.amazonaws.com/photos/31331368/medium.jpg,6993,Bufflehead,data/new_raw/images/67b8a038-24d6-4092-b696-6b2f949d07a0.jpg
e1114a98-be90-43ab-b599-697f06808576,https://inaturalist-open-data.s3.amazonaws.com/photos/31331371/medium.jpg,7047,Greater Scaup,data/new_raw/images/e1114a98-be90-43ab-b599-697f06808576.jpg
d864850f-2359-438e-a838-2dbcc7c694d8,https://inaturalist-open-data.s3.amazonaws.com/photos/31331373/medium.jpg,4981,Black-crowned Night Heron,data/new_raw/images/d864850f-2359-438e-a838-2dbcc7c694d8.jpg
4724571f-f9eb-4c7f-9339-38d35cb67044,https://inaturalist-open-data.s3.amazonaws.com/photos/31331374/medium.jpg,7109,Hooded Merganser,data/new_raw/images/4724571f-f9eb-4c7f-9339-38d35cb67044.jpg
68b56806-9667-40af-8a20-0ce711730dda,https://inaturalist-open-data.s3.amazonaws.com/photos/31333050/medium.jpg,6990,Common Goldeneye,data/new_raw/images/68b56806-9667-40af-8a20-0ce711730dda.jpg
1f47ac88-d47f-4b06-9a88-9f6812bf4aa9,https://inaturalist-open-data.s3.amazonaws.com/photos/31333475/medium.jpg,473,American Coot,data/new_raw/images/1f47ac88-d47f-4b06-9a88-9f6812bf4aa9.jpg
8441f1f2-edad-435b-89a8-3fcabaa612d8,https://inaturalist-open-data.s3.amazonaws.com/photos/31333477/medium.jpg,7004,Common Merganser,data/new_raw/images/8441f1f2-edad-435b-89a8-3fcabaa612d8.jpg
e48e9ea0-4acb-4ca8-900e-f7e7952e8b70,https://inaturalist-open-data.s3.amazonaws.com/photos/31333479/medium.jpg,7056,Redhead,data/new_raw/images/e48e9ea0-4acb-4ca8-900e-f7e7952e8b70.jpg
6eb729a9-86d9-4c5a-ac20-1bfd405c8d0c,https://inaturalist-open-data.s3.amazonaws.com/photos/31333482/medium.jpg,1578489,American Herring Gull,data/new_raw/images/6eb729a9-86d9-4c5a-ac20-1bfd405c8d0c.jpg
257781af-f566-4e28-808a-dd73948afd7d,https://inaturalist-open-data.s3.amazonaws.com/photos/31333561/medium.jpg,6990,Common Goldeneye,data/new_raw/images/257781af-f566-4e28-808a-dd73948afd7d.jpg
6faa2c1d-2194-4905-9012-58c048299eea,https://inaturalist-open-data.s3.amazonaws.com/photos/31333596/medium.jpg,7047,Greater Scaup,data/new_raw/images/6faa2c1d-2194-4905-9012-58c048299eea.jpg
6d4e2edf-7018-4696-96c9-223acb686264,https://inaturalist-open-data.s3.amazonaws.com/photos/31366323/medium.jpeg,6996,Red-breasted Merganser,data/new_raw/images/6d4e2edf-7018-4696-96c9-223acb686264.jpg
c5338b0b-d57c-4471-a0bd-1e1a9bf9f7e0,https://inaturalist-open-data.s3.amazonaws.com/photos/31366326/medium.jpeg,7047,Greater Scaup,data/new_raw/images/c5338b0b-d57c-4471-a0bd-1e1a9bf9f7e0.jpg
29acd16a-9e03-45c0-a7e9-b9bd8a1ba081,https://inaturalist-open-data.s3.amazonaws.com/photos/31366330/medium.jpeg,6990,Common Goldeneye,data/new_raw/images/29acd16a-9e03-45c0-a7e9-b9bd8a1ba081.jpg
81089b79-03e5-407c-aeeb-f7cc504213c9,https://inaturalist-open-data.s3.amazonaws.com/photos/31367335/medium.jpeg,7047,Greater Scaup,data/new_raw/images/81089b79-03e5-407c-aeeb-f7cc504213c9.jpg
7fa956ef-5aaa-46f0-a03a-3256dcff8c35,https://inaturalist-open-data.s3.amazonaws.com/photos/31367339/medium.jpeg,6993,Bufflehead,data/new_raw/images/7fa956ef-5aaa-46f0-a03a-3256dcff8c35.jpg
f6d53a08-2cf5-4eaf-953c-fc1c0403d109,https://inaturalist-open-data.s3.amazonaws.com/photos/31367344/medium.jpeg,7056,Redhead,data/new_raw/images/f6d53a08-2cf5-4eaf-953c-fc1c0403d109.jpg
db44b5d4-7049-41b2-8a1d-ced809779489,https://inaturalist-open-data.s3.amazonaws.com/photos/31367345/medium.jpeg,7004,Common Merganser,data/new_raw/images/db44b5d4-7049-41b2-8a1d-ced809779489.jpg
5532146b-e682-4a22-8d67-9856ce696144,https://inaturalist-open-data.s3.amazonaws.com/photos/31367348/medium.jpeg,6993,Bufflehead,data/new_raw/images/5532146b-e682-4a22-8d67-9856ce696144.jpg
ed9ea93e-f4b8-4e50-ab2b-77906312f6c4,https://inaturalist-open-data.s3.amazonaws.com/photos/31367349/medium.jpeg,7047,Greater Scaup,data/new_raw/images/ed9ea93e-f4b8-4e50-ab2b-77906312f6c4.jpg
c57026ed-8187-40a8-ad9f-8b8676964a8b,https://inaturalist-open-data.s3.amazonaws.com/photos/31367357/medium.jpeg,7004,Common Merganser,data/new_raw/images/c57026ed-8187-40a8-ad9f-8b8676964a8b.jpg
b1a36281-c5ff-4049-85e7-1dd360851665,https://inaturalist-open-data.s3.amazonaws.com/photos/31367360/medium.jpeg,4981,Black-crowned Night Heron,data/new_raw/images/b1a36281-c5ff-4049-85e7-1dd360851665.jpg
7e33a3c0-781c-4785-94f4-801d10ddf438,https://inaturalist-open-data.s3.amazonaws.com/photos/31367351/medium.jpeg,1578489,American Herring Gull,data/new_raw/images/7e33a3c0-781c-4785-94f4-801d10ddf438.jpg
c1d365c8-cc8c-4b04-9c94-58b9dce28d95,https://inaturalist-open-data.s3.amazonaws.com/photos/31367797/medium.jpeg,46017,Eastern Gray Squirrel,data/new_raw/images/c1d365c8-cc8c-4b04-9c94-58b9dce28d95.jpg
3cdc4010-aada-4c2e-b7ff-60e9ed2b0c9d,https://inaturalist-open-data.s3.amazonaws.com/photos/31368548/medium.jpeg,5305,Bald Eagle,data/new_raw/images/3cdc4010-aada-4c2e-b7ff-60e9ed2b0c9d.jpg
f5788e69-3933-4a86-8b58-3263496c0166,https://inaturalist-open-data.s3.amazonaws.com/photos/31368550/medium.jpeg,4368,Great Black-backed Gull,data/new_raw/images/f5788e69-3933-4a86-8b58-3263496c0166.jpg
dd462578-39ee-4939-bdc1-92049b59e63c,https://inaturalist-open-data.s3.amazonaws.com/photos/31368551/medium.jpeg,5305,Bald Eagle,data/new_raw/images/dd462578-39ee-4939-bdc1-92049b59e63c.jpg
16a3058f-304c-4709-ac17-57b58d03d8ff,https://inaturalist-open-data.s3.amazonaws.com/photos/31368555/medium.jpeg,1578489,American Herring Gull,data/new_raw/images/16a3058f-304c-4709-ac17-57b58d03d8ff.jpg
650a0f68-796a-4526-b482-6c741b166a3a,https://inaturalist-open-data.s3.amazonaws.com/photos/31368559/medium.jpeg,6996,Red-breasted Merganser,data/new_raw/images/650a0f68-796a-4526-b482-6c741b166a3a.jpg
57958b04-f790-4ab8-8588-f591a5b5d768,https://inaturalist-open-data.s3.amazonaws.com/photos/31369236/medium.jpeg,558446,Northern Harrier,data/new_raw/images/57958b04-f790-4ab8-8588-f591a5b5d768.jpg
48d95bbd-b275-4c62-9440-bef8e09132df,https://inaturalist-open-data.s3.amazonaws.com/photos/31369422/medium.jpeg,5200,Rough-legged Hawk,data/new_raw/images/48d95bbd-b275-4c62-9440-bef8e09132df.jpg
041c01f8-a70c-4615-8461-88072d595462,https://inaturalist-open-data.s3.amazonaws.com/photos/31369425/medium.jpeg,5200,Rough-legged Hawk,data/new_raw/images/041c01f8-a70c-4615-8461-88072d595462.jpg
ebd00353-601d-47e8-806b-34d273129767,https://inaturalist-open-data.s3.amazonaws.com/photos/31391442/medium.jpeg,144222,White-winged Scoter,data/new_raw/images/ebd00353-601d-47e8-806b-34d273129767.jpg
fcaee772-8a7d-4770-ba83-e4712be7190a,https://static.inaturalist.org/photos/31391621/medium.jpeg,118552,Domestic Cat,data/new_raw/images/fcaee772-8a7d-4770-ba83-e4712be7190a.jpg
5e197ff8-98d0-47ed-b504-4858b82f4410,https://inaturalist-open-data.s3.amazonaws.com/photos/31391740/medium.jpeg,2548,Belted Kingfisher,data/new_raw/images/5e197ff8-98d0-47ed-b504-4858b82f4410.jpg
4c9d3275-2af3-4677-bb36-03bdf672b864,https://inaturalist-open-data.s3.amazonaws.com/photos/31391747/medium.jpeg,7109,Hooded Merganser,data/new_raw/images/4c9d3275-2af3-4677-bb36-03bdf672b864.jpg
8c3c5af1-11fa-4cb8-8dfc-7870d833180a,https://inaturalist-open-data.s3.amazonaws.com/photos/31400045/medium.jpeg,6990,Common Goldeneye,data/new_raw/images/8c3c5af1-11fa-4cb8-8dfc-7870d833180a.jpg
200235fe-930e-4ffa-abfe-fa91aa4ff22e,https://inaturalist-open-data.s3.amazonaws.com/photos/31400051/medium.jpeg,6930,Mallard,data/new_raw/images/200235fe-930e-4ffa-abfe-fa91aa4ff22e.jpg
de361cdd-ffd1-4063-bd1e-07ebc947c940,https://inaturalist-open-data.s3.amazonaws.com/photos/31400057/medium.jpeg,7004,Common Merganser,data/new_raw/images/de361cdd-ffd1-4063-bd1e-07ebc947c940.jpg
9162f7ac-fa30-48f3-bac8-915e79cc4100,https://inaturalist-open-data.s3.amazonaws.com/photos/31400060/medium.jpeg,6996,Red-breasted Merganser,data/new_raw/images/9162f7ac-fa30-48f3-bac8-915e79cc4100.jpg
2ee72b2c-ff15-461e-a499-be1ba277ea96,https://inaturalist-open-data.s3.amazonaws.com/photos/31400065/medium.jpeg,792988,Downy Woodpecker,data/new_raw/images/2ee72b2c-ff15-461e-a499-be1ba277ea96.jpg
76256492-59c4-470b-aeb5-5f1e26467659,https://inaturalist-open-data.s3.amazonaws.com/photos/31400066/medium.jpeg,7089,Canada Goose,data/new_raw/images/76256492-59c4-470b-aeb5-5f1e26467659.jpg
9fa90289-27f1-4554-8147-73af799e3035,https://inaturalist-open-data.s3.amazonaws.com/photos/31401112/medium.jpeg,6990,Common Goldeneye,data/new_raw/images/9fa90289-27f1-4554-8147-73af799e3035.jpg
517b9830-5c0b-47a7-bb7a-7374f4208366,https://inaturalist-open-data.s3.amazonaws.com/photos/31402022/medium.jpeg,18205,Red-bellied Woodpecker,data/new_raw/images/517b9830-5c0b-47a7-bb7a-7374f4208366.jpg
4a8577be-f353-4a86-a803-a62b5e53c4dc,https://inaturalist-open-data.s3.amazonaws.com/photos/31402026/medium.jpeg,792990,Hairy Woodpecker,data/new_raw/images/4a8577be-f353-4a86-a803-a62b5e53c4dc.jpg
f8aa1bf7-1c4f-4305-afed-0e80b5e6ed0a,https://inaturalist-open-data.s3.amazonaws.com/photos/31402027/medium.jpeg,12727,American Robin,data/new_raw/images/f8aa1bf7-1c4f-4305-afed-0e80b5e6ed0a.jpg
1bd32b41-a263-4c24-9274-a5a8555907df,https://inaturalist-open-data.s3.amazonaws.com/photos/31402028/medium.jpeg,474210,American Tree Sparrow,data/new_raw/images/1bd32b41-a263-4c24-9274-a5a8555907df.jpg
fb1568d2-8161-4a6e-9a6c-c9198409fed0,https://static.inaturalist.org/photos/31423683/medium.jpg,9083,Northern Cardinal,data/new_raw/images/fb1568d2-8161-4a6e-9a6c-c9198409fed0.jpg
c8719527-9d96-4311-8e88-ef35f8fcf114,https://static.inaturalist.org/photos/31426667/medium.jpg,46017,Eastern Gray Squirrel,data/new_raw/images/c8719527-9d96-4311-8e88-ef35f8fcf114.jpg
bc870c74-8006-403b-879b-682fe90ff820,https://static.inaturalist.org/photos/31445192/medium.jpg,3,Birds,data/new_raw/images/bc870c74-8006-403b-879b-682fe90ff820.jpg
2130c60c-c6e7-479d-b0d7-731aca7de4c1,https://static.inaturalist.org/photos/31445656/medium.jpg,3,Birds,data/new_raw/images/2130c60c-c6e7-479d-b0d7-731aca7de4c1.jpg
8052a1b7-94af-44f8-a111-f8736f8233b1,https://static.inaturalist.org/photos/31447358/medium.jpeg,46017,Eastern Gray Squirrel,data/new_raw/images/8052a1b7-94af-44f8-a111-f8736f8233b1.jpg
bb80425a-5651-4fbc-845f-b881a96ca41d,https://static.inaturalist.org/photos/31459381/medium.jpg,792988,Downy Woodpecker,data/new_raw/images/bb80425a-5651-4fbc-845f-b881a96ca41d.jpg
ac0626b4-aeed-49dc-90c3-61f8c1f926c5,https://static.inaturalist.org/photos/31459530/medium.jpg,1579017,Cooper's Hawk,data/new_raw/images/ac0626b4-aeed-49dc-90c3-61f8c1f926c5.jpg
e46342e9-0af0-4f2a-abed-4ea58c19f252,https://inaturalist-open-data.s3.amazonaws.com/photos/31471613/medium.jpeg,792988,Downy Woodpecker,data/new_raw/images/e46342e9-0af0-4f2a-abed-4ea58c19f252.jpg
51f510b8-00a4-4b38-aaac-1d8f9860e1e5,https://inaturalist-open-data.s3.amazonaws.com/photos/31471616/medium.jpeg,145310,American Goldfinch,data/new_raw/images/51f510b8-00a4-4b38-aaac-1d8f9860e1e5.jpg
2271bc74-5678-4e75-985e-b2510115fe3f,https://inaturalist-open-data.s3.amazonaws.com/photos/31471620/medium.jpeg,9083,Northern Cardinal,data/new_raw/images/2271bc74-5678-4e75-985e-b2510115fe3f.jpg
db336748-4027-47ff-963a-f4a2b625dbef,https://inaturalist-open-data.s3.amazonaws.com/photos/31471624/medium.jpeg,3454,Mourning Dove,data/new_raw/images/db336748-4027-47ff-963a-f4a2b625dbef.jpg
a15fd9ca-a691-4e0c-a5e1-c56635426d7d,https://inaturalist-open-data.s3.amazonaws.com/photos/31471622/medium.jpeg,12727,American Robin,data/new_raw/images/a15fd9ca-a691-4e0c-a5e1-c56635426d7d.jpg
412903ce-79ce-4d9c-bf5a-23cfaf77c24a,https://inaturalist-open-data.s3.amazonaws.com/photos/31472895/medium.jpeg,6990,Common Goldeneye,data/new_raw/images/412903ce-79ce-4d9c-bf5a-23cfaf77c24a.jpg
20daff29-aa01-451c-92a4-8305f0449195,https://inaturalist-open-data.s3.amazonaws.com/photos/31472898/medium.jpeg,1578489,American Herring Gull,data/new_raw/images/20daff29-aa01-451c-92a4-8305f0449195.jpg
e3221dea-3cd6-4fde-865f-bf86bb5a5145,https://inaturalist-open-data.s3.amazonaws.com/photos/31472901/medium.jpeg,7004,Common Merganser,data/new_raw/images/e3221dea-3cd6-4fde-865f-bf86bb5a5145.jpg
36d901c9-7441-4a20-8c51-3ee1e9d00cd9,https://inaturalist-open-data.s3.amazonaws.com/photos/31472904/medium.jpeg,7056,Redhead,data/new_raw/images/36d901c9-7441-4a20-8c51-3ee1e9d00cd9.jpg
d55129d2-a50e-49e7-a7b9-4d3792fe8b64,https://inaturalist-open-data.s3.amazonaws.com/photos/31472907/medium.jpeg,6996,Red-breasted Merganser,data/new_raw/images/d55129d2-a50e-49e7-a7b9-4d3792fe8b64.jpg
0e004946-e4e1-4a61-830b-50422d15decb,https://inaturalist-open-data.s3.amazonaws.com/photos/31472911/medium.jpeg,6990,Common Goldeneye,data/new_raw/images/0e004946-e4e1-4a61-830b-50422d15decb.jpg
2b8b3206-a8cd-4ead-9f3f-87d8ca2d12ef,https://static.inaturalist.org/photos/31493328/medium.jpg,6996,Red-breasted Merganser,data/new_raw/images/2b8b3206-a8cd-4ead-9f3f-87d8ca2d12ef.jpg
c2af23c3-f7a5-4afe-960c-4c9b19b52963,https://inaturalist-open-data.s3.amazonaws.com/photos/31501979/medium.jpg,4665,American Kestrel,data/new_raw/images/c2af23c3-f7a5-4afe-960c-4c9b19b52963.jpg
43e07b47-22cf-4d25-bcb0-fc78cd8ff10a,https://inaturalist-open-data.s3.amazonaws.com/photos/31502019/medium.jpg,144815,Black-capped Chickadee,data/new_raw/images/43e07b47-22cf-4d25-bcb0-fc78cd8ff10a.jpg
6cd36842-bde4-4681-a6e1-d68adc31c772,https://inaturalist-open-data.s3.amazonaws.com/photos/31502175/medium.jpg,4672,Merlin,data/new_raw/images/6cd36842-bde4-4681-a6e1-d68adc31c772.jpg
4cc160ee-8122-4709-b3e8-6298f04d4b6f,https://inaturalist-open-data.s3.amazonaws.com/photos/31502250/medium.jpg,3454,Mourning Dove,data/new_raw/images/4cc160ee-8122-4709-b3e8-6298f04d4b6f.jpg
c73876e7-f889-4927-8ce7-8ae15a0dde10,https://inaturalist-open-data.s3.amazonaws.com/photos/31502423/medium.jpg,5212,Red-tailed Hawk,data/new_raw/images/c73876e7-f889-4927-8ce7-8ae15a0dde10.jpg
798489ac-9405-4a52-b066-50b30dae0a79,https://static.inaturalist.org/photos/31508789/medium.jpg,1579017,Cooper's Hawk,data/new_raw/images/798489ac-9405-4a52-b066-50b30dae0a79.jpg
bb374907-dcc9-4b67-9f16-0b6503eef66d,https://inaturalist-open-data.s3.amazonaws.com/photos/31512734/medium.jpg,41880,Striped Skunk,data/new_raw/images/bb374907-dcc9-4b67-9f16-0b6503eef66d.jpg
75d1827d-aff6-459f-b6d6-a0e5f46324d4,https://static.inaturalist.org/photos/31528481/medium.jpeg,9184,White-throated Sparrow,data/new_raw/images/75d1827d-aff6-459f-b6d6-a0e5f46324d4.jpg
47383a94-cdb4-4bf9-bfac-51175136b7c7,https://static.inaturalist.org/photos/31528487/medium.jpeg,122767,Feral Pigeon,data/new_raw/images/47383a94-cdb4-4bf9-bfac-51175136b7c7.jpg
4378a8a1-ad97-493e-9066-c5a243109a03,https://static.inaturalist.org/photos/31528562/medium.jpg,13858,House Sparrow,data/new_raw/images/4378a8a1-ad97-493e-9066-c5a243109a03.jpg
be725837-a247-4157-8e27-815c8767d77d,https://static.inaturalist.org/photos/31528566/medium.jpg,474210,American Tree Sparrow,data/new_raw/images/be725837-a247-4157-8e27-815c8767d77d.jpg
8e0ab9a0-b9a1-4394-ade3-7a49683791d6,https://static.inaturalist.org/photos/31528568/medium.jpg,9184,White-throated Sparrow,data/new_raw/images/8e0ab9a0-b9a1-4394-ade3-7a49683791d6.jpg
c3408e83-9795-4145-826a-3d587c3331e7,https://static.inaturalist.org/photos/31528587/medium.jpeg,8021,American Crow,data/new_raw/images/c3408e83-9795-4145-826a-3d587c3331e7.jpg
6fe6ffca-b20d-4270-b7bc-7d6f5a40f9cc,https://static.inaturalist.org/photos/31528600/medium.jpeg,144815,Black-capped Chickadee,data/new_raw/images/6fe6ffca-b20d-4270-b7bc-7d6f5a40f9cc.jpg
3a0ee5b4-fa14-40cb-8713-b46013461c49,https://static.inaturalist.org/photos/31528610/medium.jpeg,46017,Eastern Gray Squirrel,data/new_raw/images/3a0ee5b4-fa14-40cb-8713-b46013461c49.jpg
6a8c6a13-3c51-40b6-b6f3-cc5c86a28a5f,https://static.inaturalist.org/photos/31528624/medium.jpeg,13858,House Sparrow,data/new_raw/images/6a8c6a13-3c51-40b6-b6f3-cc5c86a28a5f.jpg
bb6fada2-b1a2-466d-aea6-7266315f016d,https://static.inaturalist.org/photos/31528659/medium.jpeg,13858,House Sparrow,data/new_raw/images/bb6fada2-b1a2-466d-aea6-7266315f016d.jpg
6ef10938-9d67-431d-a39a-450a8bb48351,https://static.inaturalist.org/photos/31528749/medium.jpeg,6996,Red-breasted Merganser,data/new_raw/images/6ef10938-9d67-431d-a39a-450a8bb48351.jpg
b962287a-5717-4f6e-9ea3-bc2e8afbc87a,https://static.inaturalist.org/photos/31528768/medium.jpeg,4981,Black-crowned Night Heron,data/new_raw/images/b962287a-5717-4f6e-9ea3-bc2e8afbc87a.jpg
13f77aba-ca86-4347-b586-728daf2f2067,https://static.inaturalist.org/photos/31528860/medium.jpeg,4981,Black-crowned Night Heron,data/new_raw/images/13f77aba-ca86-4347-b586-728daf2f2067.jpg
519d0a03-e695-4d37-939d-424829884824,https://static.inaturalist.org/photos/31528963/medium.jpeg,1578489,American Herring Gull,data/new_raw/images/519d0a03-e695-4d37-939d-424829884824.jpg
24cb2992-3248-45b5-bd2b-6572961c8322,https://static.inaturalist.org/photos/31528984/medium.jpeg,4981,Black-crowned Night Heron,data/new_raw/images/24cb2992-3248-45b5-bd2b-6572961c8322.jpg
cd8ca711-8a8f-4a54-bad5-bd9365b55fd8,https://static.inaturalist.org/photos/31529006/medium.jpeg,7004,Common Merganser,data/new_raw/images/cd8ca711-8a8f-4a54-bad5-bd9365b55fd8.jpg
687ea6fd-7641-4cb0-b447-cbbe8dc64b88,https://static.inaturalist.org/photos/31529027/medium.jpg,7004,Common Merganser,data/new_raw/images/687ea6fd-7641-4cb0-b447-cbbe8dc64b88.jpg
c793be9d-0045-4182-b62d-0990cac5e6d7,https://static.inaturalist.org/photos/31529065/medium.jpeg,1578489,American Herring Gull,data/new_raw/images/c793be9d-0045-4182-b62d-0990cac5e6d7.jpg
d7be1e38-1544-413c-b036-77bbfeca3f94,https://static.inaturalist.org/photos/31529100/medium.jpg,6996,Red-breasted Merganser,data/new_raw/images/d7be1e38-1544-413c-b036-77bbfeca3f94.jpg
97dc5152-2226-4a0d-b36f-01bb113f346b,https://static.inaturalist.org/photos/31529150/medium.jpeg,6996,Red-breasted Merganser,data/new_raw/images/97dc5152-2226-4a0d-b36f-01bb113f346b.jpg
7e4a1cb4-5fcb-4796-9cac-c5d270d49c6f,https://static.inaturalist.org/photos/31529160/medium.jpeg,6996,Red-breasted Merganser,data/new_raw/images/7e4a1cb4-5fcb-4796-9cac-c5d270d49c6f.jpg
cd0f500c-4688-49e5-921f-c28571d4f7d5,https://static.inaturalist.org/photos/31529183/medium.jpeg,6996,Red-breasted Merganser,data/new_raw/images/cd0f500c-4688-49e5-921f-c28571d4f7d5.jpg
ac5daa20-f073-4256-a065-27a4bdc906fd,https://static.inaturalist.org/photos/31529262/medium.jpeg,7047,Greater Scaup,data/new_raw/images/ac5daa20-f073-4256-a065-27a4bdc906fd.jpg
43eb61d5-8f30-4f57-bdaf-ae09976df9ae,https://static.inaturalist.org/photos/31529316/medium.jpeg,6996,Red-breasted Merganser,data/new_raw/images/43eb61d5-8f30-4f57-bdaf-ae09976df9ae.jpg
843914b2-c1db-4bf0-8275-b4e706b04e07,https://static.inaturalist.org/photos/31529342/medium.jpeg,6996,Red-breasted Merganser,data/new_raw/images/843914b2-c1db-4bf0-8275-b4e706b04e07.jpg
3b8bea78-27fa-4632-b6eb-f6a3e3676815,https://static.inaturalist.org/photos/31529402/medium.jpg,7004,Common Merganser,data/new_raw/images/3b8bea78-27fa-4632-b6eb-f6a3e3676815.jpg
9b9f9ed8-215f-4047-ae32-d63aa7dfe1be,https://static.inaturalist.org/photos/31529450/medium.jpeg,6996,Red-breasted Merganser,data/new_raw/images/9b9f9ed8-215f-4047-ae32-d63aa7dfe1be.jpg
bb8ec6c6-ae35-4f81-a134-59cfc76cbc3e,https://static.inaturalist.org/photos/31529465/medium.jpeg,199840,House Finch,data/new_raw/images/bb8ec6c6-ae35-4f81-a134-59cfc76cbc3e.jpg
693a54c0-ce6e-4964-b7f5-5397b19f667c,https://static.inaturalist.org/photos/31529486/medium.jpeg,7047,Greater Scaup,data/new_raw/images/693a54c0-ce6e-4964-b7f5-5397b19f667c.jpg
ac1d8258-20aa-4151-9e88-c0f239287a8f,https://static.inaturalist.org/photos/31529490/medium.jpeg,7047,Greater Scaup,data/new_raw/images/ac1d8258-20aa-4151-9e88-c0f239287a8f.jpg
24bf0e6c-259a-4bc2-9a47-0137099b4577,https://static.inaturalist.org/photos/31529581/medium.jpeg,6990,Common Goldeneye,data/new_raw/images/24bf0e6c-259a-4bc2-9a47-0137099b4577.jpg
41bb46c7-ee57-4fb7-8f4a-6c9639b118be,https://static.inaturalist.org/photos/31529601/medium.jpeg,6990,Common Goldeneye,data/new_raw/images/41bb46c7-ee57-4fb7-8f4a-6c9639b118be.jpg
3dee634d-1663-41cf-af61-062cdd995012,https://static.inaturalist.org/photos/31529616/medium.jpeg,6996,Red-breasted Merganser,data/new_raw/images/3dee634d-1663-41cf-af61-062cdd995012.jpg
ecd7700d-d1f8-4705-990b-9f548543e99b,https://static.inaturalist.org/photos/31529632/medium.jpeg,7004,Common Merganser,data/new_raw/images/ecd7700d-d1f8-4705-990b-9f548543e99b.jpg
89cf78ae-6f20-4f73-9873-2b64215686a9,https://static.inaturalist.org/photos/31529635/medium.jpeg,1578489,American Herring Gull,data/new_raw/images/89cf78ae-6f20-4f73-9873-2b64215686a9.jpg
55f762ef-13df-4778-a86e-1766d8ecad4b,https://static.inaturalist.org/photos/31529726/medium.jpeg,145245,Yellow-rumped Warbler,data/new_raw/images/55f762ef-13df-4778-a86e-1766d8ecad4b.jpg
476c0fc7-8ebe-4039-ad03-ea034131e392,https://static.inaturalist.org/photos/31529757/medium.jpeg,6996,Red-breasted Merganser,data/new_raw/images/476c0fc7-8ebe-4039-ad03-ea034131e392.jpg
afd071ba-6a39-4b32-b7fe-e9cdbba1fb4b,https://inaturalist-open-data.s3.amazonaws.com/photos/31549484/medium.jpg,43111,Eastern Cottontail,data/new_raw/images/afd071ba-6a39-4b32-b7fe-e9cdbba1fb4b.jpg
8ef73c1d-4dd5-42d0-af3c-1ec4839ed868,https://inaturalist-open-data.s3.amazonaws.com/photos/31566969/medium.jpeg,9744,Red-winged Blackbird,data/new_raw/images/8ef73c1d-4dd5-42d0-af3c-1ec4839ed868.jpg
e2331844-cf09-4318-8ab4-5b652476897d,https://static.inaturalist.org/photos/31577014/medium.jpg,144815,Black-capped Chickadee,data/new_raw/images/e2331844-cf09-4318-8ab4-5b652476897d.jpg
2473b041-5871-4ac0-8df4-0f48608a4b25,https://inaturalist-open-data.s3.amazonaws.com/photos/31605536/medium.jpg,474210,American Tree Sparrow,data/new_raw/images/2473b041-5871-4ac0-8df4-0f48608a4b25.jpg
8ddb5cb4-b504-47dc-9032-e43668fa45b5,https://inaturalist-open-data.s3.amazonaws.com/photos/31606708/medium.jpeg,9083,Northern Cardinal,data/new_raw/images/8ddb5cb4-b504-47dc-9032-e43668fa45b5.jpg
51b418ef-dc26-427a-af22-389663890dd4,https://inaturalist-open-data.s3.amazonaws.com/photos/31637592/medium.jpeg,7458,Brown Creeper,data/new_raw/images/51b418ef-dc26-427a-af22-389663890dd4.jpg
416223dc-eabc-4650-adba-6fdcc96ca14d,https://inaturalist-open-data.s3.amazonaws.com/photos/31637601/medium.jpeg,18236,Northern Flicker,data/new_raw/images/416223dc-eabc-4650-adba-6fdcc96ca14d.jpg
c12f746a-e78b-4667-96e2-61c9ad5df62a,https://inaturalist-open-data.s3.amazonaws.com/photos/31637604/medium.jpeg,9602,Common Grackle,data/new_raw/images/c12f746a-e78b-4667-96e2-61c9ad5df62a.jpg
c46106fe-f5d0-48fd-9783-4c98644807f1,https://inaturalist-open-data.s3.amazonaws.com/photos/31637607/medium.jpeg,9083,Northern Cardinal,data/new_raw/images/c46106fe-f5d0-48fd-9783-4c98644807f1.jpg
b2e452a7-b336-4513-a7b7-972a8ec48bd9,https://inaturalist-open-data.s3.amazonaws.com/photos/31637608/medium.jpeg,9083,Northern Cardinal,data/new_raw/images/b2e452a7-b336-4513-a7b7-972a8ec48bd9.jpg
c915660f-9077-4346-b6cd-664001f3d8cc,https://inaturalist-open-data.s3.amazonaws.com/photos/31637611/medium.jpeg,9424,Eastern Towhee,data/new_raw/images/c915660f-9077-4346-b6cd-664001f3d8cc.jpg
5f2a5d5f-08df-4e62-ac47-c0f566deda2c,https://static.inaturalist.org/photos/31718690/medium.jpeg,45994,Tree Squirrels,data/new_raw/images/5f2a5d5f-08df-4e62-ac47-c0f566deda2c.jpg
7eb0a6b0-58cd-46e1-a9ab-d56ff8579fb9,https://static.inaturalist.org/photos/31659747/medium.jpg,7251,Perching Birds,data/new_raw/images/7eb0a6b0-58cd-46e1-a9ab-d56ff8579fb9.jpg
a59bc8d8-4be2-4274-9489-a42e12fb1dbb,https://static.inaturalist.org/photos/31660592/medium.jpg,4258,Chilean Flamingo,data/new_raw/images/a59bc8d8-4be2-4274-9489-a42e12fb1dbb.jpg
160c3529-c857-4125-b615-41c3054594f4,https://static.inaturalist.org/photos/31661999/medium.jpeg,41964,Lion,data/new_raw/images/160c3529-c857-4125-b615-41c3054594f4.jpg
6ed32c42-b9d5-4861-96a7-79c05d990907,https://inaturalist-open-data.s3.amazonaws.com/photos/31670641/medium.jpeg,145304,Pine Siskin,data/new_raw/images/6ed32c42-b9d5-4861-96a7-79c05d990907.jpg
c0baf2ab-d506-4692-a0f2-e4ce33f98696,https://inaturalist-open-data.s3.amazonaws.com/photos/31671576/medium.jpeg,145310,American Goldfinch,data/new_raw/images/c0baf2ab-d506-4692-a0f2-e4ce33f98696.jpg
325fede7-5aa0-4f8a-ac63-689bdcd4627d,https://inaturalist-open-data.s3.amazonaws.com/photos/31926106/medium.jpg,42223,White-tailed Deer,data/new_raw/images/325fede7-5aa0-4f8a-ac63-689bdcd4627d.jpg
c52ab329-a600-4323-8050-3702f8579c0a,https://inaturalist-open-data.s3.amazonaws.com/photos/31960147/medium.jpeg,42223,White-tailed Deer,data/new_raw/images/c52ab329-a600-4323-8050-3702f8579c0a.jpg
653c3f33-380b-4e85-901a-fbf1732409dc,https://static.inaturalist.org/photos/31971431/medium.jpg,41461,Beluga,data/new_raw/images/653c3f33-380b-4e85-901a-fbf1732409dc.jpg
cdfd2e2c-7e85-4f80-b660-d313c806b617,https://inaturalist-open-data.s3.amazonaws.com/photos/31991170/medium.jpeg,1579017,Cooper's Hawk,data/new_raw/images/cdfd2e2c-7e85-4f80-b660-d313c806b617.jpg
a7b9ca4c-e8cd-43dd-9e31-48e833a70a99,https://inaturalist-open-data.s3.amazonaws.com/photos/31994091/medium.jpeg,7054,Lesser Scaup,data/new_raw/images/a7b9ca4c-e8cd-43dd-9e31-48e833a70a99.jpg
f5717dd8-d941-4950-9f4e-061753318991,https://inaturalist-open-data.s3.amazonaws.com/photos/31994095/medium.jpeg,7047,Greater Scaup,data/new_raw/images/f5717dd8-d941-4950-9f4e-061753318991.jpg
e279edda-e211-4538-abda-ba258198f31c,https://inaturalist-open-data.s3.amazonaws.com/photos/32020764/medium.jpeg,12727,American Robin,data/new_raw/images/e279edda-e211-4538-abda-ba258198f31c.jpg
dcf99c8b-e0e6-41a9-9824-33196934bdc9,https://inaturalist-open-data.s3.amazonaws.com/photos/32022792/medium.jpg,4343,Large White-headed Gulls,data/new_raw/images/dcf99c8b-e0e6-41a9-9824-33196934bdc9.jpg
4826414a-d9b4-4e2c-83ad-1002f6f9ab4d,https://static.inaturalist.org/photos/32027965/medium.jpeg,20307,Long-eared Owl,data/new_raw/images/4826414a-d9b4-4e2c-83ad-1002f6f9ab4d.jpg
ecdf67d4-4474-44d4-bc4b-1f394e6abd73,https://inaturalist-open-data.s3.amazonaws.com/photos/32064418/medium.jpeg,848320,Placental Mammals,data/new_raw/images/ecdf67d4-4474-44d4-bc4b-1f394e6abd73.jpg
bdf3ff26-3500-4218-84d8-7511ffc12632,https://static.inaturalist.org/photos/32085435/medium.jpg,13858,House Sparrow,data/new_raw/images/bdf3ff26-3500-4218-84d8-7511ffc12632.jpg
29048653-d370-4cf4-baf4-3e22c8f571ed,https://static.inaturalist.org/photos/32088632/medium.jpeg,122767,Feral Pigeon,data/new_raw/images/29048653-d370-4cf4-baf4-3e22c8f571ed.jpg
7cde8b89-5420-4790-a53e-0b599b075986,https://inaturalist-open-data.s3.amazonaws.com/photos/32105114/medium.jpg,6996,Red-breasted Merganser,data/new_raw/images/7cde8b89-5420-4790-a53e-0b599b075986.jpg
836fffb1-6db5-4905-b347-91f9b29b8580,https://inaturalist-open-data.s3.amazonaws.com/photos/32105141/medium.jpg,7056,Redhead,data/new_raw/images/836fffb1-6db5-4905-b347-91f9b29b8580.jpg
7282d1f7-8f84-4615-87b4-c1b3587053ea,https://inaturalist-open-data.s3.amazonaws.com/photos/32105170/medium.jpg,473,American Coot,data/new_raw/images/7282d1f7-8f84-4615-87b4-c1b3587053ea.jpg
c107ab40-885e-4055-854d-2596005f5df0,https://inaturalist-open-data.s3.amazonaws.com/photos/32105212/medium.jpg,6990,Common Goldeneye,data/new_raw/images/c107ab40-885e-4055-854d-2596005f5df0.jpg
1c974062-df43-4753-a5e1-7491f1ea7034,https://inaturalist-open-data.s3.amazonaws.com/photos/32105225/medium.jpg,144815,Black-capped Chickadee,data/new_raw/images/1c974062-df43-4753-a5e1-7491f1ea7034.jpg
28f308cd-3cf6-4ca9-aa07-d1311a07e503,https://inaturalist-open-data.s3.amazonaws.com/photos/32105306/medium.jpg,13858,House Sparrow,data/new_raw/images/28f308cd-3cf6-4ca9-aa07-d1311a07e503.jpg
218f19e9-1ca5-4c20-a4e8-e7c18b4c68ea,https://inaturalist-open-data.s3.amazonaws.com/photos/32105412/medium.jpg,10094,Dark-eyed Junco,data/new_raw/images/218f19e9-1ca5-4c20-a4e8-e7c18b4c68ea.jpg
a79cb030-1e4c-4f48-ae30-b7e2a1d0c555,https://inaturalist-open-data.s3.amazonaws.com/photos/32105420/medium.jpg,18205,Red-bellied Woodpecker,data/new_raw/images/a79cb030-1e4c-4f48-ae30-b7e2a1d0c555.jpg
f8cf66fb-3f41-45b7-bcf0-308232d8ca16,https://inaturalist-open-data.s3.amazonaws.com/photos/32105881/medium.jpeg,13858,House Sparrow,data/new_raw/images/f8cf66fb-3f41-45b7-bcf0-308232d8ca16.jpg
35fde0d0-4ec4-42bd-825c-f38499d75eac,https://inaturalist-open-data.s3.amazonaws.com/photos/32109770/medium.jpeg,144222,White-winged Scoter,data/new_raw/images/35fde0d0-4ec4-42bd-825c-f38499d75eac.jpg
1b9bce70-4f5e-4a16-bbaa-3e59e11d03f2,https://inaturalist-open-data.s3.amazonaws.com/photos/32116012/medium.jpeg,9083,Northern Cardinal,data/new_raw/images/1b9bce70-4f5e-4a16-bbaa-3e59e11d03f2.jpg
dbe9d0a6-f37e-4c6e-8de9-7c1b0ec41d89,https://inaturalist-open-data.s3.amazonaws.com/photos/32116013/medium.jpeg,199840,House Finch,data/new_raw/images/dbe9d0a6-f37e-4c6e-8de9-7c1b0ec41d89.jpg
5aa24e55-27ea-4f3c-b1bb-a31c75c0030b,https://inaturalist-open-data.s3.amazonaws.com/photos/32116017/medium.jpeg,122767,Feral Pigeon,data/new_raw/images/5aa24e55-27ea-4f3c-b1bb-a31c75c0030b.jpg
9b473e6f-b388-42f9-918b-e86c79e5e81c,https://inaturalist-open-data.s3.amazonaws.com/photos/32116019/medium.jpeg,792988,Downy Woodpecker,data/new_raw/images/9b473e6f-b388-42f9-918b-e86c79e5e81c.jpg
0b7b036d-76d8-4d9c-bc5e-1fcd44114440,https://inaturalist-open-data.s3.amazonaws.com/photos/32116021/medium.jpeg,13858,House Sparrow,data/new_raw/images/0b7b036d-76d8-4d9c-bc5e-1fcd44114440.jpg
abfc451d-3f4c-4c42-a6c0-691437d953b4,https://inaturalist-open-data.s3.amazonaws.com/photos/32116365/medium.jpg,43794,American Beaver,data/new_raw/images/abfc451d-3f4c-4c42-a6c0-691437d953b4.jpg
6b897b6d-070d-41a2-9a0f-3b7f78076e9d,https://inaturalist-open-data.s3.amazonaws.com/photos/32116528/medium.jpeg,8021,American Crow,data/new_raw/images/6b897b6d-070d-41a2-9a0f-3b7f78076e9d.jpg
57d81b11-1b56-466d-b09d-5d47446b352f,https://static.inaturalist.org/photos/32127877/medium.jpeg,122767,Feral Pigeon,data/new_raw/images/57d81b11-1b56-466d-b09d-5d47446b352f.jpg
752a3df3-a1f7-4079-8ada-d093bde3f5f4,https://inaturalist-open-data.s3.amazonaws.com/photos/32137995/medium.jpg,1579017,Cooper's Hawk,data/new_raw/images/752a3df3-a1f7-4079-8ada-d093bde3f5f4.jpg
a20d9904-3920-4eb9-977e-305bcd4264e3,https://static.inaturalist.org/photos/32145860/medium.jpg,792988,Downy Woodpecker,data/new_raw/images/a20d9904-3920-4eb9-977e-305bcd4264e3.jpg
048e272b-6e13-4cf0-b836-83a01c6009c8,https://inaturalist-open-data.s3.amazonaws.com/photos/32154483/medium.jpg,4956,Great Blue Heron,data/new_raw/images/048e272b-6e13-4cf0-b836-83a01c6009c8.jpg
2aead508-aaeb-4bae-ac44-0b52ba5e073d,https://static.inaturalist.org/photos/32169254/medium.jpg,3454,Mourning Dove,data/new_raw/images/2aead508-aaeb-4bae-ac44-0b52ba5e073d.jpg
a55417ac-0f92-4ac0-bacd-d1a37295f22c,https://static.inaturalist.org/photos/32170953/medium.jpg,46017,Eastern Gray Squirrel,data/new_raw/images/a55417ac-0f92-4ac0-bacd-d1a37295f22c.jpg
891fe744-9650-49af-853b-03e8740077b2,https://inaturalist-open-data.s3.amazonaws.com/photos/32198286/medium.jpg,12901,Veery,data/new_raw/images/891fe744-9650-49af-853b-03e8740077b2.jpg
5fe7bc5f-9fa7-46ef-bb04-82354eaab7a1,https://inaturalist-open-data.s3.amazonaws.com/photos/32198313/medium.jpg,12878,Swainson's Thrush,data/new_raw/images/5fe7bc5f-9fa7-46ef-bb04-82354eaab7a1.jpg
30183335-8c5e-4177-bcfc-9f56d67ef1f4,https://inaturalist-open-data.s3.amazonaws.com/photos/32198337/medium.jpg,5020,Green Heron,data/new_raw/images/30183335-8c5e-4177-bcfc-9f56d67ef1f4.jpg
a068d216-cfc7-4f73-8752-de58a0025866,https://inaturalist-open-data.s3.amazonaws.com/photos/32198360/medium.jpg,145224,Mourning Warbler,data/new_raw/images/a068d216-cfc7-4f73-8752-de58a0025866.jpg
6fe276d8-73aa-498e-8a55-317fa20c42e2,https://inaturalist-open-data.s3.amazonaws.com/photos/32198459/medium.jpg,145235,Magnolia Warbler,data/new_raw/images/6fe276d8-73aa-498e-8a55-317fa20c42e2.jpg
224ebb1d-837c-4565-8d6f-856d6f3618bc,https://inaturalist-open-data.s3.amazonaws.com/photos/32198502/medium.jpg,145231,Cape May Warbler,data/new_raw/images/224ebb1d-837c-4565-8d6f-856d6f3618bc.jpg
1fc4722f-8f55-4723-902a-8758b4349761,https://inaturalist-open-data.s3.amazonaws.com/photos/32199817/medium.jpeg,145304,Pine Siskin,data/new_raw/images/1fc4722f-8f55-4723-902a-8758b4349761.jpg
8282a90b-b1c6-4bd5-902b-4fcc37e6cc75,https://inaturalist-open-data.s3.amazonaws.com/photos/32201423/medium.jpeg,7109,Hooded Merganser,data/new_raw/images/8282a90b-b1c6-4bd5-902b-4fcc37e6cc75.jpg
790edc9b-dda5-4e80-b580-07d9a35b752c,https://static.inaturalist.org/photos/32215599/medium.jpg,8021,American Crow,data/new_raw/images/790edc9b-dda5-4e80-b580-07d9a35b752c.jpg
a2815165-cf3e-4b83-94c2-c0cc06ae3a10,https://inaturalist-open-data.s3.amazonaws.com/photos/32219756/medium.jpeg,14850,European Starling,data/new_raw/images/a2815165-cf3e-4b83-94c2-c0cc06ae3a10.jpg
d53284fd-8e15-471d-a4a7-a4de4932c0ff,https://inaturalist-open-data.s3.amazonaws.com/photos/32232261/medium.jpg,5305,Bald Eagle,data/new_raw/images/d53284fd-8e15-471d-a4a7-a4de4932c0ff.jpg
4928983a-9426-4320-9ad5-3dba6e5c6a1c,https://inaturalist-open-data.s3.amazonaws.com/photos/32232407/medium.jpg,7004,Common Merganser,data/new_raw/images/4928983a-9426-4320-9ad5-3dba6e5c6a1c.jpg
cf691b74-a4de-4e06-9b99-e8ae22b2f6ad,https://inaturalist-open-data.s3.amazonaws.com/photos/32232429/medium.jpg,2548,Belted Kingfisher,data/new_raw/images/cf691b74-a4de-4e06-9b99-e8ae22b2f6ad.jpg
05662602-f77e-436e-8433-47b83c2a3496,https://inaturalist-open-data.s3.amazonaws.com/photos/32236757/medium.jpg,1965,Yellow-billed Cuckoo,data/new_raw/images/05662602-f77e-436e-8433-47b83c2a3496.jpg
b2962c7c-671a-4725-82b0-b54fb52c8802,https://inaturalist-open-data.s3.amazonaws.com/photos/32280895/medium.jpg,4364,Ring-billed Gull,data/new_raw/images/b2962c7c-671a-4725-82b0-b54fb52c8802.jpg
b48071e8-0722-410c-ad59-26a71345daae,https://inaturalist-open-data.s3.amazonaws.com/photos/32302255/medium.jpg,144815,Black-capped Chickadee,data/new_raw/images/b48071e8-0722-410c-ad59-26a71345daae.jpg
59d5f248-9856-4ab6-ae99-394a7cdfe4ab,https://inaturalist-open-data.s3.amazonaws.com/photos/32302330/medium.jpg,42223,White-tailed Deer,data/new_raw/images/59d5f248-9856-4ab6-ae99-394a7cdfe4ab.jpg
ba798799-c949-4384-9866-375bac1b712e,https://inaturalist-open-data.s3.amazonaws.com/photos/32302596/medium.jpg,7089,Canada Goose,data/new_raw/images/ba798799-c949-4384-9866-375bac1b712e.jpg
eb13c1dd-3df3-4176-abc4-b3d585e3f8c1,https://static.inaturalist.org/photos/32361433/medium.jpg,43584,Human,data/new_raw/images/eb13c1dd-3df3-4176-abc4-b3d585e3f8c1.jpg
35036830-ad49-4b32-8bc8-38de13c3e71a,https://inaturalist-open-data.s3.amazonaws.com/photos/32367491/medium.jpeg,792988,Downy Woodpecker,data/new_raw/images/35036830-ad49-4b32-8bc8-38de13c3e71a.jpg
1187618a-ec9c-428f-ae3d-f3e149d62aab,https://inaturalist-open-data.s3.amazonaws.com/photos/32387796/medium.jpg,42051,Coyote,data/new_raw/images/1187618a-ec9c-428f-ae3d-f3e149d62aab.jpg
16c7720d-2e18-4497-9bd6-6c1387ec0c90,https://inaturalist-open-data.s3.amazonaws.com/photos/32431272/medium.jpg,6996,Red-breasted Merganser,data/new_raw/images/16c7720d-2e18-4497-9bd6-6c1387ec0c90.jpg
27e7fcab-83f1-44a9-928d-a95d359dd263,https://static.inaturalist.org/photos/32472035/medium.jpg,7089,Canada Goose,data/new_raw/images/27e7fcab-83f1-44a9-928d-a95d359dd263.jpg
b0ff8887-304d-4495-8eb8-dcb3bebc7eee,https://static.inaturalist.org/photos/32474628/medium.jpeg,46017,Eastern Gray Squirrel,data/new_raw/images/b0ff8887-304d-4495-8eb8-dcb3bebc7eee.jpg
f0ed6c3d-d69f-4ece-8737-84f9f19258e3,https://static.inaturalist.org/photos/32474634/medium.jpeg,43111,Eastern Cottontail,data/new_raw/images/f0ed6c3d-d69f-4ece-8737-84f9f19258e3.jpg
aaef54f4-839b-4620-addf-c1b1744711c6,https://static.inaturalist.org/photos/32474638/medium.jpeg,46017,Eastern Gray Squirrel,data/new_raw/images/aaef54f4-839b-4620-addf-c1b1744711c6.jpg
25d95deb-e195-4791-949e-8f6f4d97ccbf,https://static.inaturalist.org/photos/32474640/medium.jpeg,46017,Eastern Gray Squirrel,data/new_raw/images/25d95deb-e195-4791-949e-8f6f4d97ccbf.jpg
68960b5b-5ee6-4836-8d4d-074c4b7fd5a2,https://static.inaturalist.org/photos/32474645/medium.jpeg,9083,Northern Cardinal,data/new_raw/images/68960b5b-5ee6-4836-8d4d-074c4b7fd5a2.jpg
51d2b653-43a2-4054-a59d-0eb62a986c4a,https://static.inaturalist.org/photos/32474641/medium.jpeg,9083,Northern Cardinal,data/new_raw/images/51d2b653-43a2-4054-a59d-0eb62a986c4a.jpg
d5e07a58-d1a0-485b-9d92-34c610522eb2,https://static.inaturalist.org/photos/32474648/medium.jpeg,9083,Northern Cardinal,data/new_raw/images/d5e07a58-d1a0-485b-9d92-34c610522eb2.jpg
3c17ef95-4bf2-4015-8ca8-69df34ebe109,https://static.inaturalist.org/photos/32474653/medium.jpeg,46017,Eastern Gray Squirrel,data/new_raw/images/3c17ef95-4bf2-4015-8ca8-69df34ebe109.jpg
b96bd818-15da-46aa-85b3-bca80da68e0d,https://static.inaturalist.org/photos/32474655/medium.jpeg,46017,Eastern Gray Squirrel,data/new_raw/images/b96bd818-15da-46aa-85b3-bca80da68e0d.jpg
1af8845b-2ec1-4315-bd53-c5525e0deafd,https://static.inaturalist.org/photos/32474657/medium.jpeg,46017,Eastern Gray Squirrel,data/new_raw/images/1af8845b-2ec1-4315-bd53-c5525e0deafd.jpg
e536ffac-53be-4034-88c4-044e779e94af,https://static.inaturalist.org/photos/32474663/medium.jpeg,46017,Eastern Gray Squirrel,data/new_raw/images/e536ffac-53be-4034-88c4-044e779e94af.jpg
8be5ecbf-8f7f-4bfa-900d-374911a9404f,https://static.inaturalist.org/photos/32474669/medium.jpeg,46017,Eastern Gray Squirrel,data/new_raw/images/8be5ecbf-8f7f-4bfa-900d-374911a9404f.jpg
d9322577-3ff4-45e8-8416-13fea4831dfd,https://static.inaturalist.org/photos/32474675/medium.jpeg,46017,Eastern Gray Squirrel,data/new_raw/images/d9322577-3ff4-45e8-8416-13fea4831dfd.jpg
50abd9ce-7db3-4682-84d8-a9496c96a7ca,https://static.inaturalist.org/photos/32474677/medium.jpeg,46017,Eastern Gray Squirrel,data/new_raw/images/50abd9ce-7db3-4682-84d8-a9496c96a7ca.jpg
1282de7f-a676-4676-8ae9-b16ad7fecea9,https://static.inaturalist.org/photos/32474678/medium.jpeg,46017,Eastern Gray Squirrel,data/new_raw/images/1282de7f-a676-4676-8ae9-b16ad7fecea9.jpg
4a627b2f-50c8-403a-b317-1f87db9665b7,https://static.inaturalist.org/photos/32474682/medium.jpeg,43111,Eastern Cottontail,data/new_raw/images/4a627b2f-50c8-403a-b317-1f87db9665b7.jpg
cd4275d0-caa5-410d-8cdc-411625cbd97b,https://static.inaturalist.org/photos/32474687/medium.jpeg,46017,Eastern Gray Squirrel,data/new_raw/images/cd4275d0-caa5-410d-8cdc-411625cbd97b.jpg
21cffd82-2d9e-4a45-ab38-1b1e1ee0bde1,https://static.inaturalist.org/photos/32474693/medium.jpeg,46017,Eastern Gray Squirrel,data/new_raw/images/21cffd82-2d9e-4a45-ab38-1b1e1ee0bde1.jpg
3e01e117-498c-4593-b416-cd23f353ffea,https://static.inaturalist.org/photos/32474697/medium.jpeg,46017,Eastern Gray Squirrel,data/new_raw/images/3e01e117-498c-4593-b416-cd23f353ffea.jpg
4a9712af-de13-4a24-afb4-5b9ab663d28b,https://static.inaturalist.org/photos/32474703/medium.jpeg,46017,Eastern Gray Squirrel,data/new_raw/images/4a9712af-de13-4a24-afb4-5b9ab663d28b.jpg
1695dd25-3a89-4ce3-b23c-7a504fc2f153,https://static.inaturalist.org/photos/32474707/medium.jpeg,46017,Eastern Gray Squirrel,data/new_raw/images/1695dd25-3a89-4ce3-b23c-7a504fc2f153.jpg
189888e8-761b-41bd-881e-035dffcfd5c9,https://static.inaturalist.org/photos/32474710/medium.jpeg,43111,Eastern Cottontail,data/new_raw/images/189888e8-761b-41bd-881e-035dffcfd5c9.jpg
1736d26f-6f42-44dc-ac5e-ad1cbb8d70d4,https://static.inaturalist.org/photos/32474712/medium.jpeg,46017,Eastern Gray Squirrel,data/new_raw/images/1736d26f-6f42-44dc-ac5e-ad1cbb8d70d4.jpg
594a6d0d-fe91-4eef-8898-85ea3284e7d0,https://static.inaturalist.org/photos/32474717/medium.jpeg,46017,Eastern Gray Squirrel,data/new_raw/images/594a6d0d-fe91-4eef-8898-85ea3284e7d0.jpg
07ef4171-c3de-493e-b42d-aa78f2660321,https://static.inaturalist.org/photos/32478673/medium.jpeg,43111,Eastern Cottontail,data/new_raw/images/07ef4171-c3de-493e-b42d-aa78f2660321.jpg
3f93bb88-c977-4e63-9126-6104bcbcc112,https://static.inaturalist.org/photos/32478675/medium.jpeg,46017,Eastern Gray Squirrel,data/new_raw/images/3f93bb88-c977-4e63-9126-6104bcbcc112.jpg
044bd6f2-bb08-4ca0-baef-f2623bf3c8b7,https://static.inaturalist.org/photos/32478677/medium.jpeg,46017,Eastern Gray Squirrel,data/new_raw/images/044bd6f2-bb08-4ca0-baef-f2623bf3c8b7.jpg
16a9f0f3-571e-4ffc-a6e7-40a5c202f7aa,https://static.inaturalist.org/photos/32478678/medium.jpeg,43111,Eastern Cottontail,data/new_raw/images/16a9f0f3-571e-4ffc-a6e7-40a5c202f7aa.jpg
cf89e727-a2d6-4bce-a198-3c5620d9812a,https://static.inaturalist.org/photos/32478683/medium.jpeg,43111,Eastern Cottontail,data/new_raw/images/cf89e727-a2d6-4bce-a198-3c5620d9812a.jpg
cdec9bd8-477a-449f-8775-a6ac46966d92,https://static.inaturalist.org/photos/32478684/medium.jpeg,46017,Eastern Gray Squirrel,data/new_raw/images/cdec9bd8-477a-449f-8775-a6ac46966d92.jpg
686a7bcc-e30d-49bd-958d-7ab0565ec44e,https://static.inaturalist.org/photos/32478689/medium.jpeg,43111,Eastern Cottontail,data/new_raw/images/686a7bcc-e30d-49bd-958d-7ab0565ec44e.jpg
66a8b5a4-a5d6-47de-8107-0c6718143dbf,https://static.inaturalist.org/photos/32478691/medium.jpeg,43111,Eastern Cottontail,data/new_raw/images/66a8b5a4-a5d6-47de-8107-0c6718143dbf.jpg
e0fa5931-12fe-4032-b898-1d5bf5acb654,https://static.inaturalist.org/photos/32478697/medium.jpeg,46017,Eastern Gray Squirrel,data/new_raw/images/e0fa5931-12fe-4032-b898-1d5bf5acb654.jpg
bb2c2e45-1630-4ac0-a9c5-41f705580c43,https://static.inaturalist.org/photos/32478700/medium.jpeg,43111,Eastern Cottontail,data/new_raw/images/bb2c2e45-1630-4ac0-a9c5-41f705580c43.jpg
31457802-1d68-4ebd-b10e-cf39dfb951fe,https://static.inaturalist.org/photos/32478705/medium.jpeg,46017,Eastern Gray Squirrel,data/new_raw/images/31457802-1d68-4ebd-b10e-cf39dfb951fe.jpg
b6bcbeaa-42d4-4e70-a5d0-7c9c43e79901,https://static.inaturalist.org/photos/32478709/medium.jpeg,46017,Eastern Gray Squirrel,data/new_raw/images/b6bcbeaa-42d4-4e70-a5d0-7c9c43e79901.jpg
f4be7af4-c726-4aed-b958-0336153becc4,https://static.inaturalist.org/photos/32478717/medium.jpeg,10094,Dark-eyed Junco,data/new_raw/images/f4be7af4-c726-4aed-b958-0336153becc4.jpg
705e5781-2b9c-4b60-b351-a7904c810f4b,https://static.inaturalist.org/photos/32478721/medium.jpeg,9083,Northern Cardinal,data/new_raw/images/705e5781-2b9c-4b60-b351-a7904c810f4b.jpg
8e740d4a-19cf-4e0b-8fdc-0e08030a9621,https://static.inaturalist.org/photos/32478725/medium.jpeg,9083,Northern Cardinal,data/new_raw/images/8e740d4a-19cf-4e0b-8fdc-0e08030a9621.jpg
1feef145-6b1b-4569-8521-a5b7aedbcd90,https://static.inaturalist.org/photos/32478735/medium.jpeg,46017,Eastern Gray Squirrel,data/new_raw/images/1feef145-6b1b-4569-8521-a5b7aedbcd90.jpg
aaebd6ab-6cb5-4738-aa1c-12e0d8cb15f6,https://static.inaturalist.org/photos/32478739/medium.jpeg,10094,Dark-eyed Junco,data/new_raw/images/aaebd6ab-6cb5-4738-aa1c-12e0d8cb15f6.jpg
ef2f4de2-e9ab-4f7c-891c-aa48a0ba6e0a,https://static.inaturalist.org/photos/32478746/medium.jpeg,46017,Eastern Gray Squirrel,data/new_raw/images/ef2f4de2-e9ab-4f7c-891c-aa48a0ba6e0a.jpg
b0b15d6a-877f-42b7-8b85-e0565a192d0a,https://static.inaturalist.org/photos/32478756/medium.jpeg,9083,Northern Cardinal,data/new_raw/images/b0b15d6a-877f-42b7-8b85-e0565a192d0a.jpg
924526d5-dda7-4d84-943d-6994132d61c4,https://static.inaturalist.org/photos/32478758/medium.jpeg,9083,Northern Cardinal,data/new_raw/images/924526d5-dda7-4d84-943d-6994132d61c4.jpg
af903c64-65c9-4b6e-9235-b48f6497dfbe,https://static.inaturalist.org/photos/32478770/medium.jpeg,9083,Northern Cardinal,data/new_raw/images/af903c64-65c9-4b6e-9235-b48f6497dfbe.jpg
891afe07-87d4-41cc-a528-565a552fdb4d,https://static.inaturalist.org/photos/32478780/medium.jpeg,46017,Eastern Gray Squirrel,data/new_raw/images/891afe07-87d4-41cc-a528-565a552fdb4d.jpg
a1b30f3e-fc77-486e-8699-1dc1d4330367,https://static.inaturalist.org/photos/32478781/medium.jpeg,46017,Eastern Gray Squirrel,data/new_raw/images/a1b30f3e-fc77-486e-8699-1dc1d4330367.jpg
a7f0fe21-eb64-4eca-8caf-419ccb55f544,https://static.inaturalist.org/photos/32478786/medium.jpeg,9083,Northern Cardinal,data/new_raw/images/a7f0fe21-eb64-4eca-8caf-419ccb55f544.jpg
a709579c-53ab-4a7b-b075-a411948418ac,https://static.inaturalist.org/photos/32478788/medium.jpeg,9083,Northern Cardinal,data/new_raw/images/a709579c-53ab-4a7b-b075-a411948418ac.jpg
87518512-7649-4483-af4a-e5b519bf5555,https://static.inaturalist.org/photos/32478791/medium.jpeg,9083,Northern Cardinal,data/new_raw/images/87518512-7649-4483-af4a-e5b519bf5555.jpg
5e4e66fd-7e58-41d5-a9c5-47b3beed2dac,https://static.inaturalist.org/photos/32478962/medium.jpeg,9083,Northern Cardinal,data/new_raw/images/5e4e66fd-7e58-41d5-a9c5-47b3beed2dac.jpg
214c78de-475e-4f36-9f57-28bf99b2d068,https://static.inaturalist.org/photos/32478963/medium.jpeg,43111,Eastern Cottontail,data/new_raw/images/214c78de-475e-4f36-9f57-28bf99b2d068.jpg
085e638a-693c-4afe-b7dc-a769c3aa86f3,https://static.inaturalist.org/photos/32478964/medium.jpeg,9083,Northern Cardinal,data/new_raw/images/085e638a-693c-4afe-b7dc-a769c3aa86f3.jpg
4c3af226-7055-419f-9c9f-088d6ba3bced,https://static.inaturalist.org/photos/32478974/medium.jpeg,9083,Northern Cardinal,data/new_raw/images/4c3af226-7055-419f-9c9f-088d6ba3bced.jpg
79d88e0d-a343-4228-b0f5-4aa6f9ea7d1f,https://static.inaturalist.org/photos/32478978/medium.jpeg,9083,Northern Cardinal,data/new_raw/images/79d88e0d-a343-4228-b0f5-4aa6f9ea7d1f.jpg
8dce31a2-d63c-437c-8f25-c7a0a5c57df5,https://static.inaturalist.org/photos/32478982/medium.jpeg,46017,Eastern Gray Squirrel,data/new_raw/images/8dce31a2-d63c-437c-8f25-c7a0a5c57df5.jpg
049a3599-fb83-461e-b90a-3fe0e167d41c,https://static.inaturalist.org/photos/32478985/medium.jpeg,43111,Eastern Cottontail,data/new_raw/images/049a3599-fb83-461e-b90a-3fe0e167d41c.jpg
1c5b8be6-08ec-45e6-a873-1880b9ffe06d,https://static.inaturalist.org/photos/32478990/medium.jpeg,46017,Eastern Gray Squirrel,data/new_raw/images/1c5b8be6-08ec-45e6-a873-1880b9ffe06d.jpg
f8bd83a8-0e82-404e-99e0-3de71dbfc7b2,https://static.inaturalist.org/photos/32478998/medium.jpeg,46017,Eastern Gray Squirrel,data/new_raw/images/f8bd83a8-0e82-404e-99e0-3de71dbfc7b2.jpg
6df24893-ec0c-4b3e-a75d-95790e8ab82e,https://static.inaturalist.org/photos/32479004/medium.jpeg,43111,Eastern Cottontail,data/new_raw/images/6df24893-ec0c-4b3e-a75d-95790e8ab82e.jpg
1c8d1189-9a9b-4035-803b-55b64918964c,https://static.inaturalist.org/photos/32479006/medium.jpeg,9083,Northern Cardinal,data/new_raw/images/1c8d1189-9a9b-4035-803b-55b64918964c.jpg
d2a0798d-8103-458a-90be-2d4cd6c5c683,https://static.inaturalist.org/photos/32479011/medium.jpeg,9083,Northern Cardinal,data/new_raw/images/d2a0798d-8103-458a-90be-2d4cd6c5c683.jpg
eced089a-4f00-401d-b741-2afd1a2d1744,https://static.inaturalist.org/photos/32479016/medium.jpeg,43111,Eastern Cottontail,data/new_raw/images/eced089a-4f00-401d-b741-2afd1a2d1744.jpg
5167d457-8155-4e70-ad58-16ba66b96321,https://static.inaturalist.org/photos/32479021/medium.jpeg,46017,Eastern Gray Squirrel,data/new_raw/images/5167d457-8155-4e70-ad58-16ba66b96321.jpg
799a3d4d-1a06-46fc-8042-f12d2069d42f,https://static.inaturalist.org/photos/32479024/medium.jpeg,9083,Northern Cardinal,data/new_raw/images/799a3d4d-1a06-46fc-8042-f12d2069d42f.jpg
7f3913e2-2980-4cd3-a666-144aa250b766,https://static.inaturalist.org/photos/32479029/medium.jpeg,9083,Northern Cardinal,data/new_raw/images/7f3913e2-2980-4cd3-a666-144aa250b766.jpg
2546ad1c-5dab-4a95-95b9-b45c6470937a,https://static.inaturalist.org/photos/32479033/medium.jpeg,43111,Eastern Cottontail,data/new_raw/images/2546ad1c-5dab-4a95-95b9-b45c6470937a.jpg
e36a2e30-1412-4c90-bbd8-a99f85ec6ed1,https://static.inaturalist.org/photos/32479038/medium.jpeg,9083,Northern Cardinal,data/new_raw/images/e36a2e30-1412-4c90-bbd8-a99f85ec6ed1.jpg
20a228e7-e7c2-4c33-b436-9696d557f2a5,https://static.inaturalist.org/photos/32479042/medium.jpeg,46017,Eastern Gray Squirrel,data/new_raw/images/20a228e7-e7c2-4c33-b436-9696d557f2a5.jpg
5f431c27-7f0f-42aa-a437-201788b627e5,https://static.inaturalist.org/photos/32479046/medium.jpeg,43111,Eastern Cottontail,data/new_raw/images/5f431c27-7f0f-42aa-a437-201788b627e5.jpg
781ab47b-e966-458d-b850-6406e9e2ee18,https://static.inaturalist.org/photos/32479049/medium.jpeg,46017,Eastern Gray Squirrel,data/new_raw/images/781ab47b-e966-458d-b850-6406e9e2ee18.jpg
6e5cc233-ec7b-4b8c-a687-37f37eb2987e,https://static.inaturalist.org/photos/32479053/medium.jpeg,46017,Eastern Gray Squirrel,data/new_raw/images/6e5cc233-ec7b-4b8c-a687-37f37eb2987e.jpg
04cbc022-a2dd-43c2-ac3c-c6e6fd4ae22a,https://static.inaturalist.org/photos/32479056/medium.jpeg,9083,Northern Cardinal,data/new_raw/images/04cbc022-a2dd-43c2-ac3c-c6e6fd4ae22a.jpg
3c466fc9-055b-4aa4-b2f7-8faf37a5f3ef,https://static.inaturalist.org/photos/32479060/medium.jpeg,9083,Northern Cardinal,data/new_raw/images/3c466fc9-055b-4aa4-b2f7-8faf37a5f3ef.jpg
d0ec9cb5-cf55-4bb1-a53e-aacf5186efdf,https://static.inaturalist.org/photos/32479063/medium.jpeg,46017,Eastern Gray Squirrel,data/new_raw/images/d0ec9cb5-cf55-4bb1-a53e-aacf5186efdf.jpg
41d2a576-71ea-4856-bede-3584d30ca6ca,https://static.inaturalist.org/photos/32479066/medium.jpeg,43111,Eastern Cottontail,data/new_raw/images/41d2a576-71ea-4856-bede-3584d30ca6ca.jpg
01696d1f-5ff7-44f4-8302-6a1eea5b9fa9,https://static.inaturalist.org/photos/32479068/medium.jpeg,9083,Northern Cardinal,data/new_raw/images/01696d1f-5ff7-44f4-8302-6a1eea5b9fa9.jpg
65a46183-b445-4be3-a514-a6b62ef1519b,https://static.inaturalist.org/photos/32479070/medium.jpeg,46017,Eastern Gray Squirrel,data/new_raw/images/65a46183-b445-4be3-a514-a6b62ef1519b.jpg
412c672b-7d54-4fe4-bb75-52bd3dc76a00,https://static.inaturalist.org/photos/32479074/medium.jpeg,46017,Eastern Gray Squirrel,data/new_raw/images/412c672b-7d54-4fe4-bb75-52bd3dc76a00.jpg
a9aeeb4f-5a04-4c44-8149-1bef21213f97,https://static.inaturalist.org/photos/32479077/medium.jpeg,46017,Eastern Gray Squirrel,data/new_raw/images/a9aeeb4f-5a04-4c44-8149-1bef21213f97.jpg
e6ccb132-d560-4dc2-afd1-0175eb16f0cb,https://static.inaturalist.org/photos/32479079/medium.jpeg,43111,Eastern Cottontail,data/new_raw/images/e6ccb132-d560-4dc2-afd1-0175eb16f0cb.jpg
dabab030-26fc-489d-8363-31a6845040c4,https://static.inaturalist.org/photos/32479081/medium.jpeg,46017,Eastern Gray Squirrel,data/new_raw/images/dabab030-26fc-489d-8363-31a6845040c4.jpg
362439cc-a654-4736-84f3-9151918226fe,https://static.inaturalist.org/photos/32479084/medium.jpeg,43111,Eastern Cottontail,data/new_raw/images/362439cc-a654-4736-84f3-9151918226fe.jpg
0373cf4c-ec11-4f60-8217-f8251ebf9d1b,https://static.inaturalist.org/photos/32479087/medium.jpeg,46017,Eastern Gray Squirrel,data/new_raw/images/0373cf4c-ec11-4f60-8217-f8251ebf9d1b.jpg
b08bc621-9cda-49ac-8546-e4f27a883097,https://static.inaturalist.org/photos/32479091/medium.jpeg,9083,Northern Cardinal,data/new_raw/images/b08bc621-9cda-49ac-8546-e4f27a883097.jpg
427ee020-d5b2-4302-b3b1-fad12cc564ac,https://static.inaturalist.org/photos/32479093/medium.jpeg,9083,Northern Cardinal,data/new_raw/images/427ee020-d5b2-4302-b3b1-fad12cc564ac.jpg
0d3e32f9-044c-4270-a025-14641c6fed69,https://static.inaturalist.org/photos/32479099/medium.jpeg,43111,Eastern Cottontail,data/new_raw/images/0d3e32f9-044c-4270-a025-14641c6fed69.jpg
f6936887-0262-4e77-a733-f310a5ba4581,https://static.inaturalist.org/photos/32479102/medium.jpeg,46017,Eastern Gray Squirrel,data/new_raw/images/f6936887-0262-4e77-a733-f310a5ba4581.jpg
c24d4347-c8db-43d2-a4cc-9f605814d037,https://static.inaturalist.org/photos/32479107/medium.jpeg,46017,Eastern Gray Squirrel,data/new_raw/images/c24d4347-c8db-43d2-a4cc-9f605814d037.jpg
f1899334-a301-45ab-a456-bbf1b5772e76,https://static.inaturalist.org/photos/32479114/medium.jpeg,46017,Eastern Gray Squirrel,data/new_raw/images/f1899334-a301-45ab-a456-bbf1b5772e76.jpg
5e5dc961-3866-4f3c-8bf3-d88a5274eca1,https://static.inaturalist.org/photos/32479118/medium.jpeg,46017,Eastern Gray Squirrel,data/new_raw/images/5e5dc961-3866-4f3c-8bf3-d88a5274eca1.jpg
64675b28-4485-40a3-a6e0-6d90a34a6ae0,https://static.inaturalist.org/photos/32479124/medium.jpeg,43111,Eastern Cottontail,data/new_raw/images/64675b28-4485-40a3-a6e0-6d90a34a6ae0.jpg
dbdca634-f513-41dc-9fb0-6c030cf10f2a,https://static.inaturalist.org/photos/32479129/medium.jpeg,43111,Eastern Cottontail,data/new_raw/images/dbdca634-f513-41dc-9fb0-6c030cf10f2a.jpg
e1e27158-0bc5-481b-abf8-bd075ea07b25,https://static.inaturalist.org/photos/32479131/medium.jpeg,43111,Eastern Cottontail,data/new_raw/images/e1e27158-0bc5-481b-abf8-bd075ea07b25.jpg
eb4a36bc-7849-49aa-aaab-a82e384400df,https://static.inaturalist.org/photos/32479135/medium.jpeg,43111,Eastern Cottontail,data/new_raw/images/eb4a36bc-7849-49aa-aaab-a82e384400df.jpg
a8dd6857-3a10-4ea9-9583-5531dbdbd379,https://static.inaturalist.org/photos/32479138/medium.jpeg,46017,Eastern Gray Squirrel,data/new_raw/images/a8dd6857-3a10-4ea9-9583-5531dbdbd379.jpg
ec6c19d9-2c5f-469a-a584-1d68577a9a02,https://static.inaturalist.org/photos/32495623/medium.jpg,7089,Canada Goose,data/new_raw/images/ec6c19d9-2c5f-469a-a584-1d68577a9a02.jpg
12c99aa8-edb1-4d0e-80b6-59b452aa320f,https://static.inaturalist.org/photos/32478776/medium.jpeg,46017,Eastern Gray Squirrel,data/new_raw/images/12c99aa8-edb1-4d0e-80b6-59b452aa320f.jpg
bc347d05-86a2-423d-97bb-3dd2c632b1e3,https://static.inaturalist.org/photos/32478765/medium.jpeg,46017,Eastern Gray Squirrel,data/new_raw/images/bc347d05-86a2-423d-97bb-3dd2c632b1e3.jpg
bc781241-a893-4fbd-ae85-adae8f010ec9,https://static.inaturalist.org/photos/32537383/medium.jpeg,9083,Northern Cardinal,data/new_raw/images/bc781241-a893-4fbd-ae85-adae8f010ec9.jpg
2516c8d3-e637-4f77-86e0-c46a35e828d6,https://static.inaturalist.org/photos/32537390/medium.jpeg,46017,Eastern Gray Squirrel,data/new_raw/images/2516c8d3-e637-4f77-86e0-c46a35e828d6.jpg
b3328179-df5b-4978-9497-d78fe49f9413,https://static.inaturalist.org/photos/32537399/medium.jpeg,43111,Eastern Cottontail,data/new_raw/images/b3328179-df5b-4978-9497-d78fe49f9413.jpg
1684e42f-6895-4246-b12a-02c3ebcc841c,https://static.inaturalist.org/photos/32537403/medium.jpeg,9083,Northern Cardinal,data/new_raw/images/1684e42f-6895-4246-b12a-02c3ebcc841c.jpg
e8acc561-dc14-4ee2-9a5b-12bcf3c26ea9,https://static.inaturalist.org/photos/32537407/medium.jpeg,46017,Eastern Gray Squirrel,data/new_raw/images/e8acc561-dc14-4ee2-9a5b-12bcf3c26ea9.jpg
6a69e1e1-b5d1-4fc2-8cd3-9a6afdf5b54b,https://static.inaturalist.org/photos/32537413/medium.jpeg,46017,Eastern Gray Squirrel,data/new_raw/images/6a69e1e1-b5d1-4fc2-8cd3-9a6afdf5b54b.jpg
4cd51cdd-b677-4c63-affe-63d8ed665ce8,https://static.inaturalist.org/photos/32537419/medium.jpeg,46017,Eastern Gray Squirrel,data/new_raw/images/4cd51cdd-b677-4c63-affe-63d8ed665ce8.jpg
d45df4ea-4f20-43d7-8b9b-f7aa633ea8db,https://static.inaturalist.org/photos/32537429/medium.jpeg,46017,Eastern Gray Squirrel,data/new_raw/images/d45df4ea-4f20-43d7-8b9b-f7aa633ea8db.jpg
bc3ab630-1d39-42ce-833f-37cffeff801c,https://static.inaturalist.org/photos/32537438/medium.jpeg,43111,Eastern Cottontail,data/new_raw/images/bc3ab630-1d39-42ce-833f-37cffeff801c.jpg
e3e2ce83-ab14-4d08-8cd8-ff1e857801fd,https://static.inaturalist.org/photos/32537441/medium.jpeg,9083,Northern Cardinal,data/new_raw/images/e3e2ce83-ab14-4d08-8cd8-ff1e857801fd.jpg
115c9bf0-dc7d-4b8a-982b-1c167eff1593,https://static.inaturalist.org/photos/32537448/medium.jpeg,43111,Eastern Cottontail,data/new_raw/images/115c9bf0-dc7d-4b8a-982b-1c167eff1593.jpg
86143c45-5e63-496a-8f88-a707a89fad1a,https://static.inaturalist.org/photos/32537453/medium.jpeg,9083,Northern Cardinal,data/new_raw/images/86143c45-5e63-496a-8f88-a707a89fad1a.jpg
5ceee52c-db44-465a-bda8-bb0b00aa2373,https://static.inaturalist.org/photos/32537456/medium.jpeg,46017,Eastern Gray Squirrel,data/new_raw/images/5ceee52c-db44-465a-bda8-bb0b00aa2373.jpg
49f64b07-99ed-4a83-8255-6df1e881fc5b,https://static.inaturalist.org/photos/32537464/medium.jpeg,43111,Eastern Cottontail,data/new_raw/images/49f64b07-99ed-4a83-8255-6df1e881fc5b.jpg
615460c3-f750-4298-95e5-a8b389439889,https://static.inaturalist.org/photos/32537469/medium.jpeg,46017,Eastern Gray Squirrel,data/new_raw/images/615460c3-f750-4298-95e5-a8b389439889.jpg
1e0c9749-799f-4240-9f18-a3ff6b04a0cb,https://static.inaturalist.org/photos/32537474/medium.jpeg,46017,Eastern Gray Squirrel,data/new_raw/images/1e0c9749-799f-4240-9f18-a3ff6b04a0cb.jpg
f9d03f29-b910-49b3-9401-814ce31ceb96,https://static.inaturalist.org/photos/32537477/medium.jpeg,46017,Eastern Gray Squirrel,data/new_raw/images/f9d03f29-b910-49b3-9401-814ce31ceb96.jpg
fdb6a2c1-0b8a-48db-bec4-97ac11ac77ec,https://static.inaturalist.org/photos/32537480/medium.jpeg,46017,Eastern Gray Squirrel,data/new_raw/images/fdb6a2c1-0b8a-48db-bec4-97ac11ac77ec.jpg
3c19c174-b88c-4fcf-8f9b-071ca8f23361,https://static.inaturalist.org/photos/32537487/medium.jpeg,43111,Eastern Cottontail,data/new_raw/images/3c19c174-b88c-4fcf-8f9b-071ca8f23361.jpg
ad1db71e-eb91-488c-8920-d7bb49c0073c,https://static.inaturalist.org/photos/32537493/medium.jpeg,46017,Eastern Gray Squirrel,data/new_raw/images/ad1db71e-eb91-488c-8920-d7bb49c0073c.jpg
d6c56231-1452-4fec-89ce-a213503ee01d,https://static.inaturalist.org/photos/32537498/medium.jpeg,43111,Eastern Cottontail,data/new_raw/images/d6c56231-1452-4fec-89ce-a213503ee01d.jpg
55d75bf4-5de4-4698-a8b3-70bd896ff8f8,https://static.inaturalist.org/photos/32537507/medium.jpeg,46017,Eastern Gray Squirrel,data/new_raw/images/55d75bf4-5de4-4698-a8b3-70bd896ff8f8.jpg
45acee24-2290-450e-9214-79bb4bf00fcb,https://static.inaturalist.org/photos/32537514/medium.jpeg,46017,Eastern Gray Squirrel,data/new_raw/images/45acee24-2290-450e-9214-79bb4bf00fcb.jpg
2bfc41f2-c693-42e0-8681-570aba446ece,https://static.inaturalist.org/photos/32537517/medium.jpeg,43111,Eastern Cottontail,data/new_raw/images/2bfc41f2-c693-42e0-8681-570aba446ece.jpg
cfdfb69a-bc64-484d-8127-72e0f57b2861,https://static.inaturalist.org/photos/32537522/medium.jpeg,46017,Eastern Gray Squirrel,data/new_raw/images/cfdfb69a-bc64-484d-8127-72e0f57b2861.jpg
1323afb9-c439-4ada-a458-0636bdb403f5,https://static.inaturalist.org/photos/32537525/medium.jpeg,43111,Eastern Cottontail,data/new_raw/images/1323afb9-c439-4ada-a458-0636bdb403f5.jpg
55a59704-5aab-4a03-9b34-0cddfeea4929,https://static.inaturalist.org/photos/32537529/medium.jpeg,43111,Eastern Cottontail,data/new_raw/images/55a59704-5aab-4a03-9b34-0cddfeea4929.jpg
787cefe7-7123-4a2c-b331-76175dc6fef6,https://static.inaturalist.org/photos/32537533/medium.jpeg,46017,Eastern Gray Squirrel,data/new_raw/images/787cefe7-7123-4a2c-b331-76175dc6fef6.jpg
4cbc4556-380f-4a7b-8c8c-ec61899280f9,https://static.inaturalist.org/photos/32537535/medium.jpeg,43111,Eastern Cottontail,data/new_raw/images/4cbc4556-380f-4a7b-8c8c-ec61899280f9.jpg
2d9bd72c-2066-470d-85f0-10b22ee07b12,https://inaturalist-open-data.s3.amazonaws.com/photos/32603131/medium.jpeg,4349,Glaucous Gull,data/new_raw/images/2d9bd72c-2066-470d-85f0-10b22ee07b12.jpg
0a077901-967d-48eb-b591-676d45c0c0a9,https://inaturalist-open-data.s3.amazonaws.com/photos/32604333/medium.jpeg,7089,Canada Goose,data/new_raw/images/0a077901-967d-48eb-b591-676d45c0c0a9.jpg
d958653b-4854-4122-a150-7b1e9dbd5d43,https://inaturalist-open-data.s3.amazonaws.com/photos/32604410/medium.jpeg,9744,Red-winged Blackbird,data/new_raw/images/d958653b-4854-4122-a150-7b1e9dbd5d43.jpg
55488d57-d985-4cec-8b98-dc827194b570,https://static.inaturalist.org/photos/32631108/medium.jpg,144222,White-winged Scoter,data/new_raw/images/55488d57-d985-4cec-8b98-dc827194b570.jpg
bed86b34-df7e-4290-8952-009326f9e069,https://inaturalist-open-data.s3.amazonaws.com/photos/32644891/medium.jpg,43698,Rodents,data/new_raw/images/bed86b34-df7e-4290-8952-009326f9e069.jpg
f342bad9-0413-4b9a-90ab-ce5f961ff034,https://inaturalist-open-data.s3.amazonaws.com/photos/32647689/medium.jpeg,6930,Mallard,data/new_raw/images/f342bad9-0413-4b9a-90ab-ce5f961ff034.jpg
5bb3fc56-5e60-4cf9-aaed-6dc6fc729d75,https://inaturalist-open-data.s3.amazonaws.com/photos/32647876/medium.jpeg,7089,Canada Goose,data/new_raw/images/5bb3fc56-5e60-4cf9-aaed-6dc6fc729d75.jpg
dfc5cc24-8fbd-410d-ab79-4ea4d9eb8244,https://inaturalist-open-data.s3.amazonaws.com/photos/32648003/medium.jpeg,474210,American Tree Sparrow,data/new_raw/images/dfc5cc24-8fbd-410d-ab79-4ea4d9eb8244.jpg
266f0703-6c9b-43df-a691-3689c1905794,https://inaturalist-open-data.s3.amazonaws.com/photos/32648089/medium.jpeg,144222,White-winged Scoter,data/new_raw/images/266f0703-6c9b-43df-a691-3689c1905794.jpg
aad23515-392f-4ca1-ad92-943cf99fff2f,https://inaturalist-open-data.s3.amazonaws.com/photos/32648188/medium.jpeg,6990,Common Goldeneye,data/new_raw/images/aad23515-392f-4ca1-ad92-943cf99fff2f.jpg
a664c3cc-ae66-4aa9-9246-2753a1b59d7e,https://inaturalist-open-data.s3.amazonaws.com/photos/32648412/medium.jpeg,6996,Red-breasted Merganser,data/new_raw/images/a664c3cc-ae66-4aa9-9246-2753a1b59d7e.jpg
d6961c2f-6882-47fe-8dd7-e2d309d451f6,https://inaturalist-open-data.s3.amazonaws.com/photos/32648549/medium.jpeg,1578489,American Herring Gull,data/new_raw/images/d6961c2f-6882-47fe-8dd7-e2d309d451f6.jpg
1d25972c-f45b-41ad-b6bb-494df6229745,https://inaturalist-open-data.s3.amazonaws.com/photos/32648724/medium.jpeg,4672,Merlin,data/new_raw/images/1d25972c-f45b-41ad-b6bb-494df6229745.jpg
50b3f139-c05f-4ba6-b9e1-edc32bc7a295,https://inaturalist-open-data.s3.amazonaws.com/photos/32648812/medium.jpeg,7109,Hooded Merganser,data/new_raw/images/50b3f139-c05f-4ba6-b9e1-edc32bc7a295.jpg
c2335a18-07b6-4f6e-85c2-c99a9231489b,https://inaturalist-open-data.s3.amazonaws.com/photos/32648900/medium.jpeg,7056,Redhead,data/new_raw/images/c2335a18-07b6-4f6e-85c2-c99a9231489b.jpg
abad562a-6fc7-41eb-9c3a-ae7e1b3a75eb,https://inaturalist-open-data.s3.amazonaws.com/photos/32649058/medium.jpeg,42051,Coyote,data/new_raw/images/abad562a-6fc7-41eb-9c3a-ae7e1b3a75eb.jpg
3775cbf7-1565-46e5-a049-41c69a9562ad,https://inaturalist-open-data.s3.amazonaws.com/photos/32652678/medium.jpeg,4368,Great Black-backed Gull,data/new_raw/images/3775cbf7-1565-46e5-a049-41c69a9562ad.jpg
4860bf38-0a8d-4dd5-b9c8-184198766ce1,https://inaturalist-open-data.s3.amazonaws.com/photos/32652812/medium.jpeg,1578489,American Herring Gull,data/new_raw/images/4860bf38-0a8d-4dd5-b9c8-184198766ce1.jpg
1e0f7dc9-764b-48c9-adf9-80afd349384e,https://inaturalist-open-data.s3.amazonaws.com/photos/32653045/medium.jpeg,5305,Bald Eagle,data/new_raw/images/1e0f7dc9-764b-48c9-adf9-80afd349384e.jpg
8a9b00b0-69c9-4307-80f8-0fc957e9beef,https://inaturalist-open-data.s3.amazonaws.com/photos/32653175/medium.jpeg,7047,Greater Scaup,data/new_raw/images/8a9b00b0-69c9-4307-80f8-0fc957e9beef.jpg
6969039f-f7c9-46ba-9b17-12eb910811a7,https://inaturalist-open-data.s3.amazonaws.com/photos/32657094/medium.jpeg,4647,Peregrine Falcon,data/new_raw/images/6969039f-f7c9-46ba-9b17-12eb910811a7.jpg
3401947f-588d-46f4-84eb-8e72a372e989,https://static.inaturalist.org/photos/32692462/medium.jpg,4981,Black-crowned Night Heron,data/new_raw/images/3401947f-588d-46f4-84eb-8e72a372e989.jpg
dc9d9d52-c6a4-4329-9384-b1e9adbdd708,https://inaturalist-open-data.s3.amazonaws.com/photos/32713277/medium.jpeg,6996,Red-breasted Merganser,data/new_raw/images/dc9d9d52-c6a4-4329-9384-b1e9adbdd708.jpg
02ce6b04-3987-4de7-834c-caceca578605,https://inaturalist-open-data.s3.amazonaws.com/photos/32713550/medium.jpeg,4246,Pied-billed Grebe,data/new_raw/images/02ce6b04-3987-4de7-834c-caceca578605.jpg
b0974ad9-c09e-46cb-a7ff-486eef7381cd,https://inaturalist-open-data.s3.amazonaws.com/photos/32713606/medium.jpeg,7109,Hooded Merganser,data/new_raw/images/b0974ad9-c09e-46cb-a7ff-486eef7381cd.jpg
01cb65e9-17e9-43b3-8bfe-6046052de56b,https://inaturalist-open-data.s3.amazonaws.com/photos/32714254/medium.jpeg,4665,American Kestrel,data/new_raw/images/01cb65e9-17e9-43b3-8bfe-6046052de56b.jpg
555ca43b-5536-4f0b-9896-eba32854bf6f,https://inaturalist-open-data.s3.amazonaws.com/photos/32714294/medium.jpeg,4665,American Kestrel,data/new_raw/images/555ca43b-5536-4f0b-9896-eba32854bf6f.jpg
0bfb2f02-1437-42cf-bc3b-8b2dbb67d4a7,https://static.inaturalist.org/photos/32718475/medium.jpg,6990,Common Goldeneye,data/new_raw/images/0bfb2f02-1437-42cf-bc3b-8b2dbb67d4a7.jpg
21aa001f-3b13-4ba9-a903-1d2aea051ea6,https://inaturalist-open-data.s3.amazonaws.com/photos/32738298/medium.jpg,9083,Northern Cardinal,data/new_raw/images/21aa001f-3b13-4ba9-a903-1d2aea051ea6.jpg
6a63165a-855c-4754-93ff-30a3d0bde844,https://inaturalist-open-data.s3.amazonaws.com/photos/32753274/medium.jpeg,7089,Canada Goose,data/new_raw/images/6a63165a-855c-4754-93ff-30a3d0bde844.jpg
7df582cc-149a-4e30-b51d-b6d6508e4214,https://inaturalist-open-data.s3.amazonaws.com/photos/32753293/medium.jpeg,6930,Mallard,data/new_raw/images/7df582cc-149a-4e30-b51d-b6d6508e4214.jpg
f92ce06b-65a4-4a0e-a414-0576cb919db4,https://inaturalist-open-data.s3.amazonaws.com/photos/32779907/medium.jpg,7089,Canada Goose,data/new_raw/images/f92ce06b-65a4-4a0e-a414-0576cb919db4.jpg
6faaa367-8d94-4316-961b-65e9a233da74,https://inaturalist-open-data.s3.amazonaws.com/photos/32792909/medium.jpeg,9184,White-throated Sparrow,data/new_raw/images/6faaa367-8d94-4316-961b-65e9a233da74.jpg
f7ac57c7-1ceb-495b-a928-47e719f0a270,https://inaturalist-open-data.s3.amazonaws.com/photos/32792961/medium.jpeg,41663,Common Raccoon,data/new_raw/images/f7ac57c7-1ceb-495b-a928-47e719f0a270.jpg
4a6a9e02-42af-435f-ab6a-9653b10f8f1f,https://inaturalist-open-data.s3.amazonaws.com/photos/32793013/medium.jpeg,7107,Wood Duck,data/new_raw/images/4a6a9e02-42af-435f-ab6a-9653b10f8f1f.jpg
42e5f08d-6788-4f29-a4ab-263d0c2418b1,https://inaturalist-open-data.s3.amazonaws.com/photos/32793119/medium.jpeg,7089,Canada Goose,data/new_raw/images/42e5f08d-6788-4f29-a4ab-263d0c2418b1.jpg
d2a665c4-5ffd-42fc-96bf-9c5f1cbb5b8d,https://inaturalist-open-data.s3.amazonaws.com/photos/32793224/medium.jpeg,1578489,American Herring Gull,data/new_raw/images/d2a665c4-5ffd-42fc-96bf-9c5f1cbb5b8d.jpg
b6e52829-ad4b-474d-9f0c-8828b72aff28,https://inaturalist-open-data.s3.amazonaws.com/photos/32793261/medium.jpeg,144815,Black-capped Chickadee,data/new_raw/images/b6e52829-ad4b-474d-9f0c-8828b72aff28.jpg
40d042cf-aab7-404d-a8b4-adecd29b18c7,https://inaturalist-open-data.s3.amazonaws.com/photos/32793305/medium.jpeg,6996,Red-breasted Merganser,data/new_raw/images/40d042cf-aab7-404d-a8b4-adecd29b18c7.jpg
be739557-3a21-45d9-b6c7-870848485b4d,https://inaturalist-open-data.s3.amazonaws.com/photos/32793372/medium.jpeg,144222,White-winged Scoter,data/new_raw/images/be739557-3a21-45d9-b6c7-870848485b4d.jpg
746bad13-0655-4c68-8ea8-b359fa967560,https://inaturalist-open-data.s3.amazonaws.com/photos/32793457/medium.jpeg,144222,White-winged Scoter,data/new_raw/images/746bad13-0655-4c68-8ea8-b359fa967560.jpg
048090b4-ab2a-4e7c-be2b-a5a037bf04f7,https://inaturalist-open-data.s3.amazonaws.com/photos/32793557/medium.jpeg,7054,Lesser Scaup,data/new_raw/images/048090b4-ab2a-4e7c-be2b-a5a037bf04f7.jpg
a108c583-f7ec-475a-a87b-c382a5918c09,https://inaturalist-open-data.s3.amazonaws.com/photos/32793652/medium.jpeg,7056,Redhead,data/new_raw/images/a108c583-f7ec-475a-a87b-c382a5918c09.jpg
c348d63d-c11d-45c7-8e6f-59d538e18e67,https://inaturalist-open-data.s3.amazonaws.com/photos/32793697/medium.jpeg,7047,Greater Scaup,data/new_raw/images/c348d63d-c11d-45c7-8e6f-59d538e18e67.jpg
e9ffc9dd-0498-43a2-92de-112397086759,https://static.inaturalist.org/photos/32796437/medium.jpeg,7089,Canada Goose,data/new_raw/images/e9ffc9dd-0498-43a2-92de-112397086759.jpg
bacfcccb-7e4c-46e5-b0e4-cb2383b3c2c8,https://inaturalist-open-data.s3.amazonaws.com/photos/32796710/medium.jpeg,6930,Mallard,data/new_raw/images/bacfcccb-7e4c-46e5-b0e4-cb2383b3c2c8.jpg
709b27ac-bff2-4f8d-89bb-0319c14a5a1f,https://static.inaturalist.org/photos/32796560/medium.jpg,47144,Domestic Dog,data/new_raw/images/709b27ac-bff2-4f8d-89bb-0319c14a5a1f.jpg
aecde308-c656-490d-817e-c070dc02ff8a,https://inaturalist-open-data.s3.amazonaws.com/photos/32796586/medium.jpeg,6930,Mallard,data/new_raw/images/aecde308-c656-490d-817e-c070dc02ff8a.jpg
c08455a4-4287-4220-8a3a-acbaffb40d0c,https://static.inaturalist.org/photos/32796621/medium.jpeg,9744,Red-winged Blackbird,data/new_raw/images/c08455a4-4287-4220-8a3a-acbaffb40d0c.jpg
9b3bcf6c-6d01-4d2d-83b2-d534bfb4b253,https://static.inaturalist.org/photos/32796834/medium.jpg,7089,Canada Goose,data/new_raw/images/9b3bcf6c-6d01-4d2d-83b2-d534bfb4b253.jpg
f650222a-500c-48f1-8944-16ae408276b9,https://static.inaturalist.org/photos/32796862/medium.jpg,6930,Mallard,data/new_raw/images/f650222a-500c-48f1-8944-16ae408276b9.jpg
6b24aff5-cbe1-45a7-9934-53fe782a4a36,https://inaturalist-open-data.s3.amazonaws.com/photos/32797494/medium.jpeg,11989,New World Blackbirds and Orioles,data/new_raw/images/6b24aff5-cbe1-45a7-9934-53fe782a4a36.jpg
6eec1f1f-28c3-45ba-9943-4cfc3223855d,https://inaturalist-open-data.s3.amazonaws.com/photos/32797509/medium.jpeg,6930,Mallard,data/new_raw/images/6eec1f1f-28c3-45ba-9943-4cfc3223855d.jpg
de478949-9762-4656-9bba-f75b800dd6b7,https://static.inaturalist.org/photos/32797574/medium.jpeg,6930,Mallard,data/new_raw/images/de478949-9762-4656-9bba-f75b800dd6b7.jpg
25b9e13c-587e-44b3-96b3-3d4a6678eebd,https://inaturalist-open-data.s3.amazonaws.com/photos/32797609/medium.jpeg,7089,Canada Goose,data/new_raw/images/25b9e13c-587e-44b3-96b3-3d4a6678eebd.jpg
29e533f3-25a5-447d-87f1-fffe63938c31,https://inaturalist-open-data.s3.amazonaws.com/photos/32797646/medium.jpeg,7089,Canada Goose,data/new_raw/images/29e533f3-25a5-447d-87f1-fffe63938c31.jpg
a121d544-aa05-472b-9697-bf928d8f6343,https://inaturalist-open-data.s3.amazonaws.com/photos/32798072/medium.jpeg,46017,Eastern Gray Squirrel,data/new_raw/images/a121d544-aa05-472b-9697-bf928d8f6343.jpg
295d35a6-73a1-401f-9c43-fed717baf653,https://inaturalist-open-data.s3.amazonaws.com/photos/32802253/medium.jpeg,46017,Eastern Gray Squirrel,data/new_raw/images/295d35a6-73a1-401f-9c43-fed717baf653.jpg
d8d5f5d9-ee41-4236-a9bc-34a303874bce,https://inaturalist-open-data.s3.amazonaws.com/photos/32802282/medium.jpeg,4343,Large White-headed Gulls,data/new_raw/images/d8d5f5d9-ee41-4236-a9bc-34a303874bce.jpg
d43a68f4-5357-4f7a-b6ce-ae431198ce82,https://static.inaturalist.org/photos/32805134/medium.jpg,5020,Green Heron,data/new_raw/images/d43a68f4-5357-4f7a-b6ce-ae431198ce82.jpg
65d92e64-fdc5-45d9-879f-6f6c1253883f,https://static.inaturalist.org/photos/32806278/medium.jpg,367715,King Rail,data/new_raw/images/65d92e64-fdc5-45d9-879f-6f6c1253883f.jpg
3ef12655-a595-49e0-9cce-9a00db8441c5,https://inaturalist-open-data.s3.amazonaws.com/photos/32817274/medium.jpeg,6990,Common Goldeneye,data/new_raw/images/3ef12655-a595-49e0-9cce-9a00db8441c5.jpg
4fcd5d0e-abff-4044-a171-142d5248a8a7,https://inaturalist-open-data.s3.amazonaws.com/photos/32817944/medium.jpeg,7056,Redhead,data/new_raw/images/4fcd5d0e-abff-4044-a171-142d5248a8a7.jpg
8356a508-731b-45b5-a04a-93ebf9cdd202,https://inaturalist-open-data.s3.amazonaws.com/photos/32818306/medium.jpeg,7109,Hooded Merganser,data/new_raw/images/8356a508-731b-45b5-a04a-93ebf9cdd202.jpg
4fee4ca5-613b-4391-a1a4-9df34475940b,https://inaturalist-open-data.s3.amazonaws.com/photos/32818489/medium.jpeg,7004,Common Merganser,data/new_raw/images/4fee4ca5-613b-4391-a1a4-9df34475940b.jpg
ebd31402-9432-494e-9cc2-e52106a62d57,https://inaturalist-open-data.s3.amazonaws.com/photos/32818667/medium.jpeg,144222,White-winged Scoter,data/new_raw/images/ebd31402-9432-494e-9cc2-e52106a62d57.jpg
6da9b376-d8e9-4c49-b23c-7b215f0f4b8f,https://inaturalist-open-data.s3.amazonaws.com/photos/32819205/medium.jpeg,5212,Red-tailed Hawk,data/new_raw/images/6da9b376-d8e9-4c49-b23c-7b215f0f4b8f.jpg
b0cbe8cb-c91c-4c70-ab3a-dea5daf63572,https://inaturalist-open-data.s3.amazonaws.com/photos/32819449/medium.jpeg,199840,House Finch,data/new_raw/images/b0cbe8cb-c91c-4c70-ab3a-dea5daf63572.jpg
61922e04-4830-4618-a989-6a967021952a,https://static.inaturalist.org/photos/32819487/medium.jpg,41663,Common Raccoon,data/new_raw/images/61922e04-4830-4618-a989-6a967021952a.jpg
630b53e4-f77e-4a2c-b666-f2708b7fcdb6,https://inaturalist-open-data.s3.amazonaws.com/photos/32820193/medium.jpeg,46017,Eastern Gray Squirrel,data/new_raw/images/630b53e4-f77e-4a2c-b666-f2708b7fcdb6.jpg
03b90f9d-cf19-4cfc-b1e4-cf147700e0db,https://inaturalist-open-data.s3.amazonaws.com/photos/32820363/medium.jpeg,43584,Human,data/new_raw/images/03b90f9d-cf19-4cfc-b1e4-cf147700e0db.jpg
7ab00e44-daed-44be-a603-8c70f82c96e8,https://static.inaturalist.org/photos/32829906/medium.jpg,12727,American Robin,data/new_raw/images/7ab00e44-daed-44be-a603-8c70f82c96e8.jpg
2cebdc06-0787-4608-affd-6ceb32d87a4a,https://static.inaturalist.org/photos/32838064/medium.jpg,144815,Black-capped Chickadee,data/new_raw/images/2cebdc06-0787-4608-affd-6ceb32d87a4a.jpg
42794001-c940-4f75-ad01-c88f56a82717,https://static.inaturalist.org/photos/32838109/medium.jpg,5212,Red-tailed Hawk,data/new_raw/images/42794001-c940-4f75-ad01-c88f56a82717.jpg
aeb77b0d-366e-45b9-a048-e97f28582bb3,https://inaturalist-open-data.s3.amazonaws.com/photos/32849915/medium.jpeg,6930,Mallard,data/new_raw/images/aeb77b0d-366e-45b9-a048-e97f28582bb3.jpg
6a2b457c-b0dc-4e47-b2e1-7decede00342,https://inaturalist-open-data.s3.amazonaws.com/photos/32849962/medium.jpeg,7109,Hooded Merganser,data/new_raw/images/6a2b457c-b0dc-4e47-b2e1-7decede00342.jpg
37f7494d-cc62-4afd-b654-b9beb140b2cb,https://inaturalist-open-data.s3.amazonaws.com/photos/32850014/medium.jpeg,42652,Virginia Opossum,data/new_raw/images/37f7494d-cc62-4afd-b654-b9beb140b2cb.jpg
28ac3403-abca-478e-b486-bdd274b89b49,https://inaturalist-open-data.s3.amazonaws.com/photos/32850121/medium.jpeg,42652,Virginia Opossum,data/new_raw/images/28ac3403-abca-478e-b486-bdd274b89b49.jpg
12489407-81ef-4f9c-addc-68c648921143,https://inaturalist-open-data.s3.amazonaws.com/photos/32850183/medium.jpeg,46017,Eastern Gray Squirrel,data/new_raw/images/12489407-81ef-4f9c-addc-68c648921143.jpg
6c15e3c8-065d-46a6-8326-f35b59936471,https://inaturalist-open-data.s3.amazonaws.com/photos/32850669/medium.jpg,3845,Red Knot,data/new_raw/images/6c15e3c8-065d-46a6-8326-f35b59936471.jpg
2cf75374-226b-4d8b-9265-1c80b8874138,https://inaturalist-open-data.s3.amazonaws.com/photos/32850725/medium.jpeg,4892,Black-bellied Plover,data/new_raw/images/2cf75374-226b-4d8b-9265-1c80b8874138.jpg
13764f13-3646-49f3-87d7-0394cb731e75,https://static.inaturalist.org/photos/32852532/medium.jpg,11901,Barn Swallow,data/new_raw/images/13764f13-3646-49f3-87d7-0394cb731e75.jpg
00cae56b-6f8c-4098-9ab2-b14f7ea71492,https://inaturalist-open-data.s3.amazonaws.com/photos/32853067/medium.jpeg,473,American Coot,data/new_raw/images/00cae56b-6f8c-4098-9ab2-b14f7ea71492.jpg
8a84d5c6-67db-41a2-a9d6-d4f5dcd3fdae,https://inaturalist-open-data.s3.amazonaws.com/photos/32853071/medium.jpeg,4209,Horned Grebe,data/new_raw/images/8a84d5c6-67db-41a2-a9d6-d4f5dcd3fdae.jpg
2fd107a0-ab9e-4f57-a631-fd89a60e884d,https://inaturalist-open-data.s3.amazonaws.com/photos/32853073/medium.jpeg,4246,Pied-billed Grebe,data/new_raw/images/2fd107a0-ab9e-4f57-a631-fd89a60e884d.jpg
c593fde9-6cbc-4847-8320-770dc168b3fe,https://inaturalist-open-data.s3.amazonaws.com/photos/32853074/medium.jpeg,6990,Common Goldeneye,data/new_raw/images/c593fde9-6cbc-4847-8320-770dc168b3fe.jpg
f268741f-ff81-4ab3-925a-38603d3aac47,https://inaturalist-open-data.s3.amazonaws.com/photos/32853076/medium.jpeg,4793,Killdeer,data/new_raw/images/f268741f-ff81-4ab3-925a-38603d3aac47.jpg
60c701c3-ce59-4710-aee3-59311086b496,https://inaturalist-open-data.s3.amazonaws.com/photos/32853078/medium.jpeg,6996,Red-breasted Merganser,data/new_raw/images/60c701c3-ce59-4710-aee3-59311086b496.jpg
aa02e4e1-8744-491e-bada-049efab3df44,https://inaturalist-open-data.s3.amazonaws.com/photos/32854227/medium.jpg,9346,Baltimore Oriole,data/new_raw/images/aa02e4e1-8744-491e-bada-049efab3df44.jpg
54f5cd4e-dbf4-4abc-80b9-c36c70a5d047,https://inaturalist-open-data.s3.amazonaws.com/photos/32854229/medium.jpeg,9083,Northern Cardinal,data/new_raw/images/54f5cd4e-dbf4-4abc-80b9-c36c70a5d047.jpg
9c384036-91aa-4dc2-acaf-c6150b7cf5b5,https://inaturalist-open-data.s3.amazonaws.com/photos/32854228/medium.jpeg,7089,Canada Goose,data/new_raw/images/9c384036-91aa-4dc2-acaf-c6150b7cf5b5.jpg
884b0059-bbc5-46b5-a557-1ef67df3235b,https://inaturalist-open-data.s3.amazonaws.com/photos/32854232/medium.jpeg,12727,American Robin,data/new_raw/images/884b0059-bbc5-46b5-a557-1ef67df3235b.jpg
89c84f17-e242-4a63-8bcf-7749c8d9d636,https://inaturalist-open-data.s3.amazonaws.com/photos/32854235/medium.jpeg,132764,Slate-colored Junco,data/new_raw/images/89c84f17-e242-4a63-8bcf-7749c8d9d636.jpg
df3bba9f-d91e-48c6-969d-094a62464702,https://static.inaturalist.org/photos/32865333/medium.jpg,7107,Wood Duck,data/new_raw/images/df3bba9f-d91e-48c6-969d-094a62464702.jpg
13e12904-a144-4205-9611-51efb31ad474,https://static.inaturalist.org/photos/32882498/medium.jpg,43111,Eastern Cottontail,data/new_raw/images/13e12904-a144-4205-9611-51efb31ad474.jpg
de1fe307-8b9a-4875-b652-a1625b8ea014,https://inaturalist-open-data.s3.amazonaws.com/photos/32899453/medium.jpeg,7004,Common Merganser,data/new_raw/images/de1fe307-8b9a-4875-b652-a1625b8ea014.jpg
4ce03f3b-a003-4a3c-be23-fe9154f626fc,https://inaturalist-open-data.s3.amazonaws.com/photos/32899456/medium.jpeg,4981,Black-crowned Night Heron,data/new_raw/images/4ce03f3b-a003-4a3c-be23-fe9154f626fc.jpg
e3ec5c32-946b-4cd8-a01b-807a32ac37af,https://inaturalist-open-data.s3.amazonaws.com/photos/32899460/medium.jpeg,5305,Bald Eagle,data/new_raw/images/e3ec5c32-946b-4cd8-a01b-807a32ac37af.jpg
621f88e7-a7d3-47f4-af74-b47e16b87d5c,https://inaturalist-open-data.s3.amazonaws.com/photos/32917378/medium.jpeg,9744,Red-winged Blackbird,data/new_raw/images/621f88e7-a7d3-47f4-af74-b47e16b87d5c.jpg
671292bc-c1fd-46c2-b139-d60c4e91078d,https://inaturalist-open-data.s3.amazonaws.com/photos/32928507/medium.jpg,42223,White-tailed Deer,data/new_raw/images/671292bc-c1fd-46c2-b139-d60c4e91078d.jpg
64c5040d-00d0-4295-bf71-d1ec2b8b5cb8,https://inaturalist-open-data.s3.amazonaws.com/photos/32929251/medium.jpg,5212,Red-tailed Hawk,data/new_raw/images/64c5040d-00d0-4295-bf71-d1ec2b8b5cb8.jpg
fdc38105-ae0c-4955-b61e-ecd8b8e7b3e3,https://inaturalist-open-data.s3.amazonaws.com/photos/32939185/medium.jpeg,3936,American Woodcock,data/new_raw/images/fdc38105-ae0c-4955-b61e-ecd8b8e7b3e3.jpg
a8ccec38-1115-4237-a334-18b378460e38,https://static.inaturalist.org/photos/32940486/medium.jpg,14850,European Starling,data/new_raw/images/a8ccec38-1115-4237-a334-18b378460e38.jpg
d6b7e377-b0de-411b-bacc-87b26c98cb59,https://static.inaturalist.org/photos/32941422/medium.jpg,9744,Red-winged Blackbird,data/new_raw/images/d6b7e377-b0de-411b-bacc-87b26c98cb59.jpg
e73cfe3d-bae6-40ee-958b-142cb257fb0d,https://inaturalist-open-data.s3.amazonaws.com/photos/32946834/medium.jpg,4364,Ring-billed Gull,data/new_raw/images/e73cfe3d-bae6-40ee-958b-142cb257fb0d.jpg
13f79210-1cf1-4bf0-be7d-9182a75f7a84,https://static.inaturalist.org/photos/32949586/medium.jpg,367715,King Rail,data/new_raw/images/13f79210-1cf1-4bf0-be7d-9182a75f7a84.jpg
7e9c14a0-a234-4166-8af8-2aa3a08e786c,https://static.inaturalist.org/photos/32966773/medium.jpg,5305,Bald Eagle,data/new_raw/images/7e9c14a0-a234-4166-8af8-2aa3a08e786c.jpg
dbe8acf2-61d2-40f5-a38c-1cbe38298039,https://inaturalist-open-data.s3.amazonaws.com/photos/32968860/medium.jpeg,6930,Mallard,data/new_raw/images/dbe8acf2-61d2-40f5-a38c-1cbe38298039.jpg
0df136f1-596b-4e75-8a47-417eb57df62d,https://inaturalist-open-data.s3.amazonaws.com/photos/32968968/medium.jpeg,7044,Ring-necked Duck,data/new_raw/images/0df136f1-596b-4e75-8a47-417eb57df62d.jpg
33bf7ada-bcc4-49da-905f-581c1c3a13d0,https://inaturalist-open-data.s3.amazonaws.com/photos/32999840/medium.jpeg,5212,Red-tailed Hawk,data/new_raw/images/33bf7ada-bcc4-49da-905f-581c1c3a13d0.jpg
f3385dbe-c46b-4001-851e-b03680f7d2c8,https://inaturalist-open-data.s3.amazonaws.com/photos/33007029/medium.jpg,46017,Eastern Gray Squirrel,data/new_raw/images/f3385dbe-c46b-4001-851e-b03680f7d2c8.jpg
a6f18422-0a62-4f38-ae08-5c9108a88738,https://inaturalist-open-data.s3.amazonaws.com/photos/33007096/medium.jpg,10094,Dark-eyed Junco,data/new_raw/images/a6f18422-0a62-4f38-ae08-5c9108a88738.jpg
7746d3ee-73f7-4255-b925-9bc5485288e1,https://static.inaturalist.org/photos/33011161/medium.jpg,4246,Pied-billed Grebe,data/new_raw/images/7746d3ee-73f7-4255-b925-9bc5485288e1.jpg
da72b3f7-56a8-4d23-a712-d13dd83747fb,https://static.inaturalist.org/photos/33011197/medium.jpg,473,American Coot,data/new_raw/images/da72b3f7-56a8-4d23-a712-d13dd83747fb.jpg
2a387acc-42b9-4c5a-b0b7-8e7545fc2f24,https://static.inaturalist.org/photos/33031745/medium.jpg,7251,Perching Birds,data/new_raw/images/2a387acc-42b9-4c5a-b0b7-8e7545fc2f24.jpg
8d08e91a-c38d-47df-8379-49bc2e1427e1,https://static.inaturalist.org/photos/33031926/medium.jpg,13858,House Sparrow,data/new_raw/images/8d08e91a-c38d-47df-8379-49bc2e1427e1.jpg
f8df74c8-a3b9-4811-9e37-c0dc663795a7,https://static.inaturalist.org/photos/33031950/medium.jpg,3,Birds,data/new_raw/images/f8df74c8-a3b9-4811-9e37-c0dc663795a7.jpg
cebe914e-c173-46dc-9a3d-98c61e570ac8,https://static.inaturalist.org/photos/33032009/medium.jpg,7251,Perching Birds,data/new_raw/images/cebe914e-c173-46dc-9a3d-98c61e570ac8.jpg
057ab30e-987e-4a6b-b494-faf25ea668de,https://static.inaturalist.org/photos/33032028/medium.jpg,9083,Northern Cardinal,data/new_raw/images/057ab30e-987e-4a6b-b494-faf25ea668de.jpg
f2be9faa-cb99-433b-8d74-6f422adce9fa,https://static.inaturalist.org/photos/33032338/medium.jpg,9083,Northern Cardinal,data/new_raw/images/f2be9faa-cb99-433b-8d74-6f422adce9fa.jpg
36821cfc-1faf-4860-9553-e94316a7f347,https://static.inaturalist.org/photos/33032569/medium.jpg,14850,European Starling,data/new_raw/images/36821cfc-1faf-4860-9553-e94316a7f347.jpg
976ee79c-34bb-4194-957c-f765c8904449,https://static.inaturalist.org/photos/33032648/medium.jpg,4364,Ring-billed Gull,data/new_raw/images/976ee79c-34bb-4194-957c-f765c8904449.jpg
e2e07b9e-a71d-4fe9-a221-fbbab08921e6,https://static.inaturalist.org/photos/33036942/medium.jpg,43584,Human,data/new_raw/images/e2e07b9e-a71d-4fe9-a221-fbbab08921e6.jpg
57e2fb4d-d920-4066-aa38-d0e89787a72c,https://static.inaturalist.org/photos/33037043/medium.jpg,12727,American Robin,data/new_raw/images/57e2fb4d-d920-4066-aa38-d0e89787a72c.jpg
14af1696-e72c-405d-b762-9ff8420d37d5,https://static.inaturalist.org/photos/33037144/medium.jpg,43584,Human,data/new_raw/images/14af1696-e72c-405d-b762-9ff8420d37d5.jpg
43c04c17-c1bb-4cc6-a5b0-f531839d9670,https://static.inaturalist.org/photos/33048021/medium.jpeg,4343,Large White-headed Gulls,data/new_raw/images/43c04c17-c1bb-4cc6-a5b0-f531839d9670.jpg
bd584be4-e99e-46d5-b916-9a08624badfb,https://static.inaturalist.org/photos/33048177/medium.jpeg,13858,House Sparrow,data/new_raw/images/bd584be4-e99e-46d5-b916-9a08624badfb.jpg
350f15f6-3328-4f97-9fcf-76177885341b,https://inaturalist-open-data.s3.amazonaws.com/photos/33060373/medium.jpeg,6996,Red-breasted Merganser,data/new_raw/images/350f15f6-3328-4f97-9fcf-76177885341b.jpg
fb1ce7db-3259-4258-b947-3b5fc09e9767,https://inaturalist-open-data.s3.amazonaws.com/photos/33060380/medium.jpeg,7109,Hooded Merganser,data/new_raw/images/fb1ce7db-3259-4258-b947-3b5fc09e9767.jpg
29f5ef9d-7d7a-4466-81e2-09112142e7c7,https://inaturalist-open-data.s3.amazonaws.com/photos/33061462/medium.jpeg,4793,Killdeer,data/new_raw/images/29f5ef9d-7d7a-4466-81e2-09112142e7c7.jpg
9778b0cf-b6ee-452e-81d6-acb1915ba0e5,https://inaturalist-open-data.s3.amazonaws.com/photos/33062794/medium.jpeg,494355,Eastern Red-tailed Hawk,data/new_raw/images/9778b0cf-b6ee-452e-81d6-acb1915ba0e5.jpg
0268cdc4-b000-4458-85eb-b45e6f3c9ea9,https://inaturalist-open-data.s3.amazonaws.com/photos/33066219/medium.jpeg,122767,Feral Pigeon,data/new_raw/images/0268cdc4-b000-4458-85eb-b45e6f3c9ea9.jpg
01c60bb1-2fa4-4cff-8dc9-1cb1e59581c2,https://static.inaturalist.org/photos/33093961/medium.jpg,792990,Hairy Woodpecker,data/new_raw/images/01c60bb1-2fa4-4cff-8dc9-1cb1e59581c2.jpg
31f36607-7aee-4dad-9563-a2bd600689b5,https://static.inaturalist.org/photos/33107271/medium.jpg,46017,Eastern Gray Squirrel,data/new_raw/images/31f36607-7aee-4dad-9563-a2bd600689b5.jpg
3d7ca807-eb17-4c12-9e06-beb71c7b6c7e,https://static.inaturalist.org/photos/33107334/medium.jpg,9083,Northern Cardinal,data/new_raw/images/3d7ca807-eb17-4c12-9e06-beb71c7b6c7e.jpg
70cdec73-d428-41a1-b278-7fbed5eeb5eb,https://inaturalist-open-data.s3.amazonaws.com/photos/33113201/medium.jpg,46017,Eastern Gray Squirrel,data/new_raw/images/70cdec73-d428-41a1-b278-7fbed5eeb5eb.jpg
187ad54d-e429-46fe-b46f-dd865923a4a1,https://inaturalist-open-data.s3.amazonaws.com/photos/33119049/medium.jpg,199840,House Finch,data/new_raw/images/187ad54d-e429-46fe-b46f-dd865923a4a1.jpg
45ee65d1-00a9-45d7-83d7-a458bdc4e49d,https://inaturalist-open-data.s3.amazonaws.com/photos/33119087/medium.jpg,9100,Song Sparrow,data/new_raw/images/45ee65d1-00a9-45d7-83d7-a458bdc4e49d.jpg
4d7b64fd-5c2a-4534-be34-f5c5bc7ddf49,https://inaturalist-open-data.s3.amazonaws.com/photos/33119234/medium.jpg,122767,Feral Pigeon,data/new_raw/images/4d7b64fd-5c2a-4534-be34-f5c5bc7ddf49.jpg
13426af4-2111-408a-9ce2-244d877cfc56,https://inaturalist-open-data.s3.amazonaws.com/photos/33124196/medium.jpeg,4793,Killdeer,data/new_raw/images/13426af4-2111-408a-9ce2-244d877cfc56.jpg
d8c2f820-5ab3-41d7-8806-6086b2ca2f02,https://inaturalist-open-data.s3.amazonaws.com/photos/33146508/medium.jpeg,474210,American Tree Sparrow,data/new_raw/images/d8c2f820-5ab3-41d7-8806-6086b2ca2f02.jpg
51647945-9ec3-4da6-811d-3168b4e86852,https://inaturalist-open-data.s3.amazonaws.com/photos/33173508/medium.jpeg,473,American Coot,data/new_raw/images/51647945-9ec3-4da6-811d-3168b4e86852.jpg
ada52263-0a7a-4cbb-95b7-0f232dd5bd50,https://inaturalist-open-data.s3.amazonaws.com/photos/33184478/medium.jpeg,10322,Rusty Blackbird,data/new_raw/images/ada52263-0a7a-4cbb-95b7-0f232dd5bd50.jpg
7131e187-9551-4a40-9596-770cf200dbf5,https://inaturalist-open-data.s3.amazonaws.com/photos/33186438/medium.jpeg,14850,European Starling,data/new_raw/images/7131e187-9551-4a40-9596-770cf200dbf5.jpg
7159f939-f8e6-4c3b-bbb8-786f5386deb6,https://inaturalist-open-data.s3.amazonaws.com/photos/33186440/medium.jpeg,41663,Common Raccoon,data/new_raw/images/7159f939-f8e6-4c3b-bbb8-786f5386deb6.jpg
9592420f-c7d1-44c3-97b3-6a1381a48529,https://inaturalist-open-data.s3.amazonaws.com/photos/33186445/medium.jpeg,118552,Domestic Cat,data/new_raw/images/9592420f-c7d1-44c3-97b3-6a1381a48529.jpg
bd22c9c1-d8ce-45ed-884c-831a40d9e8c5,https://inaturalist-open-data.s3.amazonaws.com/photos/33186447/medium.jpeg,46017,Eastern Gray Squirrel,data/new_raw/images/bd22c9c1-d8ce-45ed-884c-831a40d9e8c5.jpg
02baae4c-243f-422e-8728-edf0538b3e5b,https://inaturalist-open-data.s3.amazonaws.com/photos/33186449/medium.jpeg,118552,Domestic Cat,data/new_raw/images/02baae4c-243f-422e-8728-edf0538b3e5b.jpg
69130dd2-b086-4250-a4eb-e4af33e351bb,https://inaturalist-open-data.s3.amazonaws.com/photos/33186452/medium.jpeg,118552,Domestic Cat,data/new_raw/images/69130dd2-b086-4250-a4eb-e4af33e351bb.jpg
dc2cc3b1-f0bc-42c1-8ee7-3890e19c8b9a,https://inaturalist-open-data.s3.amazonaws.com/photos/33186459/medium.jpeg,118552,Domestic Cat,data/new_raw/images/dc2cc3b1-f0bc-42c1-8ee7-3890e19c8b9a.jpg
a732e391-7b8a-4ab5-a12b-c18bbe6e43f3,https://inaturalist-open-data.s3.amazonaws.com/photos/33186461/medium.jpeg,118552,Domestic Cat,data/new_raw/images/a732e391-7b8a-4ab5-a12b-c18bbe6e43f3.jpg
15c01343-645d-4aa6-be4c-4fb94aea66b9,https://inaturalist-open-data.s3.amazonaws.com/photos/33186463/medium.jpeg,118552,Domestic Cat,data/new_raw/images/15c01343-645d-4aa6-be4c-4fb94aea66b9.jpg
1678ba38-5f62-4236-8b34-ab4bd7a8873b,https://inaturalist-open-data.s3.amazonaws.com/photos/33186464/medium.jpeg,118552,Domestic Cat,data/new_raw/images/1678ba38-5f62-4236-8b34-ab4bd7a8873b.jpg
6b63741a-840e-4aea-9d3a-c7e5e10b368a,https://inaturalist-open-data.s3.amazonaws.com/photos/33186466/medium.jpeg,118552,Domestic Cat,data/new_raw/images/6b63741a-840e-4aea-9d3a-c7e5e10b368a.jpg
55fe9f6e-fc4b-4141-a42d-c71d16ac0567,https://inaturalist-open-data.s3.amazonaws.com/photos/33186467/medium.jpeg,118552,Domestic Cat,data/new_raw/images/55fe9f6e-fc4b-4141-a42d-c71d16ac0567.jpg
c4aa18c0-0dbd-4737-8ed6-c22d6875c356,https://inaturalist-open-data.s3.amazonaws.com/photos/33186469/medium.jpeg,118552,Domestic Cat,data/new_raw/images/c4aa18c0-0dbd-4737-8ed6-c22d6875c356.jpg
6a41e9ab-99c1-497e-a01b-72f2390c4f7c,https://inaturalist-open-data.s3.amazonaws.com/photos/33186472/medium.jpeg,118552,Domestic Cat,data/new_raw/images/6a41e9ab-99c1-497e-a01b-72f2390c4f7c.jpg
31ee90af-8bf2-4083-8233-60cbe97dba4b,https://inaturalist-open-data.s3.amazonaws.com/photos/33186480/medium.jpeg,118552,Domestic Cat,data/new_raw/images/31ee90af-8bf2-4083-8233-60cbe97dba4b.jpg
440d3c51-67c9-4f4d-a39c-57c3baa8bba4,https://inaturalist-open-data.s3.amazonaws.com/photos/33186483/medium.jpeg,118552,Domestic Cat,data/new_raw/images/440d3c51-67c9-4f4d-a39c-57c3baa8bba4.jpg
8875ce90-cd15-4e43-9159-592cdcca2a40,https://inaturalist-open-data.s3.amazonaws.com/photos/33186485/medium.jpeg,118552,Domestic Cat,data/new_raw/images/8875ce90-cd15-4e43-9159-592cdcca2a40.jpg
38ccf821-a666-4eb5-b6ed-8c59ba02f0c2,https://inaturalist-open-data.s3.amazonaws.com/photos/33186488/medium.jpeg,118552,Domestic Cat,data/new_raw/images/38ccf821-a666-4eb5-b6ed-8c59ba02f0c2.jpg
4e47dea5-90bc-4c2e-a929-bfafeca04060,https://inaturalist-open-data.s3.amazonaws.com/photos/33186489/medium.jpeg,118552,Domestic Cat,data/new_raw/images/4e47dea5-90bc-4c2e-a929-bfafeca04060.jpg
023fcd8a-3c57-4043-bbce-9159703b6c33,https://inaturalist-open-data.s3.amazonaws.com/photos/33186491/medium.jpeg,118552,Domestic Cat,data/new_raw/images/023fcd8a-3c57-4043-bbce-9159703b6c33.jpg
b412ec29-e7c8-4853-8fd4-48791d229d2f,https://inaturalist-open-data.s3.amazonaws.com/photos/33186513/medium.jpeg,118552,Domestic Cat,data/new_raw/images/b412ec29-e7c8-4853-8fd4-48791d229d2f.jpg
0117b232-6f79-4f65-9f33-001416fdec76,https://inaturalist-open-data.s3.amazonaws.com/photos/33186523/medium.jpeg,41663,Common Raccoon,data/new_raw/images/0117b232-6f79-4f65-9f33-001416fdec76.jpg
20e2411b-cf18-477e-a089-6e1ac2e00457,https://inaturalist-open-data.s3.amazonaws.com/photos/33186529/medium.jpeg,14850,European Starling,data/new_raw/images/20e2411b-cf18-477e-a089-6e1ac2e00457.jpg
b0e4ee8b-7f28-4d54-9cec-e99b120a26d9,https://inaturalist-open-data.s3.amazonaws.com/photos/33186530/medium.jpeg,46017,Eastern Gray Squirrel,data/new_raw/images/b0e4ee8b-7f28-4d54-9cec-e99b120a26d9.jpg
32cff81b-1ae1-49c5-bc1e-8f4139a4353b,https://inaturalist-open-data.s3.amazonaws.com/photos/33186531/medium.jpeg,118552,Domestic Cat,data/new_raw/images/32cff81b-1ae1-49c5-bc1e-8f4139a4353b.jpg
64e2f7c8-e4c5-4c17-bf3a-8f4571d09c20,https://inaturalist-open-data.s3.amazonaws.com/photos/33186532/medium.jpeg,118552,Domestic Cat,data/new_raw/images/64e2f7c8-e4c5-4c17-bf3a-8f4571d09c20.jpg
97c266a1-c809-4195-8351-edb4f7be41f6,https://static.inaturalist.org/photos/33187835/medium.jpg,792988,Downy Woodpecker,data/new_raw/images/97c266a1-c809-4195-8351-edb4f7be41f6.jpg
db60df2a-e40a-4bf0-980a-42c64ff00886,https://inaturalist-open-data.s3.amazonaws.com/photos/34205795/medium.jpg,7004,Common Merganser,data/new_raw/images/db60df2a-e40a-4bf0-980a-42c64ff00886.jpg
477a93c4-7fd3-4527-b092-58d8b22a2fbd,https://static.inaturalist.org/photos/33225664/medium.jpg,47144,Domestic Dog,data/new_raw/images/477a93c4-7fd3-4527-b092-58d8b22a2fbd.jpg
92c97bd0-c258-44ad-be6d-505d42d4d39f,https://inaturalist-open-data.s3.amazonaws.com/photos/33227399/medium.jpeg,12942,Eastern Bluebird,data/new_raw/images/92c97bd0-c258-44ad-be6d-505d42d4d39f.jpg
0e0b731e-fa0b-4821-92cc-f3c81bbe4598,https://inaturalist-open-data.s3.amazonaws.com/photos/33269030/medium.jpeg,19893,Barred Owl,data/new_raw/images/0e0b731e-fa0b-4821-92cc-f3c81bbe4598.jpg
fd262f55-60ef-4533-aeca-ce142ee38613,https://inaturalist-open-data.s3.amazonaws.com/photos/33279384/medium.jpeg,1289388,Ruby-crowned Kinglet,data/new_raw/images/fd262f55-60ef-4533-aeca-ce142ee38613.jpg
6948ce2c-84ea-4ed5-8ffb-5ff7318ba076,https://inaturalist-open-data.s3.amazonaws.com/photos/33279489/medium.jpeg,144815,Black-capped Chickadee,data/new_raw/images/6948ce2c-84ea-4ed5-8ffb-5ff7318ba076.jpg
c0a99716-e9e3-469d-9850-73910f733a91,https://inaturalist-open-data.s3.amazonaws.com/photos/33279973/medium.jpeg,792988,Downy Woodpecker,data/new_raw/images/c0a99716-e9e3-469d-9850-73910f733a91.jpg
b465e47d-87dd-47d2-9f6f-f196a232a998,https://inaturalist-open-data.s3.amazonaws.com/photos/33294620/medium.jpg,7089,Canada Goose,data/new_raw/images/b465e47d-87dd-47d2-9f6f-f196a232a998.jpg
ff7bfc4a-d8d1-4d8c-a685-1991a9d8abc0,https://inaturalist-open-data.s3.amazonaws.com/photos/33321149/medium.jpg,19893,Barred Owl,data/new_raw/images/ff7bfc4a-d8d1-4d8c-a685-1991a9d8abc0.jpg
e02f4b59-4d59-46d6-b833-a6c59675a366,https://inaturalist-open-data.s3.amazonaws.com/photos/33321203/medium.jpg,4665,American Kestrel,data/new_raw/images/e02f4b59-4d59-46d6-b833-a6c59675a366.jpg
4baabaea-9d09-4567-8de2-daa5dff4d960,https://inaturalist-open-data.s3.amazonaws.com/photos/33321285/medium.jpg,9602,Common Grackle,data/new_raw/images/4baabaea-9d09-4567-8de2-daa5dff4d960.jpg
1b7df0d6-470f-4f6d-a01f-1f0c3e12b5e9,https://inaturalist-open-data.s3.amazonaws.com/photos/33323674/medium.jpeg,9083,Northern Cardinal,data/new_raw/images/1b7df0d6-470f-4f6d-a01f-1f0c3e12b5e9.jpg
0c001c60-1027-4813-af5e-903265ef686c,https://inaturalist-open-data.s3.amazonaws.com/photos/33330377/medium.jpeg,4793,Killdeer,data/new_raw/images/0c001c60-1027-4813-af5e-903265ef686c.jpg
532e1dcc-9048-4586-ad02-87c0f97c15f3,https://inaturalist-open-data.s3.amazonaws.com/photos/33330450/medium.jpeg,9602,Common Grackle,data/new_raw/images/532e1dcc-9048-4586-ad02-87c0f97c15f3.jpg
cb9934a8-b2bc-4425-9620-30df5aa3f5dc,https://inaturalist-open-data.s3.amazonaws.com/photos/33330596/medium.jpeg,10373,Brown-headed Cowbird,data/new_raw/images/cb9934a8-b2bc-4425-9620-30df5aa3f5dc.jpg
5a4ad091-fb0c-439f-9e51-1d4667bfd422,https://inaturalist-open-data.s3.amazonaws.com/photos/33330839/medium.jpeg,19893,Barred Owl,data/new_raw/images/5a4ad091-fb0c-439f-9e51-1d4667bfd422.jpg
f6111448-ca81-427f-a88e-97186636d3c3,https://inaturalist-open-data.s3.amazonaws.com/photos/33330905/medium.jpeg,9602,Common Grackle,data/new_raw/images/f6111448-ca81-427f-a88e-97186636d3c3.jpg
1cabf255-4547-4a6e-927d-75304bcc0608,https://inaturalist-open-data.s3.amazonaws.com/photos/33331171/medium.jpeg,9100,Song Sparrow,data/new_raw/images/1cabf255-4547-4a6e-927d-75304bcc0608.jpg
4768f046-e427-4895-b68f-b619f370c6a3,https://inaturalist-open-data.s3.amazonaws.com/photos/33331277/medium.jpeg,9100,Song Sparrow,data/new_raw/images/4768f046-e427-4895-b68f-b619f370c6a3.jpg
5d1cf74d-01ca-4044-ac23-716052c86b67,https://inaturalist-open-data.s3.amazonaws.com/photos/33342226/medium.jpeg,46217,Eastern Chipmunk,data/new_raw/images/5d1cf74d-01ca-4044-ac23-716052c86b67.jpg
a308b24e-86d2-44d9-beef-6c1dbe45eee7,https://inaturalist-open-data.s3.amazonaws.com/photos/33364366/medium.jpeg,6996,Red-breasted Merganser,data/new_raw/images/a308b24e-86d2-44d9-beef-6c1dbe45eee7.jpg
066eb4cf-4f1c-4c6a-af7d-6d1975b4fa90,https://inaturalist-open-data.s3.amazonaws.com/photos/33364473/medium.jpeg,6930,Mallard,data/new_raw/images/066eb4cf-4f1c-4c6a-af7d-6d1975b4fa90.jpg
648e5c13-1c5c-45fc-b32b-304146251854,https://inaturalist-open-data.s3.amazonaws.com/photos/33364520/medium.jpeg,6930,Mallard,data/new_raw/images/648e5c13-1c5c-45fc-b32b-304146251854.jpg
d66fa8be-2e8a-4d8c-8471-1a8961b16f4d,https://inaturalist-open-data.s3.amazonaws.com/photos/33364557/medium.jpeg,1578489,American Herring Gull,data/new_raw/images/d66fa8be-2e8a-4d8c-8471-1a8961b16f4d.jpg
049c71f4-b559-4a93-87ba-a8d32021cc84,https://inaturalist-open-data.s3.amazonaws.com/photos/33364790/medium.jpg,5212,Red-tailed Hawk,data/new_raw/images/049c71f4-b559-4a93-87ba-a8d32021cc84.jpg
01a8c45a-73ee-45cf-8954-0f533ecdf2c2,https://inaturalist-open-data.s3.amazonaws.com/photos/33367194/medium.jpeg,4364,Ring-billed Gull,data/new_raw/images/01a8c45a-73ee-45cf-8954-0f533ecdf2c2.jpg
57720cb1-4785-4a30-be7e-fe3b35289aff,https://inaturalist-open-data.s3.amazonaws.com/photos/33367500/medium.jpeg,6930,Mallard,data/new_raw/images/57720cb1-4785-4a30-be7e-fe3b35289aff.jpg
2e4f0258-8f32-4d16-a926-1f806b41d623,https://inaturalist-open-data.s3.amazonaws.com/photos/33367704/medium.jpeg,6990,Common Goldeneye,data/new_raw/images/2e4f0258-8f32-4d16-a926-1f806b41d623.jpg
86440809-15e7-4d09-8595-30d3e9f6d0bd,https://inaturalist-open-data.s3.amazonaws.com/photos/33367847/medium.jpeg,7047,Greater Scaup,data/new_raw/images/86440809-15e7-4d09-8595-30d3e9f6d0bd.jpg
0950321f-a9d6-4795-b19f-656123e89b82,https://inaturalist-open-data.s3.amazonaws.com/photos/33367951/medium.jpeg,7054,Lesser Scaup,data/new_raw/images/0950321f-a9d6-4795-b19f-656123e89b82.jpg
dd89f49e-0869-4173-a90e-2673122e023a,https://inaturalist-open-data.s3.amazonaws.com/photos/33368065/medium.jpeg,7054,Lesser Scaup,data/new_raw/images/dd89f49e-0869-4173-a90e-2673122e023a.jpg
df84ad33-4041-4669-b1ea-4254a3307c41,https://inaturalist-open-data.s3.amazonaws.com/photos/33396554/medium.jpeg,9744,Red-winged Blackbird,data/new_raw/images/df84ad33-4041-4669-b1ea-4254a3307c41.jpg
594ef113-da5f-460b-bbe9-6a826d64c819,https://inaturalist-open-data.s3.amazonaws.com/photos/33405514/medium.jpeg,4981,Black-crowned Night Heron,data/new_raw/images/594ef113-da5f-460b-bbe9-6a826d64c819.jpg
333d7111-1ea7-443e-a1a9-55b97f586fcd,https://inaturalist-open-data.s3.amazonaws.com/photos/33405566/medium.jpeg,6930,Mallard,data/new_raw/images/333d7111-1ea7-443e-a1a9-55b97f586fcd.jpg
aee02795-c02f-429b-b1a9-3f2befc69c61,https://static.inaturalist.org/photos/33407937/medium.jpg,1264432,American Mink,data/new_raw/images/aee02795-c02f-429b-b1a9-3f2befc69c61.jpg
e636650d-77ba-49eb-bb1e-610f594f7ba1,https://inaturalist-open-data.s3.amazonaws.com/photos/33416293/medium.jpg,9602,Common Grackle,data/new_raw/images/e636650d-77ba-49eb-bb1e-610f594f7ba1.jpg
e655a6d4-6c27-4b52-afbc-a37a3627d96c,https://static.inaturalist.org/photos/33442205/medium.jpg,13858,House Sparrow,data/new_raw/images/e655a6d4-6c27-4b52-afbc-a37a3627d96c.jpg
d49d19f4-7a26-42e9-9677-83516bf18a18,https://inaturalist-open-data.s3.amazonaws.com/photos/33443267/medium.jpg,7047,Greater Scaup,data/new_raw/images/d49d19f4-7a26-42e9-9677-83516bf18a18.jpg
1a6a3d16-c030-4bb5-a362-1244baeb503b,https://inaturalist-open-data.s3.amazonaws.com/photos/33443314/medium.jpg,6996,Red-breasted Merganser,data/new_raw/images/1a6a3d16-c030-4bb5-a362-1244baeb503b.jpg
a4555598-439c-48b2-9f41-48fd5a6f2fd7,https://inaturalist-open-data.s3.amazonaws.com/photos/33443378/medium.jpg,4981,Black-crowned Night Heron,data/new_raw/images/a4555598-439c-48b2-9f41-48fd5a6f2fd7.jpg
7f0a4299-d42c-4542-9117-eb563c70331b,https://inaturalist-open-data.s3.amazonaws.com/photos/33443447/medium.jpg,9100,Song Sparrow,data/new_raw/images/7f0a4299-d42c-4542-9117-eb563c70331b.jpg
a96b63b2-b9d9-4b0e-b401-a4f421e18050,https://inaturalist-open-data.s3.amazonaws.com/photos/33443654/medium.jpg,4981,Black-crowned Night Heron,data/new_raw/images/a96b63b2-b9d9-4b0e-b401-a4f421e18050.jpg
ba11b493-592c-4f51-9de1-38078bdff037,https://inaturalist-open-data.s3.amazonaws.com/photos/33443668/medium.jpg,6930,Mallard,data/new_raw/images/ba11b493-592c-4f51-9de1-38078bdff037.jpg
7bb340e3-c2cf-45da-b557-8714159a709f,https://inaturalist-open-data.s3.amazonaws.com/photos/33443847/medium.jpg,9156,Fox Sparrow,data/new_raw/images/7bb340e3-c2cf-45da-b557-8714159a709f.jpg
a8a821d0-c00a-4959-bf3c-f389364a8823,https://static.inaturalist.org/photos/33444022/medium.jpg,7089,Canada Goose,data/new_raw/images/a8a821d0-c00a-4959-bf3c-f389364a8823.jpg
6c4b2f43-d57b-4f90-934e-e8d1e4132275,https://static.inaturalist.org/photos/33444248/medium.jpg,46017,Eastern Gray Squirrel,data/new_raw/images/6c4b2f43-d57b-4f90-934e-e8d1e4132275.jpg
38ae5850-72bc-41dc-9e07-37afb6d3fc3a,https://inaturalist-open-data.s3.amazonaws.com/photos/33458702/medium.jpeg,9100,Song Sparrow,data/new_raw/images/38ae5850-72bc-41dc-9e07-37afb6d3fc3a.jpg
23ebd719-fa7f-411c-90da-9cb7870924eb,https://inaturalist-open-data.s3.amazonaws.com/photos/33458860/medium.jpg,12942,Eastern Bluebird,data/new_raw/images/23ebd719-fa7f-411c-90da-9cb7870924eb.jpg
77b37bc0-43df-400d-9098-dc81871dd7ea,https://inaturalist-open-data.s3.amazonaws.com/photos/33458925/medium.jpg,12942,Eastern Bluebird,data/new_raw/images/77b37bc0-43df-400d-9098-dc81871dd7ea.jpg
e0f2bfa6-1d99-46f0-916a-3782323ece7b,https://inaturalist-open-data.s3.amazonaws.com/photos/33459396/medium.jpg,5212,Red-tailed Hawk,data/new_raw/images/e0f2bfa6-1d99-46f0-916a-3782323ece7b.jpg
1624f358-af5d-498c-925f-6ad1dc809d62,https://inaturalist-open-data.s3.amazonaws.com/photos/33471817/medium.jpg,199840,House Finch,data/new_raw/images/1624f358-af5d-498c-925f-6ad1dc809d62.jpg
39b9ad35-df44-4df7-adb6-ec085ceae4cc,https://inaturalist-open-data.s3.amazonaws.com/photos/33467062/medium.jpg,122767,Feral Pigeon,data/new_raw/images/39b9ad35-df44-4df7-adb6-ec085ceae4cc.jpg
87d3239d-6ed9-4992-aa12-61c90a39351d,https://inaturalist-open-data.s3.amazonaws.com/photos/33467085/medium.jpeg,6996,Red-breasted Merganser,data/new_raw/images/87d3239d-6ed9-4992-aa12-61c90a39351d.jpg
6e3fded0-412e-41aa-86a0-d4b11fd8a8f2,https://inaturalist-open-data.s3.amazonaws.com/photos/33467087/medium.jpeg,7109,Hooded Merganser,data/new_raw/images/6e3fded0-412e-41aa-86a0-d4b11fd8a8f2.jpg
50aa5cf4-1936-4a6b-bb2f-bd95f5a2c47d,https://inaturalist-open-data.s3.amazonaws.com/photos/33472611/medium.jpeg,343340,Eastern Red Fox Sparrow,data/new_raw/images/50aa5cf4-1936-4a6b-bb2f-bd95f5a2c47d.jpg
4fe81d3f-b46f-492c-85f9-b6d2b271549e,https://inaturalist-open-data.s3.amazonaws.com/photos/33519768/medium.jpg,792988,Downy Woodpecker,data/new_raw/images/4fe81d3f-b46f-492c-85f9-b6d2b271549e.jpg
f2d77c4e-3c5f-4bc4-ad9f-d6cb255809a3,https://inaturalist-open-data.s3.amazonaws.com/photos/33548767/medium.jpg,47144,Domestic Dog,data/new_raw/images/f2d77c4e-3c5f-4bc4-ad9f-d6cb255809a3.jpg
0a03f104-17d6-4513-b796-54a2cb0afeef,https://inaturalist-open-data.s3.amazonaws.com/photos/33569066/medium.jpeg,4793,Killdeer,data/new_raw/images/0a03f104-17d6-4513-b796-54a2cb0afeef.jpg
3cddb0cf-807c-4188-ac0e-d1d397a44e46,https://inaturalist-open-data.s3.amazonaws.com/photos/33569075/medium.jpeg,4665,American Kestrel,data/new_raw/images/3cddb0cf-807c-4188-ac0e-d1d397a44e46.jpg
9ccbe1db-b673-4795-818d-dd482c42fd28,https://inaturalist-open-data.s3.amazonaws.com/photos/33569134/medium.jpeg,474210,American Tree Sparrow,data/new_raw/images/9ccbe1db-b673-4795-818d-dd482c42fd28.jpg
b3cf2674-458a-42c5-9b64-d34f0f684090,https://inaturalist-open-data.s3.amazonaws.com/photos/33569213/medium.jpeg,5212,Red-tailed Hawk,data/new_raw/images/b3cf2674-458a-42c5-9b64-d34f0f684090.jpg
a638830c-bd75-4ea4-b3fd-0141cfcb1a7b,https://inaturalist-open-data.s3.amazonaws.com/photos/33569278/medium.jpeg,9528,Eastern Meadowlark,data/new_raw/images/a638830c-bd75-4ea4-b3fd-0141cfcb1a7b.jpg
f26d9b4a-d633-41b6-ae2a-5d56a3cd33e8,https://static.inaturalist.org/photos/33573196/medium.jpg,7170,Long-tailed Duck,data/new_raw/images/f26d9b4a-d633-41b6-ae2a-5d56a3cd33e8.jpg
5be6de84-06c1-41fc-a85a-a9216dc627c9,https://inaturalist-open-data.s3.amazonaws.com/photos/33575715/medium.jpeg,4793,Killdeer,data/new_raw/images/5be6de84-06c1-41fc-a85a-a9216dc627c9.jpg
9cc68786-7319-4a58-b31a-8abb57bdc216,https://inaturalist-open-data.s3.amazonaws.com/photos/33588701/medium.jpg,9083,Northern Cardinal,data/new_raw/images/9cc68786-7319-4a58-b31a-8abb57bdc216.jpg
9cdfcb0a-5eb1-4dc5-a56d-09c12e4e7d85,https://inaturalist-open-data.s3.amazonaws.com/photos/33588708/medium.jpeg,13858,House Sparrow,data/new_raw/images/9cdfcb0a-5eb1-4dc5-a56d-09c12e4e7d85.jpg
2bcabf68-248a-42db-874c-39277e0e77e5,https://inaturalist-open-data.s3.amazonaws.com/photos/33588721/medium.jpg,13858,House Sparrow,data/new_raw/images/2bcabf68-248a-42db-874c-39277e0e77e5.jpg
8edf22f2-3c83-42cc-9bc4-adf90e8871f9,https://inaturalist-open-data.s3.amazonaws.com/photos/33588741/medium.jpg,13858,House Sparrow,data/new_raw/images/8edf22f2-3c83-42cc-9bc4-adf90e8871f9.jpg
1a2d1e08-0908-45d8-9ef1-bc5a8ad4f0fa,https://inaturalist-open-data.s3.amazonaws.com/photos/33599776/medium.jpeg,42051,Coyote,data/new_raw/images/1a2d1e08-0908-45d8-9ef1-bc5a8ad4f0fa.jpg
30f1164b-bf20-4094-b438-5caed1ceb653,https://inaturalist-open-data.s3.amazonaws.com/photos/33608181/medium.jpg,6930,Mallard,data/new_raw/images/30f1164b-bf20-4094-b438-5caed1ceb653.jpg
7e6f0355-733e-4674-80f2-bfa1e3bfcb62,https://inaturalist-open-data.s3.amazonaws.com/photos/33613031/medium.jpeg,343340,Eastern Red Fox Sparrow,data/new_raw/images/7e6f0355-733e-4674-80f2-bfa1e3bfcb62.jpg
e78313a6-924c-484f-becc-a2444155b78f,https://inaturalist-open-data.s3.amazonaws.com/photos/33619244/medium.jpeg,12727,American Robin,data/new_raw/images/e78313a6-924c-484f-becc-a2444155b78f.jpg
979c1bc4-f366-449d-b2d4-00c9b6ad3d8f,https://static.inaturalist.org/photos/33621988/medium.jpg,4665,American Kestrel,data/new_raw/images/979c1bc4-f366-449d-b2d4-00c9b6ad3d8f.jpg
d09e682c-410f-4f3d-be32-3c5f92e140c8,https://inaturalist-open-data.s3.amazonaws.com/photos/33624674/medium.jpg,46017,Eastern Gray Squirrel,data/new_raw/images/d09e682c-410f-4f3d-be32-3c5f92e140c8.jpg
606f63ae-fa6c-4b41-bbea-0d66f3ba0ad3,https://inaturalist-open-data.s3.amazonaws.com/photos/33632450/medium.jpeg,7170,Long-tailed Duck,data/new_raw/images/606f63ae-fa6c-4b41-bbea-0d66f3ba0ad3.jpg
8f62b597-5885-4634-a224-37cd7dafc824,https://inaturalist-open-data.s3.amazonaws.com/photos/33672732/medium.jpg,12942,Eastern Bluebird,data/new_raw/images/8f62b597-5885-4634-a224-37cd7dafc824.jpg
26bc487f-64d1-4977-90a8-6f267cc4546f,https://inaturalist-open-data.s3.amazonaws.com/photos/33672845/medium.jpg,6996,Red-breasted Merganser,data/new_raw/images/26bc487f-64d1-4977-90a8-6f267cc4546f.jpg
87578516-007d-429f-b81f-a8b0f523a1e4,https://inaturalist-open-data.s3.amazonaws.com/photos/33672918/medium.jpg,5212,Red-tailed Hawk,data/new_raw/images/87578516-007d-429f-b81f-a8b0f523a1e4.jpg
734f2bc6-7a94-4d17-9c77-898d6dde3a51,https://inaturalist-open-data.s3.amazonaws.com/photos/33672982/medium.jpg,6930,Mallard,data/new_raw/images/734f2bc6-7a94-4d17-9c77-898d6dde3a51.jpg
6e65cabf-b508-4ab2-a81e-07aa76532927,https://inaturalist-open-data.s3.amazonaws.com/photos/33673108/medium.jpg,4665,American Kestrel,data/new_raw/images/6e65cabf-b508-4ab2-a81e-07aa76532927.jpg
fe7852c4-f29e-4feb-b372-aee84427ec07,https://inaturalist-open-data.s3.amazonaws.com/photos/33673203/medium.jpg,12942,Eastern Bluebird,data/new_raw/images/fe7852c4-f29e-4feb-b372-aee84427ec07.jpg
056f5689-554a-41f8-a535-1fb89df40c4c,https://inaturalist-open-data.s3.amazonaws.com/photos/33693952/medium.jpeg,6937,Green-winged Teal,data/new_raw/images/056f5689-554a-41f8-a535-1fb89df40c4c.jpg
d66dbd49-98b1-43d3-bbfb-21aebb67faa0,https://inaturalist-open-data.s3.amazonaws.com/photos/33698671/medium.jpeg,3936,American Woodcock,data/new_raw/images/d66dbd49-98b1-43d3-bbfb-21aebb67faa0.jpg
f9a7bf8b-3c1b-4b04-ad91-b073f2b1d0b4,https://inaturalist-open-data.s3.amazonaws.com/photos/33698845/medium.jpeg,9156,Fox Sparrow,data/new_raw/images/f9a7bf8b-3c1b-4b04-ad91-b073f2b1d0b4.jpg
623a1a79-2dbe-422d-b9bc-1cd8ac0b501d,https://inaturalist-open-data.s3.amazonaws.com/photos/33698890/medium.jpeg,9100,Song Sparrow,data/new_raw/images/623a1a79-2dbe-422d-b9bc-1cd8ac0b501d.jpg
b0f84f57-b0b4-476e-a43b-b4e62e363374,https://inaturalist-open-data.s3.amazonaws.com/photos/33699011/medium.jpeg,7109,Hooded Merganser,data/new_raw/images/b0f84f57-b0b4-476e-a43b-b4e62e363374.jpg
c5719ec9-8750-4c7b-8f62-d2cf1b2e41c0,https://inaturalist-open-data.s3.amazonaws.com/photos/33699066/medium.jpeg,12942,Eastern Bluebird,data/new_raw/images/c5719ec9-8750-4c7b-8f62-d2cf1b2e41c0.jpg
cda8a56d-0e3e-457a-8358-b6b59d6ce254,https://inaturalist-open-data.s3.amazonaws.com/photos/33699122/medium.jpeg,2548,Belted Kingfisher,data/new_raw/images/cda8a56d-0e3e-457a-8358-b6b59d6ce254.jpg
88715a1f-06bc-4b60-8459-ab4ef65637f4,https://inaturalist-open-data.s3.amazonaws.com/photos/33700941/medium.jpeg,9156,Fox Sparrow,data/new_raw/images/88715a1f-06bc-4b60-8459-ab4ef65637f4.jpg
df11df1a-b89d-493f-8682-989f761f3aaa,https://inaturalist-open-data.s3.amazonaws.com/photos/33701543/medium.jpeg,9100,Song Sparrow,data/new_raw/images/df11df1a-b89d-493f-8682-989f761f3aaa.jpg
96662be3-1a17-46ca-b7e8-b4463c2704eb,https://inaturalist-open-data.s3.amazonaws.com/photos/33701595/medium.jpg,117100,Golden-crowned Kinglet,data/new_raw/images/96662be3-1a17-46ca-b7e8-b4463c2704eb.jpg
f4423840-68c0-473c-9460-e01b6c2c76ca,https://inaturalist-open-data.s3.amazonaws.com/photos/33701702/medium.jpeg,12727,American Robin,data/new_raw/images/f4423840-68c0-473c-9460-e01b6c2c76ca.jpg
ea7e7921-d58e-4645-9d6e-23263ecfca82,https://static.inaturalist.org/photos/33752457/medium.jpeg,11989,New World Blackbirds and Orioles,data/new_raw/images/ea7e7921-d58e-4645-9d6e-23263ecfca82.jpg
de4bc0b2-04ea-491d-a246-efd7381b0906,https://static.inaturalist.org/photos/33752562/medium.jpeg,12727,American Robin,data/new_raw/images/de4bc0b2-04ea-491d-a246-efd7381b0906.jpg
c4cb9d1c-231b-404d-9743-fafab1c25550,https://static.inaturalist.org/photos/33752772/medium.jpeg,144815,Black-capped Chickadee,data/new_raw/images/c4cb9d1c-231b-404d-9743-fafab1c25550.jpg
dc462888-58f7-42b4-ae18-63f09e14b772,https://inaturalist-open-data.s3.amazonaws.com/photos/33759482/medium.jpeg,3936,American Woodcock,data/new_raw/images/dc462888-58f7-42b4-ae18-63f09e14b772.jpg
3b1524e8-8662-4a8d-8a00-6a3e16173c1a,https://inaturalist-open-data.s3.amazonaws.com/photos/33770441/medium.jpg,9083,Northern Cardinal,data/new_raw/images/3b1524e8-8662-4a8d-8a00-6a3e16173c1a.jpg
fd966c84-e3d8-4ab3-b02e-d26066494e85,https://inaturalist-open-data.s3.amazonaws.com/photos/33771072/medium.jpg,43111,Eastern Cottontail,data/new_raw/images/fd966c84-e3d8-4ab3-b02e-d26066494e85.jpg
cacfa76b-52d4-4f64-b98a-c4d82fff72f1,https://inaturalist-open-data.s3.amazonaws.com/photos/33774503/medium.jpg,9156,Fox Sparrow,data/new_raw/images/cacfa76b-52d4-4f64-b98a-c4d82fff72f1.jpg
f39017c7-e6ab-4f15-b1f2-f71f7fc4770a,https://inaturalist-open-data.s3.amazonaws.com/photos/33832117/medium.jpeg,122767,Feral Pigeon,data/new_raw/images/f39017c7-e6ab-4f15-b1f2-f71f7fc4770a.jpg
d106fab7-8771-4af2-a6ab-b154c2af0c19,https://inaturalist-open-data.s3.amazonaws.com/photos/33832319/medium.jpeg,41663,Common Raccoon,data/new_raw/images/d106fab7-8771-4af2-a6ab-b154c2af0c19.jpg
abb6472d-deec-4748-a715-3df4fa35d538,https://static.inaturalist.org/photos/33835806/medium.jpg,507971,Domestic Budgerigar,data/new_raw/images/abb6472d-deec-4748-a715-3df4fa35d538.jpg
7b6fad08-cdd2-4190-accb-f7463fc93e60,https://static.inaturalist.org/photos/33850498/medium.jpg,7089,Canada Goose,data/new_raw/images/7b6fad08-cdd2-4190-accb-f7463fc93e60.jpg
a471c2e6-e832-472b-b9a7-9779a8bcf05c,https://inaturalist-open-data.s3.amazonaws.com/photos/33851290/medium.jpeg,18236,Northern Flicker,data/new_raw/images/a471c2e6-e832-472b-b9a7-9779a8bcf05c.jpg
ebd02d0f-7d9b-4bc7-81e8-fe61c30c6bf6,https://inaturalist-open-data.s3.amazonaws.com/photos/33854416/medium.jpeg,117100,Golden-crowned Kinglet,data/new_raw/images/ebd02d0f-7d9b-4bc7-81e8-fe61c30c6bf6.jpg
f186c036-d786-4733-ab09-d08e4b22906f,https://inaturalist-open-data.s3.amazonaws.com/photos/33870747/medium.jpeg,46017,Eastern Gray Squirrel,data/new_raw/images/f186c036-d786-4733-ab09-d08e4b22906f.jpg
cd4de9e4-89e3-4029-b714-ba04ce1605b3,https://inaturalist-open-data.s3.amazonaws.com/photos/33923209/medium.jpeg,10247,American Redstart,data/new_raw/images/cd4de9e4-89e3-4029-b714-ba04ce1605b3.jpg
2f8b08d6-9bdd-486e-990f-f01058acce65,https://inaturalist-open-data.s3.amazonaws.com/photos/33923654/medium.jpeg,16782,Eastern Kingbird,data/new_raw/images/2f8b08d6-9bdd-486e-990f-f01058acce65.jpg
a2e427e7-c201-4ffe-9de3-7a77676a7f88,https://inaturalist-open-data.s3.amazonaws.com/photos/33923712/medium.jpeg,144537,Caspian Tern,data/new_raw/images/a2e427e7-c201-4ffe-9de3-7a77676a7f88.jpg
90f3f62c-5ce0-488c-a7de-ddc13a0e212c,https://inaturalist-open-data.s3.amazonaws.com/photos/33923748/medium.jpeg,3454,Mourning Dove,data/new_raw/images/90f3f62c-5ce0-488c-a7de-ddc13a0e212c.jpg
bcadb371-1716-48a8-b97c-c07ffafc6060,https://inaturalist-open-data.s3.amazonaws.com/photos/33923840/medium.jpeg,14898,Brown Thrasher,data/new_raw/images/bcadb371-1716-48a8-b97c-c07ffafc6060.jpg
c2611e29-6710-4850-bbec-e401ea63e185,https://static.inaturalist.org/photos/34067669/medium.jpg,3936,American Woodcock,data/new_raw/images/c2611e29-6710-4850-bbec-e401ea63e185.jpg
043fb2f5-00f6-40c1-b6c7-d480bc18b5cd,https://inaturalist-open-data.s3.amazonaws.com/photos/33931848/medium.jpeg,7089,Canada Goose,data/new_raw/images/043fb2f5-00f6-40c1-b6c7-d480bc18b5cd.jpg
f64a9233-7b3f-4f8d-b9c5-d38919af5367,https://static.inaturalist.org/photos/33938557/medium.jpeg,8021,American Crow,data/new_raw/images/f64a9233-7b3f-4f8d-b9c5-d38919af5367.jpg
145b66a4-559a-4515-b5cc-c7dbc5c5b378,https://inaturalist-open-data.s3.amazonaws.com/photos/33945380/medium.jpg,4981,Black-crowned Night Heron,data/new_raw/images/145b66a4-559a-4515-b5cc-c7dbc5c5b378.jpg
5b400d53-b0ba-4457-a15d-c34324d2f57f,https://inaturalist-open-data.s3.amazonaws.com/photos/33945436/medium.jpg,5212,Red-tailed Hawk,data/new_raw/images/5b400d53-b0ba-4457-a15d-c34324d2f57f.jpg
2bae6402-6760-411b-8413-a2aac15a96f6,https://static.inaturalist.org/photos/33958971/medium.jpg,6996,Red-breasted Merganser,data/new_raw/images/2bae6402-6760-411b-8413-a2aac15a96f6.jpg
676fd47d-9f2e-4042-9608-aaff445314e8,https://static.inaturalist.org/photos/33959043/medium.jpg,7107,Wood Duck,data/new_raw/images/676fd47d-9f2e-4042-9608-aaff445314e8.jpg
f8a485bc-eba4-448b-bc76-2b4501d5699e,https://static.inaturalist.org/photos/33959163/medium.jpg,7004,Common Merganser,data/new_raw/images/f8a485bc-eba4-448b-bc76-2b4501d5699e.jpg
01fa8d14-2e2d-4f82-a10d-95cce21a7743,https://static.inaturalist.org/photos/33971205/medium.jpg,43584,Human,data/new_raw/images/01fa8d14-2e2d-4f82-a10d-95cce21a7743.jpg
431d5509-2d12-4658-b9ca-c19947a25c7f,https://inaturalist-open-data.s3.amazonaws.com/photos/33991441/medium.jpeg,17008,Eastern Phoebe,data/new_raw/images/431d5509-2d12-4658-b9ca-c19947a25c7f.jpg
a4d42923-2642-4f10-a852-417c45c7c27d,https://inaturalist-open-data.s3.amazonaws.com/photos/33991572/medium.jpeg,17008,Eastern Phoebe,data/new_raw/images/a4d42923-2642-4f10-a852-417c45c7c27d.jpg
1eaac5b6-86e1-4786-bb90-18e5d3ab3edc,https://inaturalist-open-data.s3.amazonaws.com/photos/33991672/medium.jpeg,7107,Wood Duck,data/new_raw/images/1eaac5b6-86e1-4786-bb90-18e5d3ab3edc.jpg
8aec641c-7a7e-464b-bac5-bdeac2b10446,https://inaturalist-open-data.s3.amazonaws.com/photos/33991770/medium.jpeg,7107,Wood Duck,data/new_raw/images/8aec641c-7a7e-464b-bac5-bdeac2b10446.jpg
93f71668-bac0-447c-8237-913fb93c8d45,https://inaturalist-open-data.s3.amazonaws.com/photos/33991912/medium.jpeg,2548,Belted Kingfisher,data/new_raw/images/93f71668-bac0-447c-8237-913fb93c8d45.jpg
2492d221-7b68-48de-af7e-c7891fb4259a,https://inaturalist-open-data.s3.amazonaws.com/photos/33992096/medium.jpeg,41663,Common Raccoon,data/new_raw/images/2492d221-7b68-48de-af7e-c7891fb4259a.jpg
0d166193-d93c-4ef3-a535-654838adb866,https://inaturalist-open-data.s3.amazonaws.com/photos/33992027/medium.jpeg,9744,Red-winged Blackbird,data/new_raw/images/0d166193-d93c-4ef3-a535-654838adb866.jpg
bb1eda7d-9996-4af5-8890-db950be79fb3,https://inaturalist-open-data.s3.amazonaws.com/photos/34009862/medium.jpeg,122767,Feral Pigeon,data/new_raw/images/bb1eda7d-9996-4af5-8890-db950be79fb3.jpg
7f8d1320-1e02-4877-93b8-3576e356c650,https://inaturalist-open-data.s3.amazonaws.com/photos/34013986/medium.jpeg,6996,Red-breasted Merganser,data/new_raw/images/7f8d1320-1e02-4877-93b8-3576e356c650.jpg
7f7b9056-ca84-4021-8362-cd55d53bc0ab,https://inaturalist-open-data.s3.amazonaws.com/photos/34014227/medium.jpeg,4209,Horned Grebe,data/new_raw/images/7f7b9056-ca84-4021-8362-cd55d53bc0ab.jpg
d202556c-e1b8-4b26-9c6b-8c569f7810f6,https://inaturalist-open-data.s3.amazonaws.com/photos/34014547/medium.jpeg,9100,Song Sparrow,data/new_raw/images/d202556c-e1b8-4b26-9c6b-8c569f7810f6.jpg
8f1f1060-1730-4e6c-a7d3-9c45327e7755,https://inaturalist-open-data.s3.amazonaws.com/photos/34014723/medium.jpeg,4209,Horned Grebe,data/new_raw/images/8f1f1060-1730-4e6c-a7d3-9c45327e7755.jpg
56502220-fc9d-41c6-8c37-410c488d7a29,https://inaturalist-open-data.s3.amazonaws.com/photos/34014809/medium.jpeg,4981,Black-crowned Night Heron,data/new_raw/images/56502220-fc9d-41c6-8c37-410c488d7a29.jpg
6d9a0eba-68f4-4f06-899b-2d6d5cb1a1f3,https://inaturalist-open-data.s3.amazonaws.com/photos/34014928/medium.jpeg,6990,Common Goldeneye,data/new_raw/images/6d9a0eba-68f4-4f06-899b-2d6d5cb1a1f3.jpg
117efe4b-3a7e-4246-b475-70bc2b5bb87b,https://static.inaturalist.org/photos/34021803/medium.jpg,6930,Mallard,data/new_raw/images/117efe4b-3a7e-4246-b475-70bc2b5bb87b.jpg
fde00f6d-f321-4308-aa8e-1c91fbc161a6,https://inaturalist-open-data.s3.amazonaws.com/photos/34026984/medium.jpeg,2548,Belted Kingfisher,data/new_raw/images/fde00f6d-f321-4308-aa8e-1c91fbc161a6.jpg
2f7cee01-6e63-417b-82a9-d67849994074,https://static.inaturalist.org/photos/34031449/medium.jpg,792988,Downy Woodpecker,data/new_raw/images/2f7cee01-6e63-417b-82a9-d67849994074.jpg
82c4271a-c835-4d75-9f8f-271d9556dc43,https://inaturalist-open-data.s3.amazonaws.com/photos/34134692/medium.jpg,343340,Eastern Red Fox Sparrow,data/new_raw/images/82c4271a-c835-4d75-9f8f-271d9556dc43.jpg
67a5c5f1-1f92-40e4-bd77-935c9f2e469a,https://inaturalist-open-data.s3.amazonaws.com/photos/34049738/medium.jpeg,2548,Belted Kingfisher,data/new_raw/images/67a5c5f1-1f92-40e4-bd77-935c9f2e469a.jpg
8416cae1-4a5b-4483-95e5-9e4872d88a30,https://inaturalist-open-data.s3.amazonaws.com/photos/34049743/medium.jpeg,494355,Eastern Red-tailed Hawk,data/new_raw/images/8416cae1-4a5b-4483-95e5-9e4872d88a30.jpg
4b399b73-7ddd-43fe-9ed9-4b9cf8b34fbc,https://inaturalist-open-data.s3.amazonaws.com/photos/34049749/medium.jpeg,4756,Turkey Vulture,data/new_raw/images/4b399b73-7ddd-43fe-9ed9-4b9cf8b34fbc.jpg
be4de127-57f1-4349-af99-4d8cccf277fa,https://inaturalist-open-data.s3.amazonaws.com/photos/34049759/medium.jpeg,343340,Eastern Red Fox Sparrow,data/new_raw/images/be4de127-57f1-4349-af99-4d8cccf277fa.jpg
49c696de-b28e-4fde-b8fb-402f69913940,https://inaturalist-open-data.s3.amazonaws.com/photos/34049768/medium.jpeg,2548,Belted Kingfisher,data/new_raw/images/49c696de-b28e-4fde-b8fb-402f69913940.jpg
a6afdf0b-d4f0-4a6b-8140-05ca077bd9f1,https://inaturalist-open-data.s3.amazonaws.com/photos/34049775/medium.jpeg,117100,Golden-crowned Kinglet,data/new_raw/images/a6afdf0b-d4f0-4a6b-8140-05ca077bd9f1.jpg
bae6af72-d0fd-445f-8fd2-4b17f43d42ee,https://inaturalist-open-data.s3.amazonaws.com/photos/34050936/medium.jpeg,4364,Ring-billed Gull,data/new_raw/images/bae6af72-d0fd-445f-8fd2-4b17f43d42ee.jpg
077bc352-5114-4bf2-92a6-a4347c493201,https://inaturalist-open-data.s3.amazonaws.com/photos/34051848/medium.jpeg,9602,Common Grackle,data/new_raw/images/077bc352-5114-4bf2-92a6-a4347c493201.jpg
29238547-f712-4f14-88f5-ee11da4dd76b,https://inaturalist-open-data.s3.amazonaws.com/photos/34051860/medium.jpeg,12727,American Robin,data/new_raw/images/29238547-f712-4f14-88f5-ee11da4dd76b.jpg
1e3ae8eb-7e0f-419f-877a-ff65dca25e5c,https://inaturalist-open-data.s3.amazonaws.com/photos/34052115/medium.jpeg,13858,House Sparrow,data/new_raw/images/1e3ae8eb-7e0f-419f-877a-ff65dca25e5c.jpg
da2ca991-379f-45d4-954a-4309a0989c71,https://inaturalist-open-data.s3.amazonaws.com/photos/34052123/medium.jpeg,132764,Slate-colored Junco,data/new_raw/images/da2ca991-379f-45d4-954a-4309a0989c71.jpg
2bb158bd-cbb0-4b53-9686-ac7aa49ac798,https://inaturalist-open-data.s3.amazonaws.com/photos/34052130/medium.jpeg,199840,House Finch,data/new_raw/images/2bb158bd-cbb0-4b53-9686-ac7aa49ac798.jpg
822706d0-049e-47b6-97c6-4673a50d0f01,https://inaturalist-open-data.s3.amazonaws.com/photos/34054995/medium.jpg,7170,Long-tailed Duck,data/new_raw/images/822706d0-049e-47b6-97c6-4673a50d0f01.jpg
40d00bf5-c0da-46d3-80a3-0c5c45f29de9,https://inaturalist-open-data.s3.amazonaws.com/photos/34099980/medium.jpeg,122767,Feral Pigeon,data/new_raw/images/40d00bf5-c0da-46d3-80a3-0c5c45f29de9.jpg
439164d7-51d6-485b-8bf9-10ae2ca78cf4,https://inaturalist-open-data.s3.amazonaws.com/photos/34102800/medium.jpeg,42051,Coyote,data/new_raw/images/439164d7-51d6-485b-8bf9-10ae2ca78cf4.jpg
851ae619-ec99-4fab-aa3b-35a11e92e2ff,https://inaturalist-open-data.s3.amazonaws.com/photos/34102878/medium.jpeg,1454382,Double-crested Cormorant,data/new_raw/images/851ae619-ec99-4fab-aa3b-35a11e92e2ff.jpg
45024a6d-3f8b-47b0-9d80-8ff78cda57dd,https://inaturalist-open-data.s3.amazonaws.com/photos/34102882/medium.jpeg,6996,Red-breasted Merganser,data/new_raw/images/45024a6d-3f8b-47b0-9d80-8ff78cda57dd.jpg
7f07b16d-fed8-4568-8adf-40260b26b3e1,https://inaturalist-open-data.s3.amazonaws.com/photos/34102884/medium.jpeg,4981,Black-crowned Night Heron,data/new_raw/images/7f07b16d-fed8-4568-8adf-40260b26b3e1.jpg
8a60cd18-67f1-4d25-9a3d-9993672f2c72,https://inaturalist-open-data.s3.amazonaws.com/photos/34102890/medium.jpeg,132764,Slate-colored Junco,data/new_raw/images/8a60cd18-67f1-4d25-9a3d-9993672f2c72.jpg
299f6218-6eb1-4edc-811c-38af8dced25d,https://inaturalist-open-data.s3.amazonaws.com/photos/34102892/medium.jpeg,1578489,American Herring Gull,data/new_raw/images/299f6218-6eb1-4edc-811c-38af8dced25d.jpg
13dc4475-e57c-48d8-bb23-8da48af91dfe,https://inaturalist-open-data.s3.amazonaws.com/photos/34148754/medium.jpeg,3936,American Woodcock,data/new_raw/images/13dc4475-e57c-48d8-bb23-8da48af91dfe.jpg
d8d6b384-f605-402b-b839-c70ad2eec35e,https://inaturalist-open-data.s3.amazonaws.com/photos/34147088/medium.jpeg,7107,Wood Duck,data/new_raw/images/d8d6b384-f605-402b-b839-c70ad2eec35e.jpg
de4c33db-954b-4ce5-876b-1e0d54fc39b8,https://static.inaturalist.org/photos/34149111/medium.jpg,9083,Northern Cardinal,data/new_raw/images/de4c33db-954b-4ce5-876b-1e0d54fc39b8.jpg
fbe90dfc-519f-4dfe-a868-7cb611ba5cf5,https://static.inaturalist.org/photos/34149180/medium.jpg,7458,Brown Creeper,data/new_raw/images/fbe90dfc-519f-4dfe-a868-7cb611ba5cf5.jpg
f5981c58-ae90-4186-9c92-3f76331aef5e,https://static.inaturalist.org/photos/34149256/medium.jpg,9744,Red-winged Blackbird,data/new_raw/images/f5981c58-ae90-4186-9c92-3f76331aef5e.jpg
119d3cec-b981-4106-a26e-48de68b00df6,https://static.inaturalist.org/photos/34149319/medium.jpg,117100,Golden-crowned Kinglet,data/new_raw/images/119d3cec-b981-4106-a26e-48de68b00df6.jpg
8d54bc5c-ac5a-45f2-8691-d47a3568a933,https://static.inaturalist.org/photos/34156051/medium.jpg,4364,Ring-billed Gull,data/new_raw/images/8d54bc5c-ac5a-45f2-8691-d47a3568a933.jpg
4b06bbb9-8183-4719-9389-7ab9f1aa41f9,https://static.inaturalist.org/photos/34156818/medium.jpg,144815,Black-capped Chickadee,data/new_raw/images/4b06bbb9-8183-4719-9389-7ab9f1aa41f9.jpg
a3b75f88-9d7b-4f9e-9b7c-c569e5ce593e,https://static.inaturalist.org/photos/34156917/medium.jpg,13858,House Sparrow,data/new_raw/images/a3b75f88-9d7b-4f9e-9b7c-c569e5ce593e.jpg
d65bed49-a6ad-4151-a732-708a32170c54,https://inaturalist-open-data.s3.amazonaws.com/photos/34161626/medium.jpg,7089,Canada Goose,data/new_raw/images/d65bed49-a6ad-4151-a732-708a32170c54.jpg
ed85fadf-5100-4403-919f-f0e4c154dcef,https://static.inaturalist.org/photos/34157274/medium.jpg,9744,Red-winged Blackbird,data/new_raw/images/ed85fadf-5100-4403-919f-f0e4c154dcef.jpg
47c7cb5c-e1df-48c8-b1aa-30f30fbf42e2,https://static.inaturalist.org/photos/34157342/medium.jpg,9602,Common Grackle,data/new_raw/images/47c7cb5c-e1df-48c8-b1aa-30f30fbf42e2.jpg
61723c52-5763-4798-b3ee-a8034390bc5d,https://static.inaturalist.org/photos/34157786/medium.jpg,12727,American Robin,data/new_raw/images/61723c52-5763-4798-b3ee-a8034390bc5d.jpg
74bac521-8599-462b-be8d-d57a8cdc0db0,https://static.inaturalist.org/photos/34158192/medium.jpg,46017,Eastern Gray Squirrel,data/new_raw/images/74bac521-8599-462b-be8d-d57a8cdc0db0.jpg
920ae6f6-1dc6-4944-808a-1765b003d805,https://static.inaturalist.org/photos/34158281/medium.jpg,9083,Northern Cardinal,data/new_raw/images/920ae6f6-1dc6-4944-808a-1765b003d805.jpg
696cf861-4e7e-48aa-8f00-feb8456cc7e0,https://static.inaturalist.org/photos/34158865/medium.jpg,12727,American Robin,data/new_raw/images/696cf861-4e7e-48aa-8f00-feb8456cc7e0.jpg
8fbc7939-b9b9-4094-8c55-f510f878e126,https://static.inaturalist.org/photos/34159502/medium.jpg,5212,Red-tailed Hawk,data/new_raw/images/8fbc7939-b9b9-4094-8c55-f510f878e126.jpg
d981da07-b301-499f-8834-ad91eb20735f,https://static.inaturalist.org/photos/34159647/medium.jpg,13858,House Sparrow,data/new_raw/images/d981da07-b301-499f-8834-ad91eb20735f.jpg
0b74c17d-29a9-4e98-88ac-35c2f2045d00,https://static.inaturalist.org/photos/34159775/medium.jpg,7089,Canada Goose,data/new_raw/images/0b74c17d-29a9-4e98-88ac-35c2f2045d00.jpg
183038e7-390e-47e4-b0fe-4ee2bceba462,https://inaturalist-open-data.s3.amazonaws.com/photos/34160870/medium.jpeg,17008,Eastern Phoebe,data/new_raw/images/183038e7-390e-47e4-b0fe-4ee2bceba462.jpg
7866dd10-797f-47a4-9364-3fcd5726fea4,https://inaturalist-open-data.s3.amazonaws.com/photos/34160881/medium.jpeg,7458,Brown Creeper,data/new_raw/images/7866dd10-797f-47a4-9364-3fcd5726fea4.jpg
82c147e0-297d-4439-bd5e-9a3025e8cd14,https://inaturalist-open-data.s3.amazonaws.com/photos/34160875/medium.jpeg,555736,Northern Yellow-shafted Flicker,data/new_raw/images/82c147e0-297d-4439-bd5e-9a3025e8cd14.jpg
f1375d57-55b0-4dbe-b94d-cf474b64f719,https://static.inaturalist.org/photos/34165643/medium.jpg,7089,Canada Goose,data/new_raw/images/f1375d57-55b0-4dbe-b94d-cf474b64f719.jpg
8660b451-693a-4f3f-8ab5-055cc015757a,https://inaturalist-open-data.s3.amazonaws.com/photos/34173823/medium.jpeg,42223,White-tailed Deer,data/new_raw/images/8660b451-693a-4f3f-8ab5-055cc015757a.jpg
67c9d2e4-bc98-49e9-b67f-3c510e771680,https://inaturalist-open-data.s3.amazonaws.com/photos/34175441/medium.jpeg,43111,Eastern Cottontail,data/new_raw/images/67c9d2e4-bc98-49e9-b67f-3c510e771680.jpg
8220ee1d-1ab4-4ff4-b144-0149f5bb57d4,https://inaturalist-open-data.s3.amazonaws.com/photos/34175943/medium.jpeg,12727,American Robin,data/new_raw/images/8220ee1d-1ab4-4ff4-b144-0149f5bb57d4.jpg
0389a0b0-963a-4d13-9a7b-127c09358a72,https://inaturalist-open-data.s3.amazonaws.com/photos/34175478/medium.jpeg,7089,Canada Goose,data/new_raw/images/0389a0b0-963a-4d13-9a7b-127c09358a72.jpg
a9349677-9681-4dea-848c-ae3ecfcb4f08,https://inaturalist-open-data.s3.amazonaws.com/photos/34176614/medium.jpg,4793,Killdeer,data/new_raw/images/a9349677-9681-4dea-848c-ae3ecfcb4f08.jpg
e2bfc108-45af-493d-893f-079cc34e20ac,https://inaturalist-open-data.s3.amazonaws.com/photos/34176616/medium.jpeg,10373,Brown-headed Cowbird,data/new_raw/images/e2bfc108-45af-493d-893f-079cc34e20ac.jpg
68fa7faf-e4ba-46db-b7f7-b5a3a05c6831,https://inaturalist-open-data.s3.amazonaws.com/photos/34178512/medium.jpg,6930,Mallard,data/new_raw/images/68fa7faf-e4ba-46db-b7f7-b5a3a05c6831.jpg
4018f419-a61b-46f6-9a09-4f9377cc09e7,https://inaturalist-open-data.s3.amazonaws.com/photos/34196639/medium.jpg,12727,American Robin,data/new_raw/images/4018f419-a61b-46f6-9a09-4f9377cc09e7.jpg
146ff8f8-eb32-4aaf-9922-76cd7002315b,https://inaturalist-open-data.s3.amazonaws.com/photos/34196674/medium.jpg,9083,Northern Cardinal,data/new_raw/images/146ff8f8-eb32-4aaf-9922-76cd7002315b.jpg
3424833e-9750-4cc2-9f1e-b4b56723fc7b,https://inaturalist-open-data.s3.amazonaws.com/photos/34196744/medium.jpg,9744,Red-winged Blackbird,data/new_raw/images/3424833e-9750-4cc2-9f1e-b4b56723fc7b.jpg
1ef5f811-728d-4160-837b-79e2d861c5bf,https://inaturalist-open-data.s3.amazonaws.com/photos/34197080/medium.jpg,4364,Ring-billed Gull,data/new_raw/images/1ef5f811-728d-4160-837b-79e2d861c5bf.jpg
d27a9788-1ea3-48ee-9c69-8c744e6eb92d,https://inaturalist-open-data.s3.amazonaws.com/photos/34197509/medium.jpg,9083,Northern Cardinal,data/new_raw/images/d27a9788-1ea3-48ee-9c69-8c744e6eb92d.jpg
5ec98033-6a83-4983-9540-8f8cc35819ac,https://static.inaturalist.org/photos/34200708/medium.jpg,447155,Gulls,data/new_raw/images/5ec98033-6a83-4983-9540-8f8cc35819ac.jpg
6962f222-38a0-4a15-8e9b-05d1b3cd34b6,https://inaturalist-open-data.s3.amazonaws.com/photos/34202096/medium.jpg,7089,Canada Goose,data/new_raw/images/6962f222-38a0-4a15-8e9b-05d1b3cd34b6.jpg
e86cda36-5e4d-4ffd-9ce8-656de4fafeeb,https://inaturalist-open-data.s3.amazonaws.com/photos/34203293/medium.jpeg,6996,Red-breasted Merganser,data/new_raw/images/e86cda36-5e4d-4ffd-9ce8-656de4fafeeb.jpg
4fd62362-bbc9-4da9-b35d-2bc7c02d20be,https://inaturalist-open-data.s3.amazonaws.com/photos/34700675/medium.jpeg,9744,Red-winged Blackbird,data/new_raw/images/4fd62362-bbc9-4da9-b35d-2bc7c02d20be.jpg
97801d9f-dc1d-4110-95b6-e5980cac6273,https://inaturalist-open-data.s3.amazonaws.com/photos/34211658/medium.jpg,7089,Canada Goose,data/new_raw/images/97801d9f-dc1d-4110-95b6-e5980cac6273.jpg
38986b6e-bc48-4866-a59d-9dbde3dae471,https://static.inaturalist.org/photos/34223941/medium.jpeg,12727,American Robin,data/new_raw/images/38986b6e-bc48-4866-a59d-9dbde3dae471.jpg
03394b5a-ce39-41b8-9f13-59b2e94995a2,https://static.inaturalist.org/photos/34220808/medium.jpeg,8021,American Crow,data/new_raw/images/03394b5a-ce39-41b8-9f13-59b2e94995a2.jpg
af56b086-51f7-4239-a8ec-7c40b0ee119b,https://static.inaturalist.org/photos/34249011/medium.jpeg,9602,Common Grackle,data/new_raw/images/af56b086-51f7-4239-a8ec-7c40b0ee119b.jpg
215a66ad-4f41-4c60-916c-e24303b5eb3d,https://inaturalist-open-data.s3.amazonaws.com/photos/34225477/medium.jpg,12727,American Robin,data/new_raw/images/215a66ad-4f41-4c60-916c-e24303b5eb3d.jpg
f0c32749-b6e2-4406-a362-763cbf780ee3,https://static.inaturalist.org/photos/34232648/medium.jpg,6930,Mallard,data/new_raw/images/f0c32749-b6e2-4406-a362-763cbf780ee3.jpg
e37d0a33-42ae-4543-af54-5459dba039f5,https://static.inaturalist.org/photos/34232724/medium.jpg,7089,Canada Goose,data/new_raw/images/e37d0a33-42ae-4543-af54-5459dba039f5.jpg
c3eca8d9-049d-4d1c-92a6-2f85e2abab1b,https://static.inaturalist.org/photos/34233394/medium.jpg,9602,Common Grackle,data/new_raw/images/c3eca8d9-049d-4d1c-92a6-2f85e2abab1b.jpg
2435e8f6-1947-4737-aa97-b2ea8ca38b71,https://static.inaturalist.org/photos/34234012/medium.jpg,9602,Common Grackle,data/new_raw/images/2435e8f6-1947-4737-aa97-b2ea8ca38b71.jpg
1aaaccaf-5eab-4e32-9b30-6952ed6847dd,https://static.inaturalist.org/photos/34234576/medium.jpg,13858,House Sparrow,data/new_raw/images/1aaaccaf-5eab-4e32-9b30-6952ed6847dd.jpg
b23f13d5-9d3a-4e44-8e7c-a883e2db5675,https://static.inaturalist.org/photos/34234546/medium.jpg,13858,House Sparrow,data/new_raw/images/b23f13d5-9d3a-4e44-8e7c-a883e2db5675.jpg
ad97f5b5-a9b8-4145-bd99-d5c148ea0a00,https://static.inaturalist.org/photos/34235636/medium.jpg,1428,Helmeted Guineafowl,data/new_raw/images/ad97f5b5-a9b8-4145-bd99-d5c148ea0a00.jpg
f5571562-3937-4f7b-b1e0-74291366fd1b,https://inaturalist-open-data.s3.amazonaws.com/photos/34236493/medium.jpg,42223,White-tailed Deer,data/new_raw/images/f5571562-3937-4f7b-b1e0-74291366fd1b.jpg
2c128731-e59a-461e-849d-227b66684e22,https://inaturalist-open-data.s3.amazonaws.com/photos/34236586/medium.jpg,20044,Great Horned Owl,data/new_raw/images/2c128731-e59a-461e-849d-227b66684e22.jpg
02c69ae9-fd74-4fc5-b2e4-b282a081f503,https://static.inaturalist.org/photos/34237474/medium.jpg,12727,American Robin,data/new_raw/images/02c69ae9-fd74-4fc5-b2e4-b282a081f503.jpg
b804df34-bbf7-4103-8c2a-d37d089b9052,https://static.inaturalist.org/photos/34237507/medium.jpg,12727,American Robin,data/new_raw/images/b804df34-bbf7-4103-8c2a-d37d089b9052.jpg
f9398ee7-4ef3-48d2-a943-cb365fb67441,https://static.inaturalist.org/photos/34237518/medium.jpg,9744,Red-winged Blackbird,data/new_raw/images/f9398ee7-4ef3-48d2-a943-cb365fb67441.jpg
e83c6c33-59f7-4ed8-a33b-8bf585edb1fa,https://static.inaturalist.org/photos/34237536/medium.jpg,9744,Red-winged Blackbird,data/new_raw/images/e83c6c33-59f7-4ed8-a33b-8bf585edb1fa.jpg
49a9c6d0-a9bd-436b-85a1-12ac86cc32cf,https://static.inaturalist.org/photos/34239265/medium.jpg,144815,Black-capped Chickadee,data/new_raw/images/49a9c6d0-a9bd-436b-85a1-12ac86cc32cf.jpg
2df5e8de-355d-4eb5-8927-623b5c8af711,https://static.inaturalist.org/photos/34239603/medium.jpg,11935,Tree Swallow,data/new_raw/images/2df5e8de-355d-4eb5-8927-623b5c8af711.jpg
602aa010-ba45-4d4b-b4ff-e838a682b2bf,https://static.inaturalist.org/photos/34239663/medium.jpg,11935,Tree Swallow,data/new_raw/images/602aa010-ba45-4d4b-b4ff-e838a682b2bf.jpg
1e7103e7-fd20-4848-8639-b342b69924b5,https://static.inaturalist.org/photos/34239764/medium.jpg,4364,Ring-billed Gull,data/new_raw/images/1e7103e7-fd20-4848-8639-b342b69924b5.jpg
108960b7-9b92-4bd5-912a-480087930082,https://static.inaturalist.org/photos/34239864/medium.jpg,4793,Killdeer,data/new_raw/images/108960b7-9b92-4bd5-912a-480087930082.jpg
e8339a82-3361-4e41-9f8c-4644ce55ea87,https://static.inaturalist.org/photos/34241905/medium.jpg,9602,Common Grackle,data/new_raw/images/e8339a82-3361-4e41-9f8c-4644ce55ea87.jpg
b477118c-ccc8-47eb-9f8a-499469fd89bd,https://static.inaturalist.org/photos/34241939/medium.jpg,13858,House Sparrow,data/new_raw/images/b477118c-ccc8-47eb-9f8a-499469fd89bd.jpg
d1adf1ee-838f-442b-b0c8-b18e20e1bab5,https://static.inaturalist.org/photos/34241984/medium.jpg,9602,Common Grackle,data/new_raw/images/d1adf1ee-838f-442b-b0c8-b18e20e1bab5.jpg
2645959c-ccfb-4328-8a99-4b0ef4b22ea1,https://static.inaturalist.org/photos/34242097/medium.jpg,9744,Red-winged Blackbird,data/new_raw/images/2645959c-ccfb-4328-8a99-4b0ef4b22ea1.jpg
5a9909c7-4e81-4415-aa17-6c6abb82a45c,https://static.inaturalist.org/photos/34242242/medium.jpg,12727,American Robin,data/new_raw/images/5a9909c7-4e81-4415-aa17-6c6abb82a45c.jpg
97a11026-1246-4bf3-a013-968a814890ec,https://static.inaturalist.org/photos/34242373/medium.jpg,9602,Common Grackle,data/new_raw/images/97a11026-1246-4bf3-a013-968a814890ec.jpg
5a2e41ab-0f59-4f57-a3b6-1b72b85850d1,https://inaturalist-open-data.s3.amazonaws.com/photos/34245782/medium.jpg,5212,Red-tailed Hawk,data/new_raw/images/5a2e41ab-0f59-4f57-a3b6-1b72b85850d1.jpg
c8b7a7f4-bf4d-4576-9cdf-a2b94542410c,https://static.inaturalist.org/photos/34271495/medium.jpeg,7089,Canada Goose,data/new_raw/images/c8b7a7f4-bf4d-4576-9cdf-a2b94542410c.jpg
64eea92f-d4e8-43e0-b319-f50b04b253f9,https://static.inaturalist.org/photos/34271841/medium.jpeg,9744,Red-winged Blackbird,data/new_raw/images/64eea92f-d4e8-43e0-b319-f50b04b253f9.jpg
a9fb8a57-a4cb-4646-94af-3c68035521c9,https://static.inaturalist.org/photos/34271963/medium.jpeg,9602,Common Grackle,data/new_raw/images/a9fb8a57-a4cb-4646-94af-3c68035521c9.jpg
882b72ac-cde6-4cc8-9213-0abcc8484191,https://static.inaturalist.org/photos/34272256/medium.jpeg,9083,Northern Cardinal,data/new_raw/images/882b72ac-cde6-4cc8-9213-0abcc8484191.jpg
4269cb9a-9a68-434e-b49e-d90857512b56,https://static.inaturalist.org/photos/34273147/medium.jpeg,6888,Waterfowl,data/new_raw/images/4269cb9a-9a68-434e-b49e-d90857512b56.jpg
5ac4ecd6-7c77-4bc2-b544-5d915a006f2a,https://static.inaturalist.org/photos/34274051/medium.jpeg,11935,Tree Swallow,data/new_raw/images/5ac4ecd6-7c77-4bc2-b544-5d915a006f2a.jpg
1a520a2e-9b9a-458e-b8e0-f057eee8b3b6,https://static.inaturalist.org/photos/34276687/medium.jpeg,9744,Red-winged Blackbird,data/new_raw/images/1a520a2e-9b9a-458e-b8e0-f057eee8b3b6.jpg
52ad32f3-4ad6-481a-905a-886859b98582,https://static.inaturalist.org/photos/34278907/medium.jpg,12727,American Robin,data/new_raw/images/52ad32f3-4ad6-481a-905a-886859b98582.jpg
d62468fd-7ec6-4be4-ac80-da08b2175f0c,https://static.inaturalist.org/photos/34279002/medium.jpg,6930,Mallard,data/new_raw/images/d62468fd-7ec6-4be4-ac80-da08b2175f0c.jpg
69b2969a-ab52-4a8f-bf82-b98d039c8f24,https://inaturalist-open-data.s3.amazonaws.com/photos/34280471/medium.jpeg,10094,Dark-eyed Junco,data/new_raw/images/69b2969a-ab52-4a8f-bf82-b98d039c8f24.jpg
21161af6-1953-43e6-b2a3-de1a620dffe8,https://inaturalist-open-data.s3.amazonaws.com/photos/34280643/medium.jpeg,9152,Field Sparrow,data/new_raw/images/21161af6-1953-43e6-b2a3-de1a620dffe8.jpg
f1f2d8c1-ad62-44e1-a474-93674bc403c6,https://inaturalist-open-data.s3.amazonaws.com/photos/34280721/medium.jpeg,10322,Rusty Blackbird,data/new_raw/images/f1f2d8c1-ad62-44e1-a474-93674bc403c6.jpg
7c94f292-9bb2-41d0-a4fd-9a622492e469,https://inaturalist-open-data.s3.amazonaws.com/photos/34280807/medium.jpeg,7107,Wood Duck,data/new_raw/images/7c94f292-9bb2-41d0-a4fd-9a622492e469.jpg
11f8abe9-a712-48b8-867e-226861752a6b,https://inaturalist-open-data.s3.amazonaws.com/photos/34280963/medium.jpeg,9135,Chipping Sparrow,data/new_raw/images/11f8abe9-a712-48b8-867e-226861752a6b.jpg
26ab147d-f7d4-4cb6-ba1b-ce5037f2b714,https://inaturalist-open-data.s3.amazonaws.com/photos/34281097/medium.jpeg,199840,House Finch,data/new_raw/images/26ab147d-f7d4-4cb6-ba1b-ce5037f2b714.jpg
d440f8df-ee17-4bb4-af36-6e7a2c41e994,https://inaturalist-open-data.s3.amazonaws.com/photos/34281206/medium.jpeg,9083,Northern Cardinal,data/new_raw/images/d440f8df-ee17-4bb4-af36-6e7a2c41e994.jpg
9f558829-5c5f-44db-b6f2-56ce47db733b,https://inaturalist-open-data.s3.amazonaws.com/photos/34281345/medium.jpeg,14898,Brown Thrasher,data/new_raw/images/9f558829-5c5f-44db-b6f2-56ce47db733b.jpg
6877f210-1721-41a7-bd08-aed8fa9e6702,https://inaturalist-open-data.s3.amazonaws.com/photos/34281512/medium.jpeg,9100,Song Sparrow,data/new_raw/images/6877f210-1721-41a7-bd08-aed8fa9e6702.jpg
2ae49bfa-d615-44b8-ac26-961b013c6567,https://inaturalist-open-data.s3.amazonaws.com/photos/34283235/medium.jpeg,1578489,American Herring Gull,data/new_raw/images/2ae49bfa-d615-44b8-ac26-961b013c6567.jpg
fc51bb81-c354-461c-afbb-10c70972d4ab,https://inaturalist-open-data.s3.amazonaws.com/photos/34283449/medium.jpeg,1578489,American Herring Gull,data/new_raw/images/fc51bb81-c354-461c-afbb-10c70972d4ab.jpg
784fb1f5-b988-4da8-8f01-aeaa9f988916,https://inaturalist-open-data.s3.amazonaws.com/photos/34283669/medium.jpeg,144537,Caspian Tern,data/new_raw/images/784fb1f5-b988-4da8-8f01-aeaa9f988916.jpg
0a3ccb8d-df5f-4e41-9e7e-f842172b8329,https://inaturalist-open-data.s3.amazonaws.com/photos/34283743/medium.jpeg,474210,American Tree Sparrow,data/new_raw/images/0a3ccb8d-df5f-4e41-9e7e-f842172b8329.jpg
bbaa0d74-4b7a-4e16-8d5b-e20e1416a002,https://inaturalist-open-data.s3.amazonaws.com/photos/34283900/medium.jpeg,17008,Eastern Phoebe,data/new_raw/images/bbaa0d74-4b7a-4e16-8d5b-e20e1416a002.jpg
e50d8699-ba1a-4fe9-b029-4d1826a54a22,https://inaturalist-open-data.s3.amazonaws.com/photos/34286120/medium.jpeg,7458,Brown Creeper,data/new_raw/images/e50d8699-ba1a-4fe9-b029-4d1826a54a22.jpg
d138101d-b765-40ba-afa4-703342f9266e,https://inaturalist-open-data.s3.amazonaws.com/photos/34286407/medium.jpeg,10094,Dark-eyed Junco,data/new_raw/images/d138101d-b765-40ba-afa4-703342f9266e.jpg
00158280-a40b-40c0-90b9-b183b09d679f,https://inaturalist-open-data.s3.amazonaws.com/photos/34287009/medium.jpg,8021,American Crow,data/new_raw/images/00158280-a40b-40c0-90b9-b183b09d679f.jpg
e947c2d1-90ca-43f6-a322-266b82f78c38,https://inaturalist-open-data.s3.amazonaws.com/photos/34286772/medium.jpeg,6996,Red-breasted Merganser,data/new_raw/images/e947c2d1-90ca-43f6-a322-266b82f78c38.jpg
8399f274-85e7-4ec9-bd99-771241b45321,https://inaturalist-open-data.s3.amazonaws.com/photos/34287890/medium.jpeg,117100,Golden-crowned Kinglet,data/new_raw/images/8399f274-85e7-4ec9-bd99-771241b45321.jpg
21bfb59d-ec5c-4367-aca7-ae1f74ebd5f0,https://inaturalist-open-data.s3.amazonaws.com/photos/34288117/medium.jpeg,144815,Black-capped Chickadee,data/new_raw/images/21bfb59d-ec5c-4367-aca7-ae1f74ebd5f0.jpg
d2908fcd-4f45-4f94-8a06-0b3b3c74cf6b,https://inaturalist-open-data.s3.amazonaws.com/photos/34290130/medium.jpg,4981,Black-crowned Night Heron,data/new_raw/images/d2908fcd-4f45-4f94-8a06-0b3b3c74cf6b.jpg
08113cbc-9ca0-4e7f-8a4a-01c8b701c95c,https://inaturalist-open-data.s3.amazonaws.com/photos/34290405/medium.jpeg,12942,Eastern Bluebird,data/new_raw/images/08113cbc-9ca0-4e7f-8a4a-01c8b701c95c.jpg
7d5ffe31-614f-40d3-badf-adcdce813aa8,https://static.inaturalist.org/photos/34291119/medium.jpg,7089,Canada Goose,data/new_raw/images/7d5ffe31-614f-40d3-badf-adcdce813aa8.jpg
aa086f61-3341-4bd4-b118-2aa37af72a6c,https://static.inaturalist.org/photos/34291213/medium.jpg,7089,Canada Goose,data/new_raw/images/aa086f61-3341-4bd4-b118-2aa37af72a6c.jpg
1c6a35dc-ca90-4c59-b8e1-1ed5fcc0e843,https://static.inaturalist.org/photos/34291398/medium.jpg,11989,New World Blackbirds and Orioles,data/new_raw/images/1c6a35dc-ca90-4c59-b8e1-1ed5fcc0e843.jpg
e438c245-0321-491a-815f-2cc0da7c2310,https://static.inaturalist.org/photos/34291568/medium.jpg,9744,Red-winged Blackbird,data/new_raw/images/e438c245-0321-491a-815f-2cc0da7c2310.jpg
4a5bcd90-4bbe-416c-adc3-7ba3843b0a7a,https://static.inaturalist.org/photos/34292456/medium.jpg,12727,American Robin,data/new_raw/images/4a5bcd90-4bbe-416c-adc3-7ba3843b0a7a.jpg
76cdcca2-ec70-4b4e-96d2-e27b97514871,https://static.inaturalist.org/photos/34292616/medium.jpg,9602,Common Grackle,data/new_raw/images/76cdcca2-ec70-4b4e-96d2-e27b97514871.jpg
2f4db81f-fbf1-488c-9c95-facddfda8e51,https://static.inaturalist.org/photos/34292640/medium.jpg,9602,Common Grackle,data/new_raw/images/2f4db81f-fbf1-488c-9c95-facddfda8e51.jpg
45557ddb-205f-4088-bd08-874c21c613a9,https://static.inaturalist.org/photos/34292727/medium.jpg,6930,Mallard,data/new_raw/images/45557ddb-205f-4088-bd08-874c21c613a9.jpg
d846864d-8a55-47fb-8ec4-60b73065c567,https://static.inaturalist.org/photos/34292908/medium.jpg,9744,Red-winged Blackbird,data/new_raw/images/d846864d-8a55-47fb-8ec4-60b73065c567.jpg
57ffbfc7-601b-4868-ae9b-1320e665a1ec,https://static.inaturalist.org/photos/34293100/medium.jpg,18236,Northern Flicker,data/new_raw/images/57ffbfc7-601b-4868-ae9b-1320e665a1ec.jpg
f93d13df-46a9-4afa-9284-f247cd3ec83c,https://inaturalist-open-data.s3.amazonaws.com/photos/34292871/medium.jpeg,4756,Turkey Vulture,data/new_raw/images/f93d13df-46a9-4afa-9284-f247cd3ec83c.jpg
ddd5ede3-0492-482c-bdf5-01b5acd98857,https://static.inaturalist.org/photos/34293996/medium.jpg,6930,Mallard,data/new_raw/images/ddd5ede3-0492-482c-bdf5-01b5acd98857.jpg
30ea3247-cba7-4e3b-b28b-6be9dadaa009,https://static.inaturalist.org/photos/34294204/medium.jpg,12727,American Robin,data/new_raw/images/30ea3247-cba7-4e3b-b28b-6be9dadaa009.jpg
3556b33e-5797-4723-97d4-f8fec4e3b30e,https://static.inaturalist.org/photos/34299473/medium.jpg,7458,Brown Creeper,data/new_raw/images/3556b33e-5797-4723-97d4-f8fec4e3b30e.jpg
d9f9d454-7522-42c9-9dc7-9911a721e3a6,https://inaturalist-open-data.s3.amazonaws.com/photos/34303876/medium.jpeg,117100,Golden-crowned Kinglet,data/new_raw/images/d9f9d454-7522-42c9-9dc7-9911a721e3a6.jpg
a90b1256-dd54-420f-9ddf-7baffbdae18e,https://inaturalist-open-data.s3.amazonaws.com/photos/34305011/medium.jpg,7107,Wood Duck,data/new_raw/images/a90b1256-dd54-420f-9ddf-7baffbdae18e.jpg
2c833ea9-4d95-4de1-a02e-2bbe302751fc,https://inaturalist-open-data.s3.amazonaws.com/photos/34305313/medium.jpg,6930,Mallard,data/new_raw/images/2c833ea9-4d95-4de1-a02e-2bbe302751fc.jpg
a284ff96-bce3-4592-945c-7caa51f541c3,https://static.inaturalist.org/photos/34309099/medium.jpg,1579017,Cooper's Hawk,data/new_raw/images/a284ff96-bce3-4592-945c-7caa51f541c3.jpg
99e4684f-8e47-4875-9a3f-88100ae5f8bb,https://inaturalist-open-data.s3.amazonaws.com/photos/34327162/medium.jpg,558438,Northern Shoveler,data/new_raw/images/99e4684f-8e47-4875-9a3f-88100ae5f8bb.jpg
7dab94b8-1eb5-4f7e-be8b-8495cde0e735,https://inaturalist-open-data.s3.amazonaws.com/photos/34329927/medium.jpeg,243,Virginia Rail,data/new_raw/images/7dab94b8-1eb5-4f7e-be8b-8495cde0e735.jpg
5e90c9b7-b685-4045-9812-22cf42da7909,https://inaturalist-open-data.s3.amazonaws.com/photos/34330236/medium.jpg,9602,Common Grackle,data/new_raw/images/5e90c9b7-b685-4045-9812-22cf42da7909.jpg
a3e5f09f-97f2-4ffc-b5d7-1e354e5ccdf7,https://inaturalist-open-data.s3.amazonaws.com/photos/34330415/medium.jpg,7107,Wood Duck,data/new_raw/images/a3e5f09f-97f2-4ffc-b5d7-1e354e5ccdf7.jpg
3571fafd-f327-42e3-b8be-a09981315fec,https://inaturalist-open-data.s3.amazonaws.com/photos/34332216/medium.jpg,9744,Red-winged Blackbird,data/new_raw/images/3571fafd-f327-42e3-b8be-a09981315fec.jpg
6794e1cd-b9dd-40f9-be59-741a81655617,https://inaturalist-open-data.s3.amazonaws.com/photos/34332275/medium.jpg,144815,Black-capped Chickadee,data/new_raw/images/6794e1cd-b9dd-40f9-be59-741a81655617.jpg
ba040493-6d50-4e1a-8409-918adfc79685,https://inaturalist-open-data.s3.amazonaws.com/photos/34334828/medium.jpg,43111,Eastern Cottontail,data/new_raw/images/ba040493-6d50-4e1a-8409-918adfc79685.jpg
49d4f276-a740-4983-a4b2-b908974684ef,https://inaturalist-open-data.s3.amazonaws.com/photos/34360115/medium.jpeg,4793,Killdeer,data/new_raw/images/49d4f276-a740-4983-a4b2-b908974684ef.jpg
5d2ab64e-373c-413e-8f3b-58077cafab7a,https://inaturalist-open-data.s3.amazonaws.com/photos/34360646/medium.jpeg,792988,Downy Woodpecker,data/new_raw/images/5d2ab64e-373c-413e-8f3b-58077cafab7a.jpg
46080c12-a78f-495c-a0e6-e026577791db,https://static.inaturalist.org/photos/34365002/medium.jpeg,13858,House Sparrow,data/new_raw/images/46080c12-a78f-495c-a0e6-e026577791db.jpg
a12b8b75-a57f-490d-a5e9-80bb9e94b679,https://inaturalist-open-data.s3.amazonaws.com/photos/34374950/medium.jpg,13858,House Sparrow,data/new_raw/images/a12b8b75-a57f-490d-a5e9-80bb9e94b679.jpg
cdeeb499-1784-402b-a7a1-d0db9104643d,https://static.inaturalist.org/photos/34385057/medium.jpeg,10094,Dark-eyed Junco,data/new_raw/images/cdeeb499-1784-402b-a7a1-d0db9104643d.jpg
4c810f30-4420-4b73-87b1-a9dc3628153d,https://static.inaturalist.org/photos/34385223/medium.jpeg,8021,American Crow,data/new_raw/images/4c810f30-4420-4b73-87b1-a9dc3628153d.jpg
35bbe513-90ed-4256-9e33-bdb9d5fe8fc5,https://static.inaturalist.org/photos/34386065/medium.jpg,4343,Large White-headed Gulls,data/new_raw/images/35bbe513-90ed-4256-9e33-bdb9d5fe8fc5.jpg
7a3de6b5-1a35-4618-8f2a-028c100f3873,https://static.inaturalist.org/photos/34386493/medium.jpg,122767,Feral Pigeon,data/new_raw/images/7a3de6b5-1a35-4618-8f2a-028c100f3873.jpg
52e0741e-4e0a-46f0-bcab-6992fea724e9,https://static.inaturalist.org/photos/34396680/medium.jpg,12727,American Robin,data/new_raw/images/52e0741e-4e0a-46f0-bcab-6992fea724e9.jpg
1e0e0f4e-17b7-41aa-b58a-24bf346ccb4f,https://inaturalist-open-data.s3.amazonaws.com/photos/34401989/medium.jpg,4665,American Kestrel,data/new_raw/images/1e0e0f4e-17b7-41aa-b58a-24bf346ccb4f.jpg
43cb9208-90af-4889-ac28-c9c39f2647bc,https://inaturalist-open-data.s3.amazonaws.com/photos/34402018/medium.jpg,117100,Golden-crowned Kinglet,data/new_raw/images/43cb9208-90af-4889-ac28-c9c39f2647bc.jpg